Label:, CH1-2: é¸îgêîâûìöä÷êî
DateTime:, Thu Feb 08 16:38:01 2018
DataKind:, CH1-2, FRF, Mag
DataPoints:, 1601
DataCalc:, H1
Frequency:, 0.000 , 4000.000, Hz
Sample:, 4096, Internal
Average:, 3, Power/Sum
Voltage(CH1):, -20.000, dBVrms
Voltage(CH2):, -10.000, dBVrms
EU/V(CH1):, 3.757E+001
EU/V(CH2):, 1.088E+003
Window(CH1):, Rect
Window(CH2):, Rect
X-AxisScale:, Lin
X-AxisUnit:, Hz
Y-AxisScale:, Log
Y-AxisUnit:, m/s2/N
Y-AxisMagniude:
0.00000000E+000, 2.94020242E+001
2.50000000E+000, 6.93688930E+000
5.00000000E+000, -2.14580200E+000
7.50000000E+000, 8.65917342E-001
1.00000000E+001, 1.51222930E+000
1.25000000E+001, 3.83070466E+000
1.50000000E+001, 2.85805917E-001
1.75000000E+001, -5.49904850E+000
2.00000000E+001, 4.83014089E+000
2.25000000E+001, -1.76704750E+000
2.50000000E+001, 3.66156342E+000
2.75000000E+001, 2.44188287E+000
3.00000000E+001, -5.67382943E+000
3.25000000E+001, -9.34219388E-001
3.50000000E+001, -2.89433018E-001
3.75000000E+001, 4.14457340E-001
4.00000000E+001, 2.55277671E+000
4.25000000E+001, -2.37170486E+000
4.50000000E+001, 3.37665434E+000
4.75000000E+001, 2.73269216E+000
5.00000000E+001, 1.93053291E+000
5.25000000E+001, -1.84021927E+000
5.50000000E+001, 4.76343911E+000
5.75000000E+001, 5.18780901E+000
6.00000000E+001, 7.59211436E+000
6.25000000E+001, 6.85349111E+000
6.50000000E+001, 9.52026780E+000
6.75000000E+001, 6.01596178E+000
7.00000000E+001, 8.48915033E+000
7.25000000E+001, 9.25305012E+000
7.50000000E+001, 8.92374331E+000
7.75000000E+001, 9.49570047E+000
8.00000000E+001, 9.82317843E+000
8.25000000E+001, 1.25537659E+001
8.50000000E+001, 1.16103533E+001
8.75000000E+001, 1.17300704E+001
9.00000000E+001, 1.29733357E+001
9.25000000E+001, 1.39313493E+001
9.50000000E+001, 1.36544854E+001
9.75000000E+001, 1.39747612E+001
1.00000000E+002, 1.50830173E+001
1.02500000E+002, 1.62194244E+001
1.05000000E+002, 1.62031362E+001
1.07500000E+002, 1.75552192E+001
1.10000000E+002, 1.83189565E+001
1.12500000E+002, 1.78810559E+001
1.15000000E+002, 1.92280580E+001
1.17500000E+002, 2.12193326E+001
1.20000000E+002, 2.46159331E+001
1.22500000E+002, 2.59020278E+001
1.25000000E+002, 2.77095938E+001
1.27500000E+002, 2.92141027E+001
1.30000000E+002, 3.09288450E+001
1.32500000E+002, 3.29427622E+001
1.35000000E+002, 3.55880085E+001
1.37500000E+002, 3.88953805E+001
1.40000000E+002, 4.43755747E+001
1.42500000E+002, 5.88440945E+001
1.45000000E+002, 4.53298197E+001
1.47500000E+002, 3.93525036E+001
1.50000000E+002, 3.65336003E+001
1.52500000E+002, 3.45191159E+001
1.55000000E+002, 3.28831490E+001
1.57500000E+002, 3.13533619E+001
1.60000000E+002, 3.02766002E+001
1.62500000E+002, 2.91754282E+001
1.65000000E+002, 2.82977550E+001
1.67500000E+002, 2.76988324E+001
1.70000000E+002, 2.68306189E+001
1.72500000E+002, 2.66256700E+001
1.75000000E+002, 2.57493814E+001
1.77500000E+002, 2.54716232E+001
1.80000000E+002, 2.50689879E+001
1.82500000E+002, 2.48299102E+001
1.85000000E+002, 2.44229681E+001
1.87500000E+002, 2.36657579E+001
1.90000000E+002, 2.37040521E+001
1.92500000E+002, 2.31729136E+001
1.95000000E+002, 2.26950685E+001
1.97500000E+002, 2.26744116E+001
2.00000000E+002, 2.17720292E+001
2.02500000E+002, 2.26092770E+001
2.05000000E+002, 2.19851190E+001
2.07500000E+002, 2.15359326E+001
2.10000000E+002, 2.16892243E+001
2.12500000E+002, 2.14222568E+001
2.15000000E+002, 2.13576249E+001
2.17500000E+002, 2.13562518E+001
2.20000000E+002, 2.08409913E+001
2.22500000E+002, 2.09331040E+001
2.25000000E+002, 2.06363125E+001
2.27500000E+002, 2.07639059E+001
2.30000000E+002, 2.04343025E+001
2.32500000E+002, 1.99612477E+001
2.35000000E+002, 1.93104603E+001
2.37500000E+002, 1.98760335E+001
2.40000000E+002, 1.97192543E+001
2.42500000E+002, 1.90563150E+001
2.45000000E+002, 1.88149832E+001
2.47500000E+002, 1.90248047E+001
2.50000000E+002, 1.89045068E+001
2.52500000E+002, 1.86543046E+001
2.55000000E+002, 1.84290086E+001
2.57500000E+002, 1.76916911E+001
2.60000000E+002, 1.82115267E+001
2.62500000E+002, 1.78843774E+001
2.65000000E+002, 1.74431674E+001
2.67500000E+002, 1.72021172E+001
2.70000000E+002, 1.72238484E+001
2.72500000E+002, 1.67658837E+001
2.75000000E+002, 1.66281149E+001
2.77500000E+002, 1.71888325E+001
2.80000000E+002, 1.58098674E+001
2.82500000E+002, 1.57473967E+001
2.85000000E+002, 1.50931693E+001
2.87500000E+002, 1.54882812E+001
2.90000000E+002, 1.49370738E+001
2.92500000E+002, 1.46691567E+001
2.95000000E+002, 1.45975203E+001
2.97500000E+002, 1.26442376E+001
3.00000000E+002, 1.35484440E+001
3.02500000E+002, 1.24869074E+001
3.05000000E+002, 1.23305061E+001
3.07500000E+002, 1.21405548E+001
3.10000000E+002, 1.18502830E+001
3.12500000E+002, 9.53322526E+000
3.15000000E+002, 8.93115470E+000
3.17500000E+002, 8.32833048E+000
3.20000000E+002, 8.38216388E+000
3.22500000E+002, 6.67980114E+000
3.25000000E+002, 6.02628179E+000
3.27500000E+002, 3.39950476E+000
3.30000000E+002, 2.54118836E+000
3.32500000E+002, 1.24459375E+000
3.35000000E+002, -2.46302203E+000
3.37500000E+002, -5.15888480E+000
3.40000000E+002, -9.59971530E+000
3.42500000E+002, -2.71245367E+000
3.45000000E+002, 1.63843892E+000
3.47500000E+002, 4.93219287E+000
3.50000000E+002, 6.01301725E+000
3.52500000E+002, 8.24264538E+000
3.55000000E+002, 9.28258758E+000
3.57500000E+002, 1.04467285E+001
3.60000000E+002, 1.16738058E+001
3.62500000E+002, 1.30579130E+001
3.65000000E+002, 1.43982722E+001
3.67500000E+002, 1.45020183E+001
3.70000000E+002, 1.56063732E+001
3.72500000E+002, 1.61012997E+001
3.75000000E+002, 1.70120114E+001
3.77500000E+002, 1.79464674E+001
3.80000000E+002, 1.87818699E+001
3.82500000E+002, 1.90725064E+001
3.85000000E+002, 1.98171830E+001
3.87500000E+002, 2.00086629E+001
3.90000000E+002, 2.11199115E+001
3.92500000E+002, 2.16647934E+001
3.95000000E+002, 2.24324956E+001
3.97500000E+002, 2.28883619E+001
4.00000000E+002, 2.32140596E+001
4.02500000E+002, 2.41287534E+001
4.05000000E+002, 2.41693042E+001
4.07500000E+002, 2.51118934E+001
4.10000000E+002, 2.54678297E+001
4.12500000E+002, 2.59360529E+001
4.15000000E+002, 2.62024725E+001
4.17500000E+002, 2.66668253E+001
4.20000000E+002, 2.71613775E+001
4.22500000E+002, 2.76504808E+001
4.25000000E+002, 2.78623297E+001
4.27500000E+002, 2.83593224E+001
4.30000000E+002, 2.88266403E+001
4.32500000E+002, 2.94131820E+001
4.35000000E+002, 2.97473876E+001
4.37500000E+002, 3.02059968E+001
4.40000000E+002, 3.08628799E+001
4.42500000E+002, 3.12758281E+001
4.45000000E+002, 3.18039794E+001
4.47500000E+002, 3.23899179E+001
4.50000000E+002, 3.27952183E+001
4.52500000E+002, 3.32760475E+001
4.55000000E+002, 3.39532272E+001
4.57500000E+002, 3.42287357E+001
4.60000000E+002, 3.47842451E+001
4.62500000E+002, 3.50490206E+001
4.65000000E+002, 3.55510103E+001
4.67500000E+002, 3.59719721E+001
4.70000000E+002, 3.63017507E+001
4.72500000E+002, 3.67561712E+001
4.75000000E+002, 3.73222821E+001
4.77500000E+002, 3.78898192E+001
4.80000000E+002, 3.84386183E+001
4.82500000E+002, 3.90651310E+001
4.85000000E+002, 3.96767574E+001
4.87500000E+002, 4.04554824E+001
4.90000000E+002, 4.14392591E+001
4.92500000E+002, 4.23968793E+001
4.95000000E+002, 4.32191540E+001
4.97500000E+002, 4.36919411E+001
5.00000000E+002, 4.41904076E+001
5.02500000E+002, 4.48948046E+001
5.05000000E+002, 4.57475047E+001
5.07500000E+002, 4.67567608E+001
5.10000000E+002, 4.79318780E+001
5.12500000E+002, 4.94471953E+001
5.15000000E+002, 5.09305457E+001
5.17500000E+002, 5.27247535E+001
5.20000000E+002, 5.52194252E+001
5.22500000E+002, 5.81830228E+001
5.25000000E+002, 6.24043398E+001
5.27500000E+002, 7.01638827E+001
5.30000000E+002, 7.49152513E+001
5.32500000E+002, 6.46471535E+001
5.35000000E+002, 5.97974977E+001
5.37500000E+002, 5.67707237E+001
5.40000000E+002, 5.44081117E+001
5.42500000E+002, 5.26872821E+001
5.45000000E+002, 5.14673233E+001
5.47500000E+002, 5.01321299E+001
5.50000000E+002, 4.93205476E+001
5.52500000E+002, 4.83784347E+001
5.55000000E+002, 4.76712431E+001
5.57500000E+002, 4.68565530E+001
5.60000000E+002, 4.64050131E+001
5.62500000E+002, 4.59232351E+001
5.65000000E+002, 4.53028676E+001
5.67500000E+002, 4.49447903E+001
5.70000000E+002, 4.46742076E+001
5.72500000E+002, 4.40156137E+001
5.75000000E+002, 4.35515370E+001
5.77500000E+002, 4.32801969E+001
5.80000000E+002, 4.28077505E+001
5.82500000E+002, 4.24427664E+001
5.85000000E+002, 4.21081301E+001
5.87500000E+002, 4.16933883E+001
5.90000000E+002, 4.13868821E+001
5.92500000E+002, 4.12258824E+001
5.95000000E+002, 4.08854717E+001
5.97500000E+002, 4.05329720E+001
6.00000000E+002, 4.02517861E+001
6.02500000E+002, 4.00947293E+001
6.05000000E+002, 3.99470650E+001
6.07500000E+002, 3.96634980E+001
6.10000000E+002, 3.95451678E+001
6.12500000E+002, 3.94941703E+001
6.15000000E+002, 3.92191178E+001
6.17500000E+002, 3.91895677E+001
6.20000000E+002, 3.88644928E+001
6.22500000E+002, 3.84448333E+001
6.25000000E+002, 3.84625449E+001
6.27500000E+002, 3.83449810E+001
6.30000000E+002, 3.81788218E+001
6.32500000E+002, 3.80918558E+001
6.35000000E+002, 3.79753424E+001
6.37500000E+002, 3.78556731E+001
6.40000000E+002, 3.75954480E+001
6.42500000E+002, 3.75593657E+001
6.45000000E+002, 3.74966281E+001
6.47500000E+002, 3.71919922E+001
6.50000000E+002, 3.73421681E+001
6.52500000E+002, 3.69676644E+001
6.55000000E+002, 3.68662008E+001
6.57500000E+002, 3.68834364E+001
6.60000000E+002, 3.68410779E+001
6.62500000E+002, 3.68451870E+001
6.65000000E+002, 3.66940742E+001
6.67500000E+002, 3.67412306E+001
6.70000000E+002, 3.65087070E+001
6.72500000E+002, 3.65343441E+001
6.75000000E+002, 3.64466324E+001
6.77500000E+002, 3.64017125E+001
6.80000000E+002, 3.63379633E+001
6.82500000E+002, 3.63373724E+001
6.85000000E+002, 3.62053410E+001
6.87500000E+002, 3.61789973E+001
6.90000000E+002, 3.62122113E+001
6.92500000E+002, 3.60492583E+001
6.95000000E+002, 3.59982038E+001
6.97500000E+002, 3.60000262E+001
7.00000000E+002, 3.60609526E+001
7.02500000E+002, 3.59453333E+001
7.05000000E+002, 3.59669141E+001
7.07500000E+002, 3.59134889E+001
7.10000000E+002, 3.58773075E+001
7.12500000E+002, 3.58460747E+001
7.15000000E+002, 3.58544536E+001
7.17500000E+002, 3.59381343E+001
7.20000000E+002, 3.58482972E+001
7.22500000E+002, 3.59755283E+001
7.25000000E+002, 3.59086607E+001
7.27500000E+002, 3.59843876E+001
7.30000000E+002, 3.60118254E+001
7.32500000E+002, 3.58636997E+001
7.35000000E+002, 3.59005774E+001
7.37500000E+002, 3.58509043E+001
7.40000000E+002, 3.58708080E+001
7.42500000E+002, 3.59607517E+001
7.45000000E+002, 3.60511068E+001
7.47500000E+002, 3.59473570E+001
7.50000000E+002, 3.60228024E+001
7.52500000E+002, 3.61162326E+001
7.55000000E+002, 3.61001267E+001
7.57500000E+002, 3.60853812E+001
7.60000000E+002, 3.61352274E+001
7.62500000E+002, 3.61108932E+001
7.65000000E+002, 3.62799872E+001
7.67500000E+002, 3.63463778E+001
7.70000000E+002, 3.62585412E+001
7.72500000E+002, 3.63138505E+001
7.75000000E+002, 3.64812969E+001
7.77500000E+002, 3.64863917E+001
7.80000000E+002, 3.64478169E+001
7.82500000E+002, 3.66602540E+001
7.85000000E+002, 3.67457066E+001
7.87500000E+002, 3.68550456E+001
7.90000000E+002, 3.70983354E+001
7.92500000E+002, 3.72002037E+001
7.95000000E+002, 3.71346741E+001
7.97500000E+002, 3.72511034E+001
8.00000000E+002, 3.74814088E+001
8.02500000E+002, 3.73823603E+001
8.05000000E+002, 3.75179116E+001
8.07500000E+002, 3.77368787E+001
8.10000000E+002, 3.78118830E+001
8.12500000E+002, 3.79856069E+001
8.15000000E+002, 3.81580687E+001
8.17500000E+002, 3.83341424E+001
8.20000000E+002, 3.84958084E+001
8.22500000E+002, 3.87522279E+001
8.25000000E+002, 3.91456947E+001
8.27500000E+002, 3.92197199E+001
8.30000000E+002, 3.94604696E+001
8.32500000E+002, 3.99721282E+001
8.35000000E+002, 4.01787956E+001
8.37500000E+002, 4.09516060E+001
8.40000000E+002, 4.10780743E+001
8.42500000E+002, 4.16718261E+001
8.45000000E+002, 4.22156302E+001
8.47500000E+002, 4.27256816E+001
8.50000000E+002, 4.34489497E+001
8.52500000E+002, 4.43175283E+001
8.55000000E+002, 4.55356911E+001
8.57500000E+002, 4.67237501E+001
8.60000000E+002, 4.83569548E+001
8.62500000E+002, 5.05861046E+001
8.65000000E+002, 5.31279961E+001
8.67500000E+002, 5.50273971E+001
8.70000000E+002, 5.37510782E+001
8.72500000E+002, 5.02574954E+001
8.75000000E+002, 4.69320386E+001
8.77500000E+002, 4.43015984E+001
8.80000000E+002, 4.17854337E+001
8.82500000E+002, 3.97851874E+001
8.85000000E+002, 3.75759099E+001
8.87500000E+002, 3.60178412E+001
8.90000000E+002, 3.40369228E+001
8.92500000E+002, 3.26878415E+001
8.95000000E+002, 3.09570462E+001
8.97500000E+002, 2.89881995E+001
9.00000000E+002, 2.77179971E+001
9.02500000E+002, 2.56565192E+001
9.05000000E+002, 2.40911062E+001
9.07500000E+002, 2.17149211E+001
9.10000000E+002, 1.98867526E+001
9.12500000E+002, 1.71001220E+001
9.15000000E+002, 1.34431499E+001
9.17500000E+002, 8.39187568E+000
9.20000000E+002, 5.59198712E+000
9.22500000E+002, 6.61662840E+000
9.25000000E+002, 8.52647573E+000
9.27500000E+002, 1.20764005E+001
9.30000000E+002, 1.44189452E+001
9.32500000E+002, 1.63751417E+001
9.35000000E+002, 1.77784333E+001
9.37500000E+002, 1.84748903E+001
9.40000000E+002, 1.92392709E+001
9.42500000E+002, 1.97560758E+001
9.45000000E+002, 2.07974838E+001
9.47500000E+002, 2.10719516E+001
9.50000000E+002, 2.16789812E+001
9.52500000E+002, 2.20777207E+001
9.55000000E+002, 2.24019297E+001
9.57500000E+002, 2.26472986E+001
9.60000000E+002, 2.33141410E+001
9.62500000E+002, 2.31693043E+001
9.65000000E+002, 2.36708320E+001
9.67500000E+002, 2.40521321E+001
9.70000000E+002, 2.40523800E+001
9.72500000E+002, 2.42766102E+001
9.75000000E+002, 2.44572461E+001
9.77500000E+002, 2.46794444E+001
9.80000000E+002, 2.46613031E+001
9.82500000E+002, 2.49833252E+001
9.85000000E+002, 2.51084054E+001
9.87500000E+002, 2.52044859E+001
9.90000000E+002, 2.51173828E+001
9.92500000E+002, 2.53927233E+001
9.95000000E+002, 2.55315792E+001
9.97500000E+002, 2.58010756E+001
1.00000000E+003, 2.58915663E+001
1.00250000E+003, 2.60494379E+001
1.00500000E+003, 2.60651860E+001
1.00750000E+003, 2.60375714E+001
1.01000000E+003, 2.61490397E+001
1.01250000E+003, 2.63540235E+001
1.01500000E+003, 2.64846796E+001
1.01750000E+003, 2.64579672E+001
1.02000000E+003, 2.64722984E+001
1.02250000E+003, 2.66977782E+001
1.02500000E+003, 2.68489221E+001
1.02750000E+003, 2.68934510E+001
1.03000000E+003, 2.70458850E+001
1.03250000E+003, 2.70603201E+001
1.03500000E+003, 2.70916257E+001
1.03750000E+003, 2.73271065E+001
1.04000000E+003, 2.73581602E+001
1.04250000E+003, 2.75042232E+001
1.04500000E+003, 2.75269849E+001
1.04750000E+003, 2.76897561E+001
1.05000000E+003, 2.77162910E+001
1.05250000E+003, 2.76655530E+001
1.05500000E+003, 2.77030805E+001
1.05750000E+003, 2.78424115E+001
1.06000000E+003, 2.78585549E+001
1.06250000E+003, 2.78584017E+001
1.06500000E+003, 2.79368950E+001
1.06750000E+003, 2.79843723E+001
1.07000000E+003, 2.81949220E+001
1.07250000E+003, 2.81160842E+001
1.07500000E+003, 2.81884998E+001
1.07750000E+003, 2.82247464E+001
1.08000000E+003, 2.81442717E+001
1.08250000E+003, 2.82019276E+001
1.08500000E+003, 2.82918080E+001
1.08750000E+003, 2.82538067E+001
1.09000000E+003, 2.84615473E+001
1.09250000E+003, 2.83689843E+001
1.09500000E+003, 2.83718964E+001
1.09750000E+003, 2.84368366E+001
1.10000000E+003, 2.83632555E+001
1.10250000E+003, 2.85394703E+001
1.10500000E+003, 2.84995249E+001
1.10750000E+003, 2.84900282E+001
1.11000000E+003, 2.85670577E+001
1.11250000E+003, 2.85966757E+001
1.11500000E+003, 2.85716377E+001
1.11750000E+003, 2.86417367E+001
1.12000000E+003, 2.86470651E+001
1.12250000E+003, 2.86946263E+001
1.12500000E+003, 2.86839325E+001
1.12750000E+003, 2.87493210E+001
1.13000000E+003, 2.87563560E+001
1.13250000E+003, 2.87929158E+001
1.13500000E+003, 2.88262343E+001
1.13750000E+003, 2.87663235E+001
1.14000000E+003, 2.88557826E+001
1.14250000E+003, 2.88089555E+001
1.14500000E+003, 2.88353980E+001
1.14750000E+003, 2.88766654E+001
1.15000000E+003, 2.87834718E+001
1.15250000E+003, 2.88432247E+001
1.15500000E+003, 2.89024048E+001
1.15750000E+003, 2.89328610E+001
1.16000000E+003, 2.89410849E+001
1.16250000E+003, 2.90679358E+001
1.16500000E+003, 2.89107788E+001
1.16750000E+003, 2.88480293E+001
1.17000000E+003, 2.89994037E+001
1.17250000E+003, 2.89032689E+001
1.17500000E+003, 2.90177882E+001
1.17750000E+003, 2.89805760E+001
1.18000000E+003, 2.88993116E+001
1.18250000E+003, 2.90073947E+001
1.18500000E+003, 2.91664405E+001
1.18750000E+003, 2.90443292E+001
1.19000000E+003, 2.92339029E+001
1.19250000E+003, 2.91831785E+001
1.19500000E+003, 2.90403662E+001
1.19750000E+003, 2.89919720E+001
1.20000000E+003, 2.90951281E+001
1.20250000E+003, 2.90698743E+001
1.20500000E+003, 2.90842601E+001
1.20750000E+003, 2.90083001E+001
1.21000000E+003, 2.89492969E+001
1.21250000E+003, 2.90503335E+001
1.21500000E+003, 2.91789083E+001
1.21750000E+003, 2.90840870E+001
1.22000000E+003, 2.89244144E+001
1.22250000E+003, 2.91486640E+001
1.22500000E+003, 2.90484024E+001
1.22750000E+003, 2.91387630E+001
1.23000000E+003, 2.91277129E+001
1.23250000E+003, 2.90672708E+001
1.23500000E+003, 2.90908677E+001
1.23750000E+003, 2.90998747E+001
1.24000000E+003, 2.90916961E+001
1.24250000E+003, 2.90539483E+001
1.24500000E+003, 2.90892544E+001
1.24750000E+003, 2.91268479E+001
1.25000000E+003, 2.90675823E+001
1.25250000E+003, 2.89957011E+001
1.25500000E+003, 2.90942119E+001
1.25750000E+003, 2.89362545E+001
1.26000000E+003, 2.91132732E+001
1.26250000E+003, 2.91460550E+001
1.26500000E+003, 2.90546206E+001
1.26750000E+003, 2.90795616E+001
1.27000000E+003, 2.91498944E+001
1.27250000E+003, 2.90661650E+001
1.27500000E+003, 2.91022613E+001
1.27750000E+003, 2.90616169E+001
1.28000000E+003, 2.90795511E+001
1.28250000E+003, 2.90975260E+001
1.28500000E+003, 2.91018010E+001
1.28750000E+003, 2.91297966E+001
1.29000000E+003, 2.91965812E+001
1.29250000E+003, 2.90632037E+001
1.29500000E+003, 2.90634885E+001
1.29750000E+003, 2.91204189E+001
1.30000000E+003, 2.91374212E+001
1.30250000E+003, 2.90488608E+001
1.30500000E+003, 2.91452922E+001
1.30750000E+003, 2.91393399E+001
1.31000000E+003, 2.90743777E+001
1.31250000E+003, 2.90249084E+001
1.31500000E+003, 2.90266019E+001
1.31750000E+003, 2.89910676E+001
1.32000000E+003, 2.91012745E+001
1.32250000E+003, 2.90120671E+001
1.32500000E+003, 2.89578641E+001
1.32750000E+003, 2.88877836E+001
1.33000000E+003, 2.87845949E+001
1.33250000E+003, 2.85936676E+001
1.33500000E+003, 2.82081923E+001
1.33750000E+003, 2.70610777E+001
1.34000000E+003, 3.17993324E+001
1.34250000E+003, 3.05054108E+001
1.34500000E+003, 3.02136542E+001
1.34750000E+003, 2.99722582E+001
1.35000000E+003, 2.98645832E+001
1.35250000E+003, 2.97627549E+001
1.35500000E+003, 2.97376753E+001
1.35750000E+003, 2.97413492E+001
1.36000000E+003, 2.97009481E+001
1.36250000E+003, 2.97660591E+001
1.36500000E+003, 2.97263039E+001
1.36750000E+003, 2.96365003E+001
1.37000000E+003, 2.97231493E+001
1.37250000E+003, 2.97180788E+001
1.37500000E+003, 2.96581438E+001
1.37750000E+003, 2.97238335E+001
1.38000000E+003, 2.97235307E+001
1.38250000E+003, 2.96962735E+001
1.38500000E+003, 2.97381433E+001
1.38750000E+003, 2.97551730E+001
1.39000000E+003, 2.97709661E+001
1.39250000E+003, 2.97607340E+001
1.39500000E+003, 2.97888814E+001
1.39750000E+003, 2.97852520E+001
1.40000000E+003, 2.98090252E+001
1.40250000E+003, 2.98021640E+001
1.40500000E+003, 2.97867108E+001
1.40750000E+003, 2.98750004E+001
1.41000000E+003, 2.98688245E+001
1.41250000E+003, 2.98598767E+001
1.41500000E+003, 2.98080900E+001
1.41750000E+003, 2.98991950E+001
1.42000000E+003, 2.98266030E+001
1.42250000E+003, 2.99292713E+001
1.42500000E+003, 2.99212871E+001
1.42750000E+003, 2.98786554E+001
1.43000000E+003, 2.99866121E+001
1.43250000E+003, 2.98926556E+001
1.43500000E+003, 2.99626622E+001
1.43750000E+003, 3.00275555E+001
1.44000000E+003, 2.99746699E+001
1.44250000E+003, 2.98718139E+001
1.44500000E+003, 2.99057874E+001
1.44750000E+003, 2.99899352E+001
1.45000000E+003, 3.00046146E+001
1.45250000E+003, 3.00409540E+001
1.45500000E+003, 2.99955387E+001
1.45750000E+003, 2.99657110E+001
1.46000000E+003, 3.00171143E+001
1.46250000E+003, 3.00064968E+001
1.46500000E+003, 2.99934879E+001
1.46750000E+003, 3.00969186E+001
1.47000000E+003, 3.00802107E+001
1.47250000E+003, 3.00207144E+001
1.47500000E+003, 2.99465190E+001
1.47750000E+003, 3.00600726E+001
1.48000000E+003, 3.00375004E+001
1.48250000E+003, 3.00203522E+001
1.48500000E+003, 3.00344512E+001
1.48750000E+003, 3.00356084E+001
1.49000000E+003, 3.00773096E+001
1.49250000E+003, 3.00383024E+001
1.49500000E+003, 3.00133553E+001
1.49750000E+003, 3.00735963E+001
1.50000000E+003, 3.01069516E+001
1.50250000E+003, 3.01254833E+001
1.50500000E+003, 3.00801048E+001
1.50750000E+003, 3.00998662E+001
1.51000000E+003, 3.01505405E+001
1.51250000E+003, 3.01067897E+001
1.51500000E+003, 3.02313476E+001
1.51750000E+003, 3.00795419E+001
1.52000000E+003, 3.00747437E+001
1.52250000E+003, 3.00990439E+001
1.52500000E+003, 3.00605976E+001
1.52750000E+003, 3.01327676E+001
1.53000000E+003, 3.01617120E+001
1.53250000E+003, 3.01264746E+001
1.53500000E+003, 3.01198796E+001
1.53750000E+003, 3.01239013E+001
1.54000000E+003, 2.98998650E+001
1.54250000E+003, 3.01260354E+001
1.54500000E+003, 3.01224367E+001
1.54750000E+003, 3.01069092E+001
1.55000000E+003, 3.00596943E+001
1.55250000E+003, 3.00542443E+001
1.55500000E+003, 3.00363130E+001
1.55750000E+003, 3.00303497E+001
1.56000000E+003, 3.00808183E+001
1.56250000E+003, 3.01832065E+001
1.56500000E+003, 3.00070029E+001
1.56750000E+003, 3.01571802E+001
1.57000000E+003, 2.99687308E+001
1.57250000E+003, 3.02244770E+001
1.57500000E+003, 3.01108313E+001
1.57750000E+003, 3.01990759E+001
1.58000000E+003, 3.01411053E+001
1.58250000E+003, 3.01622442E+001
1.58500000E+003, 3.01729232E+001
1.58750000E+003, 3.01707091E+001
1.59000000E+003, 3.03402500E+001
1.59250000E+003, 3.02909924E+001
1.59500000E+003, 3.01420208E+001
1.59750000E+003, 3.02269165E+001
1.60000000E+003, 3.01974050E+001
1.60250000E+003, 3.00727758E+001
1.60500000E+003, 3.02510616E+001
1.60750000E+003, 3.03193898E+001
1.61000000E+003, 3.02311747E+001
1.61250000E+003, 3.04032714E+001
1.61500000E+003, 3.03293137E+001
1.61750000E+003, 3.04662756E+001
1.62000000E+003, 3.03984045E+001
1.62250000E+003, 3.02912066E+001
1.62500000E+003, 3.04117252E+001
1.62750000E+003, 3.04997273E+001
1.63000000E+003, 3.04300345E+001
1.63250000E+003, 3.02961292E+001
1.63500000E+003, 3.04051731E+001
1.63750000E+003, 3.04685887E+001
1.64000000E+003, 3.04171990E+001
1.64250000E+003, 3.04033521E+001
1.64500000E+003, 3.04562372E+001
1.64750000E+003, 3.05436376E+001
1.65000000E+003, 3.04340248E+001
1.65250000E+003, 3.05281155E+001
1.65500000E+003, 3.05474856E+001
1.65750000E+003, 3.05793908E+001
1.66000000E+003, 3.05670530E+001
1.66250000E+003, 3.06018302E+001
1.66500000E+003, 3.06781487E+001
1.66750000E+003, 3.05817432E+001
1.67000000E+003, 3.07736258E+001
1.67250000E+003, 3.07190321E+001
1.67500000E+003, 3.07240739E+001
1.67750000E+003, 3.07137484E+001
1.68000000E+003, 3.07685023E+001
1.68250000E+003, 3.07101904E+001
1.68500000E+003, 3.08607259E+001
1.68750000E+003, 3.07526701E+001
1.69000000E+003, 3.08470284E+001
1.69250000E+003, 3.08458954E+001
1.69500000E+003, 3.08327861E+001
1.69750000E+003, 3.08774499E+001
1.70000000E+003, 3.08997010E+001
1.70250000E+003, 3.08608972E+001
1.70500000E+003, 3.09038917E+001
1.70750000E+003, 3.09030921E+001
1.71000000E+003, 3.08408648E+001
1.71250000E+003, 3.09408911E+001
1.71500000E+003, 3.09734354E+001
1.71750000E+003, 3.10786685E+001
1.72000000E+003, 3.09284601E+001
1.72250000E+003, 3.10061893E+001
1.72500000E+003, 3.11133879E+001
1.72750000E+003, 3.11788154E+001
1.73000000E+003, 3.11996388E+001
1.73250000E+003, 3.10744094E+001
1.73500000E+003, 3.12254452E+001
1.73750000E+003, 3.11425558E+001
1.74000000E+003, 3.12483230E+001
1.74250000E+003, 3.12237569E+001
1.74500000E+003, 3.13114088E+001
1.74750000E+003, 3.13603048E+001
1.75000000E+003, 3.13048580E+001
1.75250000E+003, 3.14630995E+001
1.75500000E+003, 3.14904451E+001
1.75750000E+003, 3.14367797E+001
1.76000000E+003, 3.14203380E+001
1.76250000E+003, 3.16565922E+001
1.76500000E+003, 3.16077127E+001
1.76750000E+003, 3.16900248E+001
1.77000000E+003, 3.16868447E+001
1.77250000E+003, 3.19217177E+001
1.77500000E+003, 3.19911867E+001
1.77750000E+003, 3.20463329E+001
1.78000000E+003, 3.23345511E+001
1.78250000E+003, 3.25181505E+001
1.78500000E+003, 3.29333164E+001
1.78750000E+003, 3.35165214E+001
1.79000000E+003, 3.45129156E+001
1.79250000E+003, 3.60578720E+001
1.79500000E+003, 4.01887320E+001
1.79750000E+003, 4.23908250E+001
1.80000000E+003, 2.42876848E+001
1.80250000E+003, 1.79224705E+001
1.80500000E+003, 2.23427035E+001
1.80750000E+003, 2.38534188E+001
1.81000000E+003, 2.46172209E+001
1.81250000E+003, 2.43730978E+001
1.81500000E+003, 2.38453900E+001
1.81750000E+003, 2.32440298E+001
1.82000000E+003, 2.77435357E+001
1.82250000E+003, 3.99869176E+001
1.82500000E+003, 3.68846471E+001
1.82750000E+003, 3.41716189E+001
1.83000000E+003, 3.29172471E+001
1.83250000E+003, 3.21671378E+001
1.83500000E+003, 3.17263906E+001
1.83750000E+003, 3.19519984E+001
1.84000000E+003, 3.11795174E+001
1.84250000E+003, 3.09681649E+001
1.84500000E+003, 3.07501988E+001
1.84750000E+003, 3.05523527E+001
1.85000000E+003, 3.03402157E+001
1.85250000E+003, 2.96284262E+001
1.85500000E+003, 2.93738714E+001
1.85750000E+003, 2.90790799E+001
1.86000000E+003, 2.85614386E+001
1.86250000E+003, 2.82614617E+001
1.86500000E+003, 2.69863289E+001
1.86750000E+003, 2.59864085E+001
1.87000000E+003, 2.46135891E+001
1.87250000E+003, 2.38169163E+001
1.87500000E+003, 2.61130920E+001
1.87750000E+003, 3.31859983E+001
1.88000000E+003, 4.05892478E+001
1.88250000E+003, 4.64094029E+001
1.88500000E+003, 4.34605767E+001
1.88750000E+003, 4.07086578E+001
1.89000000E+003, 3.89648130E+001
1.89250000E+003, 3.80955850E+001
1.89500000E+003, 3.73475753E+001
1.89750000E+003, 3.67493883E+001
1.90000000E+003, 3.63035442E+001
1.90250000E+003, 3.60235309E+001
1.90500000E+003, 3.56460730E+001
1.90750000E+003, 3.55887950E+001
1.91000000E+003, 3.53960592E+001
1.91250000E+003, 3.54975906E+001
1.91500000E+003, 3.50495454E+001
1.91750000E+003, 3.49489392E+001
1.92000000E+003, 3.52089655E+001
1.92250000E+003, 3.48921245E+001
1.92500000E+003, 3.49736091E+001
1.92750000E+003, 3.49030330E+001
1.93000000E+003, 3.49647720E+001
1.93250000E+003, 3.50026526E+001
1.93500000E+003, 3.49788549E+001
1.93750000E+003, 3.51566785E+001
1.94000000E+003, 3.48283884E+001
1.94250000E+003, 3.50722279E+001
1.94500000E+003, 3.51652388E+001
1.94750000E+003, 3.52177437E+001
1.95000000E+003, 3.52191147E+001
1.95250000E+003, 3.53352916E+001
1.95500000E+003, 3.56750220E+001
1.95750000E+003, 3.56822969E+001
1.96000000E+003, 3.58777469E+001
1.96250000E+003, 3.60208822E+001
1.96500000E+003, 3.62979899E+001
1.96750000E+003, 3.67691731E+001
1.97000000E+003, 3.72034099E+001
1.97250000E+003, 3.78098585E+001
1.97500000E+003, 3.86363029E+001
1.97750000E+003, 3.99637792E+001
1.98000000E+003, 4.22673147E+001
1.98250000E+003, 4.69964911E+001
1.98500000E+003, 4.41245966E+001
1.98750000E+003, 3.23497866E+001
1.99000000E+003, 2.11007868E+001
1.99250000E+003, 2.24765308E+001
1.99500000E+003, 2.59243860E+001
1.99750000E+003, 2.79615111E+001
2.00000000E+003, 2.93185858E+001
2.00250000E+003, 3.00302915E+001
2.00500000E+003, 3.07662805E+001
2.00750000E+003, 3.11205401E+001
2.01000000E+003, 3.14909814E+001
2.01250000E+003, 3.17578197E+001
2.01500000E+003, 3.20651904E+001
2.01750000E+003, 3.20552706E+001
2.02000000E+003, 3.23270732E+001
2.02250000E+003, 3.25165129E+001
2.02500000E+003, 3.26950736E+001
2.02750000E+003, 3.28286350E+001
2.03000000E+003, 3.28559277E+001
2.03250000E+003, 3.30520671E+001
2.03500000E+003, 3.31578693E+001
2.03750000E+003, 3.32556196E+001
2.04000000E+003, 3.32829328E+001
2.04250000E+003, 3.34391762E+001
2.04500000E+003, 3.34510621E+001
2.04750000E+003, 3.36692212E+001
2.05000000E+003, 3.38128126E+001
2.05250000E+003, 3.36434576E+001
2.05500000E+003, 3.39159711E+001
2.05750000E+003, 3.39316417E+001
2.06000000E+003, 3.39245770E+001
2.06250000E+003, 3.41045680E+001
2.06500000E+003, 3.39908459E+001
2.06750000E+003, 3.41049842E+001
2.07000000E+003, 3.41949607E+001
2.07250000E+003, 3.43044069E+001
2.07500000E+003, 3.43141179E+001
2.07750000E+003, 3.44594579E+001
2.08000000E+003, 3.45242678E+001
2.08250000E+003, 3.45685246E+001
2.08500000E+003, 3.46433375E+001
2.08750000E+003, 3.46093636E+001
2.09000000E+003, 3.46848179E+001
2.09250000E+003, 3.48073786E+001
2.09500000E+003, 3.48779440E+001
2.09750000E+003, 3.48856414E+001
2.10000000E+003, 3.49296684E+001
2.10250000E+003, 3.50699474E+001
2.10500000E+003, 3.50832284E+001
2.10750000E+003, 3.51900820E+001
2.11000000E+003, 3.52898709E+001
2.11250000E+003, 3.53233146E+001
2.11500000E+003, 3.53987230E+001
2.11750000E+003, 3.54405453E+001
2.12000000E+003, 3.54730360E+001
2.12250000E+003, 3.55933036E+001
2.12500000E+003, 3.56420539E+001
2.12750000E+003, 3.56653399E+001
2.13000000E+003, 3.57167125E+001
2.13250000E+003, 3.58911026E+001
2.13500000E+003, 3.60069548E+001
2.13750000E+003, 3.60104219E+001
2.14000000E+003, 3.60958738E+001
2.14250000E+003, 3.61269458E+001
2.14500000E+003, 3.62162558E+001
2.14750000E+003, 3.62593561E+001
2.15000000E+003, 3.63637730E+001
2.15250000E+003, 3.63231753E+001
2.15500000E+003, 3.64279359E+001
2.15750000E+003, 3.64614990E+001
2.16000000E+003, 3.67242381E+001
2.16250000E+003, 3.68472885E+001
2.16500000E+003, 3.67494309E+001
2.16750000E+003, 3.69137793E+001
2.17000000E+003, 3.67927455E+001
2.17250000E+003, 3.71246872E+001
2.17500000E+003, 3.72157326E+001
2.17750000E+003, 3.73029111E+001
2.18000000E+003, 3.72286724E+001
2.18250000E+003, 3.73412243E+001
2.18500000E+003, 3.75178061E+001
2.18750000E+003, 3.76080295E+001
2.19000000E+003, 3.77120913E+001
2.19250000E+003, 3.77978614E+001
2.19500000E+003, 3.79631030E+001
2.19750000E+003, 3.79828585E+001
2.20000000E+003, 3.81934169E+001
2.20250000E+003, 3.82927201E+001
2.20500000E+003, 3.84186314E+001
2.20750000E+003, 3.85041611E+001
2.21000000E+003, 3.87783338E+001
2.21250000E+003, 3.87476049E+001
2.21500000E+003, 3.89240111E+001
2.21750000E+003, 3.90258815E+001
2.22000000E+003, 3.92601831E+001
2.22250000E+003, 3.95021748E+001
2.22500000E+003, 3.96708824E+001
2.22750000E+003, 3.96582768E+001
2.23000000E+003, 3.98757956E+001
2.23250000E+003, 3.99687317E+001
2.23500000E+003, 4.01795217E+001
2.23750000E+003, 4.03880731E+001
2.24000000E+003, 4.05836270E+001
2.24250000E+003, 4.07704837E+001
2.24500000E+003, 4.09786675E+001
2.24750000E+003, 4.11317192E+001
2.25000000E+003, 4.14385249E+001
2.25250000E+003, 4.15643030E+001
2.25500000E+003, 4.18036081E+001
2.25750000E+003, 4.20368590E+001
2.26000000E+003, 4.22524298E+001
2.26250000E+003, 4.25163133E+001
2.26500000E+003, 4.28170663E+001
2.26750000E+003, 4.30403521E+001
2.27000000E+003, 4.33722485E+001
2.27250000E+003, 4.35497551E+001
2.27500000E+003, 4.39130214E+001
2.27750000E+003, 4.41847595E+001
2.28000000E+003, 4.45267754E+001
2.28250000E+003, 4.49004401E+001
2.28500000E+003, 4.52597656E+001
2.28750000E+003, 4.56541750E+001
2.29000000E+003, 4.60774496E+001
2.29250000E+003, 4.64801292E+001
2.29500000E+003, 4.69333198E+001
2.29750000E+003, 4.74449449E+001
2.30000000E+003, 4.79841877E+001
2.30250000E+003, 4.85015722E+001
2.30500000E+003, 4.90926799E+001
2.30750000E+003, 4.97058217E+001
2.31000000E+003, 5.03410793E+001
2.31250000E+003, 5.10770077E+001
2.31500000E+003, 5.18440762E+001
2.31750000E+003, 5.26182304E+001
2.32000000E+003, 5.34780565E+001
2.32250000E+003, 5.43668323E+001
2.32500000E+003, 5.52165530E+001
2.32750000E+003, 5.60126348E+001
2.33000000E+003, 5.66241705E+001
2.33250000E+003, 5.69308503E+001
2.33500000E+003, 5.68340851E+001
2.33750000E+003, 5.63729352E+001
2.34000000E+003, 5.56514000E+001
2.34250000E+003, 5.46709078E+001
2.34500000E+003, 5.37381275E+001
2.34750000E+003, 5.28163607E+001
2.35000000E+003, 5.18586588E+001
2.35250000E+003, 5.10138715E+001
2.35500000E+003, 5.01247604E+001
2.35750000E+003, 4.93733634E+001
2.36000000E+003, 4.86112894E+001
2.36250000E+003, 4.78567622E+001
2.36500000E+003, 4.72585905E+001
2.36750000E+003, 4.66450712E+001
2.37000000E+003, 4.60845445E+001
2.37250000E+003, 4.55105830E+001
2.37500000E+003, 4.49666540E+001
2.37750000E+003, 4.44743528E+001
2.38000000E+003, 4.40274090E+001
2.38250000E+003, 4.35276285E+001
2.38500000E+003, 4.31398485E+001
2.38750000E+003, 4.26994350E+001
2.39000000E+003, 4.23930843E+001
2.39250000E+003, 4.19763088E+001
2.39500000E+003, 4.16434983E+001
2.39750000E+003, 4.13118914E+001
2.40000000E+003, 4.10466639E+001
2.40250000E+003, 4.07976776E+001
2.40500000E+003, 4.04939759E+001
2.40750000E+003, 4.02682861E+001
2.41000000E+003, 4.00511454E+001
2.41250000E+003, 3.99339399E+001
2.41500000E+003, 3.97011341E+001
2.41750000E+003, 3.94782831E+001
2.42000000E+003, 3.90243492E+001
2.42250000E+003, 3.85392105E+001
2.42500000E+003, 3.77164783E+001
2.42750000E+003, 3.65707883E+001
2.43000000E+003, 3.51453063E+001
2.43250000E+003, 3.36169132E+001
2.43500000E+003, 3.23671475E+001
2.43750000E+003, 3.16126759E+001
2.44000000E+003, 3.11858919E+001
2.44250000E+003, 3.08907380E+001
2.44500000E+003, 3.07859150E+001
2.44750000E+003, 3.07256885E+001
2.45000000E+003, 3.06181938E+001
2.45250000E+003, 3.05431530E+001
2.45500000E+003, 3.04790882E+001
2.45750000E+003, 3.03957913E+001
2.46000000E+003, 3.01728208E+001
2.46250000E+003, 3.01180644E+001
2.46500000E+003, 3.00053586E+001
2.46750000E+003, 2.97683350E+001
2.47000000E+003, 2.96206531E+001
2.47250000E+003, 2.94816415E+001
2.47500000E+003, 2.94311044E+001
2.47750000E+003, 2.90904935E+001
2.48000000E+003, 2.90199781E+001
2.48250000E+003, 2.88058777E+001
2.48500000E+003, 2.85748562E+001
2.48750000E+003, 2.82839840E+001
2.49000000E+003, 2.81299992E+001
2.49250000E+003, 2.79907889E+001
2.49500000E+003, 2.78722236E+001
2.49750000E+003, 2.75031659E+001
2.50000000E+003, 2.74660646E+001
2.50250000E+003, 2.71243754E+001
2.50500000E+003, 2.69402580E+001
2.50750000E+003, 2.67773827E+001
2.51000000E+003, 2.65877524E+001
2.51250000E+003, 2.63127540E+001
2.51500000E+003, 2.62062604E+001
2.51750000E+003, 2.60410415E+001
2.52000000E+003, 2.56308906E+001
2.52250000E+003, 2.55057747E+001
2.52500000E+003, 2.54086319E+001
2.52750000E+003, 2.51522211E+001
2.53000000E+003, 2.48566061E+001
2.53250000E+003, 2.49450223E+001
2.53500000E+003, 2.44518872E+001
2.53750000E+003, 2.43437639E+001
2.54000000E+003, 2.39657845E+001
2.54250000E+003, 2.36258036E+001
2.54500000E+003, 2.37414556E+001
2.54750000E+003, 2.34055412E+001
2.55000000E+003, 2.30780527E+001
2.55250000E+003, 2.31392126E+001
2.55500000E+003, 2.28956678E+001
2.55750000E+003, 2.25533752E+001
2.56000000E+003, 2.23511828E+001
2.56250000E+003, 2.22678781E+001
2.56500000E+003, 2.18572861E+001
2.56750000E+003, 2.19583410E+001
2.57000000E+003, 2.16508305E+001
2.57250000E+003, 2.12486963E+001
2.57500000E+003, 2.13486711E+001
2.57750000E+003, 2.13893369E+001
2.58000000E+003, 2.08333103E+001
2.58250000E+003, 2.08063403E+001
2.58500000E+003, 1.99227020E+001
2.58750000E+003, 2.01246735E+001
2.59000000E+003, 1.99593290E+001
2.59250000E+003, 2.00117464E+001
2.59500000E+003, 1.94276017E+001
2.59750000E+003, 1.94708522E+001
2.60000000E+003, 1.92454428E+001
2.60250000E+003, 1.89446342E+001
2.60500000E+003, 1.84665166E+001
2.60750000E+003, 1.84197613E+001
2.61000000E+003, 1.85831032E+001
2.61250000E+003, 1.77846133E+001
2.61500000E+003, 1.78807599E+001
2.61750000E+003, 1.79351673E+001
2.62000000E+003, 1.78227699E+001
2.62250000E+003, 1.71929415E+001
2.62500000E+003, 1.72205836E+001
2.62750000E+003, 1.67961626E+001
2.63000000E+003, 1.61810382E+001
2.63250000E+003, 1.60026078E+001
2.63500000E+003, 1.59291438E+001
2.63750000E+003, 1.60830108E+001
2.64000000E+003, 1.58947407E+001
2.64250000E+003, 1.55646975E+001
2.64500000E+003, 1.56148696E+001
2.64750000E+003, 1.51751405E+001
2.65000000E+003, 1.52772306E+001
2.65250000E+003, 1.49726705E+001
2.65500000E+003, 1.48017495E+001
2.65750000E+003, 1.43082635E+001
2.66000000E+003, 1.39311771E+001
2.66250000E+003, 1.35060395E+001
2.66500000E+003, 1.37668705E+001
2.66750000E+003, 1.30232918E+001
2.67000000E+003, 1.32228004E+001
2.67250000E+003, 1.36376264E+001
2.67500000E+003, 1.27656180E+001
2.67750000E+003, 1.27020421E+001
2.68000000E+003, 1.29003877E+001
2.68250000E+003, 1.25205439E+001
2.68500000E+003, 1.23190749E+001
2.68750000E+003, 1.17818818E+001
2.69000000E+003, 1.14170524E+001
2.69250000E+003, 1.13850971E+001
2.69500000E+003, 1.16000649E+001
2.69750000E+003, 1.13504367E+001
2.70000000E+003, 1.17566660E+001
2.70250000E+003, 1.10766417E+001
2.70500000E+003, 1.07025481E+001
2.70750000E+003, 1.03217703E+001
2.71000000E+003, 1.01566051E+001
2.71250000E+003, 9.76655770E+000
2.71500000E+003, 9.55071358E+000
2.71750000E+003, 9.70034854E+000
2.72000000E+003, 9.57796692E+000
2.72250000E+003, 8.84449283E+000
2.72500000E+003, 8.96636613E+000
2.72750000E+003, 9.39759494E+000
2.73000000E+003, 7.99683010E+000
2.73250000E+003, 7.89042545E+000
2.73500000E+003, 6.91594508E+000
2.73750000E+003, 8.24428231E+000
2.74000000E+003, 8.65975660E+000
2.74250000E+003, 8.45202607E+000
2.74500000E+003, 6.39312343E+000
2.74750000E+003, 7.83860145E+000
2.75000000E+003, 6.04060401E+000
2.75250000E+003, 5.52946150E+000
2.75500000E+003, 5.72076994E+000
2.75750000E+003, 5.02075882E+000
2.76000000E+003, 3.83114524E+000
2.76250000E+003, 2.38433207E+000
2.76500000E+003, 4.43704863E+000
2.76750000E+003, 1.09506877E+000
2.77000000E+003, -1.50136458E+000
2.77250000E+003, -1.45926576E+000
2.77500000E+003, -1.80946864E+000
2.77750000E+003, -6.73551793E+000
2.78000000E+003, -8.77330547E+000
2.78250000E+003, -1.56428183E+000
2.78500000E+003, 2.11514110E+000
2.78750000E+003, 4.57700550E+000
2.79000000E+003, 8.14141370E+000
2.79250000E+003, 1.05804639E+001
2.79500000E+003, 1.27702742E+001
2.79750000E+003, 1.47662617E+001
2.80000000E+003, 1.67492680E+001
2.80250000E+003, 1.91281565E+001
2.80500000E+003, 2.16198121E+001
2.80750000E+003, 2.41995867E+001
2.81000000E+003, 2.74728855E+001
2.81250000E+003, 3.12878397E+001
2.81500000E+003, 3.66004045E+001
2.81750000E+003, 4.60912740E+001
2.82000000E+003, 4.28196055E+001
2.82250000E+003, 3.65853782E+001
2.82500000E+003, 3.32951566E+001
2.82750000E+003, 3.11060401E+001
2.83000000E+003, 2.95848435E+001
2.83250000E+003, 2.84691980E+001
2.83500000E+003, 2.76704298E+001
2.83750000E+003, 2.70602056E+001
2.84000000E+003, 2.63251707E+001
2.84250000E+003, 2.60817323E+001
2.84500000E+003, 2.55921949E+001
2.84750000E+003, 2.53602570E+001
2.85000000E+003, 2.50493223E+001
2.85250000E+003, 2.49565679E+001
2.85500000E+003, 2.46146261E+001
2.85750000E+003, 2.42807856E+001
2.86000000E+003, 2.42433106E+001
2.86250000E+003, 2.42114835E+001
2.86500000E+003, 2.40565693E+001
2.86750000E+003, 2.40796639E+001
2.87000000E+003, 2.41713924E+001
2.87250000E+003, 2.39701711E+001
2.87500000E+003, 2.40348853E+001
2.87750000E+003, 2.39105612E+001
2.88000000E+003, 2.41217949E+001
2.88250000E+003, 2.41407730E+001
2.88500000E+003, 2.41101404E+001
2.88750000E+003, 2.42502924E+001
2.89000000E+003, 2.42966363E+001
2.89250000E+003, 2.42425128E+001
2.89500000E+003, 2.45180128E+001
2.89750000E+003, 2.45260032E+001
2.90000000E+003, 2.44964499E+001
2.90250000E+003, 2.45446015E+001
2.90500000E+003, 2.48066807E+001
2.90750000E+003, 2.45559288E+001
2.91000000E+003, 2.49106719E+001
2.91250000E+003, 2.49363867E+001
2.91500000E+003, 2.52518986E+001
2.91750000E+003, 2.52671353E+001
2.92000000E+003, 2.52689971E+001
2.92250000E+003, 2.53186100E+001
2.92500000E+003, 2.54351930E+001
2.92750000E+003, 2.54954804E+001
2.93000000E+003, 2.49862903E+001
2.93250000E+003, 2.55983319E+001
2.93500000E+003, 2.73762717E+001
2.93750000E+003, 2.70282696E+001
2.94000000E+003, 2.69196015E+001
2.94250000E+003, 2.69398891E+001
2.94500000E+003, 2.72539738E+001
2.94750000E+003, 2.72143659E+001
2.95000000E+003, 2.76294511E+001
2.95250000E+003, 2.77303780E+001
2.95500000E+003, 2.75815814E+001
2.95750000E+003, 2.77738748E+001
2.96000000E+003, 2.79956875E+001
2.96250000E+003, 2.80228944E+001
2.96500000E+003, 2.85105569E+001
2.96750000E+003, 2.85318473E+001
2.97000000E+003, 2.87693200E+001
2.97250000E+003, 2.89024693E+001
2.97500000E+003, 2.89682836E+001
2.97750000E+003, 2.92094834E+001
2.98000000E+003, 2.94627069E+001
2.98250000E+003, 2.94646222E+001
2.98500000E+003, 2.98494329E+001
2.98750000E+003, 2.99284966E+001
2.99000000E+003, 3.03834569E+001
2.99250000E+003, 3.02886556E+001
2.99500000E+003, 3.05138356E+001
2.99750000E+003, 3.05807902E+001
3.00000000E+003, 3.09470803E+001
3.00250000E+003, 3.10440450E+001
3.00500000E+003, 3.12507825E+001
3.00750000E+003, 3.14629420E+001
3.01000000E+003, 3.16050597E+001
3.01250000E+003, 3.16737511E+001
3.01500000E+003, 3.20489499E+001
3.01750000E+003, 3.22331839E+001
3.02000000E+003, 3.24963617E+001
3.02250000E+003, 3.25834174E+001
3.02500000E+003, 3.28628325E+001
3.02750000E+003, 3.28847108E+001
3.03000000E+003, 3.32313089E+001
3.03250000E+003, 3.34674959E+001
3.03500000E+003, 3.36777901E+001
3.03750000E+003, 3.36832998E+001
3.04000000E+003, 3.40113770E+001
3.04250000E+003, 3.41798050E+001
3.04500000E+003, 3.44006233E+001
3.04750000E+003, 3.46450035E+001
3.05000000E+003, 3.48068307E+001
3.05250000E+003, 3.50027685E+001
3.05500000E+003, 3.53470555E+001
3.05750000E+003, 3.55449215E+001
3.06000000E+003, 3.56754637E+001
3.06250000E+003, 3.58678748E+001
3.06500000E+003, 3.61533377E+001
3.06750000E+003, 3.63358453E+001
3.07000000E+003, 3.66003961E+001
3.07250000E+003, 3.69143312E+001
3.07500000E+003, 3.70966846E+001
3.07750000E+003, 3.73309197E+001
3.08000000E+003, 3.75405614E+001
3.08250000E+003, 3.76096620E+001
3.08500000E+003, 3.79637456E+001
3.08750000E+003, 3.81345846E+001
3.09000000E+003, 3.84261131E+001
3.09250000E+003, 3.87052644E+001
3.09500000E+003, 3.88600619E+001
3.09750000E+003, 3.91126649E+001
3.10000000E+003, 3.93591948E+001
3.10250000E+003, 3.97391825E+001
3.10500000E+003, 3.99478008E+001
3.10750000E+003, 4.02000562E+001
3.11000000E+003, 4.04487322E+001
3.11250000E+003, 4.07308838E+001
3.11500000E+003, 4.08566327E+001
3.11750000E+003, 4.11555737E+001
3.12000000E+003, 4.13929794E+001
3.12250000E+003, 4.17404876E+001
3.12500000E+003, 4.19982950E+001
3.12750000E+003, 4.22176460E+001
3.13000000E+003, 4.25671234E+001
3.13250000E+003, 4.29147122E+001
3.13500000E+003, 4.31385067E+001
3.13750000E+003, 4.33891453E+001
3.14000000E+003, 4.36850624E+001
3.14250000E+003, 4.40046598E+001
3.14500000E+003, 4.42808523E+001
3.14750000E+003, 4.45796284E+001
3.15000000E+003, 4.50125886E+001
3.15250000E+003, 4.52501736E+001
3.15500000E+003, 4.55385322E+001
3.15750000E+003, 4.59585762E+001
3.16000000E+003, 4.62358163E+001
3.16250000E+003, 4.66081395E+001
3.16500000E+003, 4.70104338E+001
3.16750000E+003, 4.72831379E+001
3.17000000E+003, 4.75967307E+001
3.17250000E+003, 4.80505137E+001
3.17500000E+003, 4.83893617E+001
3.17750000E+003, 4.88190960E+001
3.18000000E+003, 4.91486026E+001
3.18250000E+003, 4.96998033E+001
3.18500000E+003, 5.00407140E+001
3.18750000E+003, 5.05957880E+001
3.19000000E+003, 5.09475966E+001
3.19250000E+003, 5.13045539E+001
3.19500000E+003, 5.18404572E+001
3.19750000E+003, 5.24087095E+001
3.20000000E+003, 5.27244172E+001
3.20250000E+003, 5.32203730E+001
3.20500000E+003, 5.39725586E+001
3.20750000E+003, 5.45349598E+001
3.21000000E+003, 5.50262677E+001
3.21250000E+003, 5.57173528E+001
3.21500000E+003, 5.63264589E+001
3.21750000E+003, 5.70092486E+001
3.22000000E+003, 5.76671030E+001
3.22250000E+003, 5.83655220E+001
3.22500000E+003, 5.92552358E+001
3.22750000E+003, 6.00544792E+001
3.23000000E+003, 6.09381631E+001
3.23250000E+003, 6.21263735E+001
3.23500000E+003, 6.28046082E+001
3.23750000E+003, 6.38041246E+001
3.24000000E+003, 6.51621565E+001
3.24250000E+003, 6.61488646E+001
3.24500000E+003, 6.72393514E+001
3.24750000E+003, 6.73757022E+001
3.25000000E+003, 6.77675166E+001
3.25250000E+003, 6.75497677E+001
3.25500000E+003, 6.72625501E+001
3.25750000E+003, 6.65593869E+001
3.26000000E+003, 6.56417898E+001
3.26250000E+003, 6.51534154E+001
3.26500000E+003, 6.45990599E+001
3.26750000E+003, 6.33525675E+001
3.27000000E+003, 6.31143345E+001
3.27250000E+003, 6.23859725E+001
3.27500000E+003, 6.16091786E+001
3.27750000E+003, 6.14538138E+001
3.28000000E+003, 6.08296865E+001
3.28250000E+003, 6.03779823E+001
3.28500000E+003, 6.00223690E+001
3.28750000E+003, 5.96777369E+001
3.29000000E+003, 5.88877308E+001
3.29250000E+003, 5.86368621E+001
3.29500000E+003, 5.83519787E+001
3.29750000E+003, 5.79903247E+001
3.30000000E+003, 5.78250165E+001
3.30250000E+003, 5.74339093E+001
3.30500000E+003, 5.70257695E+001
3.30750000E+003, 5.68204078E+001
3.31000000E+003, 5.68496620E+001
3.31250000E+003, 5.65367795E+001
3.31500000E+003, 5.63294136E+001
3.31750000E+003, 5.61126637E+001
3.32000000E+003, 5.59631399E+001
3.32250000E+003, 5.58342408E+001
3.32500000E+003, 5.55108627E+001
3.32750000E+003, 5.54564415E+001
3.33000000E+003, 5.52614002E+001
3.33250000E+003, 5.50643861E+001
3.33500000E+003, 5.48250185E+001
3.33750000E+003, 5.47540035E+001
3.34000000E+003, 5.46480516E+001
3.34250000E+003, 5.45711506E+001
3.34500000E+003, 5.42802904E+001
3.34750000E+003, 5.40669157E+001
3.35000000E+003, 5.38189505E+001
3.35250000E+003, 5.43966520E+001
3.35500000E+003, 5.43217434E+001
3.35750000E+003, 5.43935944E+001
3.36000000E+003, 5.43037331E+001
3.36250000E+003, 5.43540276E+001
3.36500000E+003, 5.42898543E+001
3.36750000E+003, 5.44777065E+001
3.37000000E+003, 5.44948655E+001
3.37250000E+003, 5.47352292E+001
3.37500000E+003, 5.51803233E+001
3.37750000E+003, 5.59731117E+001
3.38000000E+003, 5.72718688E+001
3.38250000E+003, 5.71580580E+001
3.38500000E+003, 4.64505845E+001
3.38750000E+003, 4.86196967E+001
3.39000000E+003, 5.02206773E+001
3.39250000E+003, 5.08272483E+001
3.39500000E+003, 5.13416824E+001
3.39750000E+003, 5.15690382E+001
3.40000000E+003, 5.17833222E+001
3.40250000E+003, 5.20129345E+001
3.40500000E+003, 5.19816131E+001
3.40750000E+003, 5.21081252E+001
3.41000000E+003, 5.20652049E+001
3.41250000E+003, 5.23490046E+001
3.41500000E+003, 5.24515298E+001
3.41750000E+003, 5.23702624E+001
3.42000000E+003, 5.25751647E+001
3.42250000E+003, 5.24988775E+001
3.42500000E+003, 5.27235137E+001
3.42750000E+003, 5.28494471E+001
3.43000000E+003, 5.28124659E+001
3.43250000E+003, 5.29193612E+001
3.43500000E+003, 5.29556737E+001
3.43750000E+003, 5.31440531E+001
3.44000000E+003, 5.32222773E+001
3.44250000E+003, 5.31962427E+001
3.44500000E+003, 5.33341352E+001
3.44750000E+003, 5.34499049E+001
3.45000000E+003, 5.34470799E+001
3.45250000E+003, 5.36759234E+001
3.45500000E+003, 5.38238276E+001
3.45750000E+003, 5.39117803E+001
3.46000000E+003, 5.38964083E+001
3.46250000E+003, 5.42261861E+001
3.46500000E+003, 5.43558250E+001
3.46750000E+003, 5.45524816E+001
3.47000000E+003, 5.47191277E+001
3.47250000E+003, 5.48685305E+001
3.47500000E+003, 5.50114702E+001
3.47750000E+003, 5.50414051E+001
3.48000000E+003, 5.55284932E+001
3.48250000E+003, 5.57859613E+001
3.48500000E+003, 5.57586878E+001
3.48750000E+003, 5.60163411E+001
3.49000000E+003, 5.65147549E+001
3.49250000E+003, 5.67330999E+001
3.49500000E+003, 5.68930750E+001
3.49750000E+003, 5.70883298E+001
3.50000000E+003, 5.74957164E+001
3.50250000E+003, 5.79227688E+001
3.50500000E+003, 5.82204567E+001
3.50750000E+003, 5.88972469E+001
3.51000000E+003, 5.89939222E+001
3.51250000E+003, 5.98759745E+001
3.51500000E+003, 6.02891473E+001
3.51750000E+003, 6.08119779E+001
3.52000000E+003, 6.13486885E+001
3.52250000E+003, 6.21312070E+001
3.52500000E+003, 6.26940246E+001
3.52750000E+003, 6.36342295E+001
3.53000000E+003, 6.44594435E+001
3.53250000E+003, 6.55638139E+001
3.53500000E+003, 6.65323539E+001
3.53750000E+003, 6.79647928E+001
3.54000000E+003, 6.90073023E+001
3.54250000E+003, 7.04289495E+001
3.54500000E+003, 7.19317585E+001
3.54750000E+003, 7.24624827E+001
3.55000000E+003, 7.20552856E+001
3.55250000E+003, 7.08745817E+001
3.55500000E+003, 6.90899078E+001
3.55750000E+003, 6.74469728E+001
3.56000000E+003, 6.59703293E+001
3.56250000E+003, 6.47228088E+001
3.56500000E+003, 6.34123247E+001
3.56750000E+003, 6.22935619E+001
3.57000000E+003, 6.12016103E+001
3.57250000E+003, 6.03307678E+001
3.57500000E+003, 5.93407506E+001
3.57750000E+003, 5.86587929E+001
3.58000000E+003, 5.77288141E+001
3.58250000E+003, 5.71128273E+001
3.58500000E+003, 5.65344899E+001
3.58750000E+003, 5.59017939E+001
3.59000000E+003, 5.50589197E+001
3.59250000E+003, 5.46787932E+001
3.59500000E+003, 5.40268988E+001
3.59750000E+003, 5.34790197E+001
3.60000000E+003, 5.27865302E+001
3.60250000E+003, 5.23632879E+001
3.60500000E+003, 5.17946683E+001
3.60750000E+003, 5.12423291E+001
3.61000000E+003, 5.07894201E+001
3.61250000E+003, 5.03336560E+001
3.61500000E+003, 4.99419235E+001
3.61750000E+003, 4.94274232E+001
3.62000000E+003, 4.89727714E+001
3.62250000E+003, 4.85520412E+001
3.62500000E+003, 4.81072479E+001
3.62750000E+003, 4.77299530E+001
3.63000000E+003, 4.72961741E+001
3.63250000E+003, 4.69677464E+001
3.63500000E+003, 4.64555190E+001
3.63750000E+003, 4.59656712E+001
3.64000000E+003, 4.55746834E+001
3.64250000E+003, 4.51464105E+001
3.64500000E+003, 4.47168470E+001
3.64750000E+003, 4.41824693E+001
3.65000000E+003, 4.36630736E+001
3.65250000E+003, 4.32729730E+001
3.65500000E+003, 4.26861558E+001
3.65750000E+003, 4.22153873E+001
3.66000000E+003, 4.16814493E+001
3.66250000E+003, 4.12090815E+001
3.66500000E+003, 4.04591229E+001
3.66750000E+003, 3.98263639E+001
3.67000000E+003, 3.91232037E+001
3.67250000E+003, 3.83489337E+001
3.67500000E+003, 3.76732765E+001
3.67750000E+003, 3.65875878E+001
3.68000000E+003, 3.53418881E+001
3.68250000E+003, 3.41285594E+001
3.68500000E+003, 3.22763307E+001
3.68750000E+003, 2.96753338E+001
3.69000000E+003, 2.61739268E+001
3.69250000E+003, 2.16954144E+001
3.69500000E+003, 2.44104525E+001
3.69750000E+003, 2.99225164E+001
3.70000000E+003, 3.42368573E+001
3.70250000E+003, 3.76179769E+001
3.70500000E+003, 4.08247474E+001
3.70750000E+003, 4.38728900E+001
3.71000000E+003, 4.69087535E+001
3.71250000E+003, 5.03511075E+001
3.71500000E+003, 5.45545887E+001
3.71750000E+003, 6.00079121E+001
3.72000000E+003, 6.34813530E+001
3.72250000E+003, 5.95171736E+001
3.72500000E+003, 5.58071462E+001
3.72750000E+003, 5.33046977E+001
3.73000000E+003, 5.15091692E+001
3.73250000E+003, 4.99560171E+001
3.73500000E+003, 4.88195564E+001
3.73750000E+003, 4.78808418E+001
3.74000000E+003, 4.69550107E+001
3.74250000E+003, 4.61797925E+001
3.74500000E+003, 4.55471407E+001
3.74750000E+003, 4.50076686E+001
3.75000000E+003, 4.43697188E+001
3.75250000E+003, 4.38153011E+001
3.75500000E+003, 4.32657598E+001
3.75750000E+003, 4.27681585E+001
3.76000000E+003, 4.21425856E+001
3.76250000E+003, 4.14654380E+001
3.76500000E+003, 4.04657773E+001
3.76750000E+003, 3.92488515E+001
3.77000000E+003, 3.95936486E+001
3.77250000E+003, 4.50799428E+001
3.77500000E+003, 4.34524002E+001
3.77750000E+003, 4.23799418E+001
3.78000000E+003, 4.17970811E+001
3.78250000E+003, 4.13941914E+001
3.78500000E+003, 4.09319575E+001
3.78750000E+003, 4.06249003E+001
3.79000000E+003, 4.02863121E+001
3.79250000E+003, 4.00276734E+001
3.79500000E+003, 3.97971034E+001
3.79750000E+003, 3.94526836E+001
3.80000000E+003, 3.92358267E+001
3.80250000E+003, 3.90298986E+001
3.80500000E+003, 3.87414463E+001
3.80750000E+003, 3.86841723E+001
3.81000000E+003, 3.83584641E+001
3.81250000E+003, 3.82684474E+001
3.81500000E+003, 3.79645135E+001
3.81750000E+003, 3.78221055E+001
3.82000000E+003, 3.76335051E+001
3.82250000E+003, 3.75049645E+001
3.82500000E+003, 3.72816539E+001
3.82750000E+003, 3.71146673E+001
3.83000000E+003, 3.68172751E+001
3.83250000E+003, 3.68634413E+001
3.83500000E+003, 3.67854870E+001
3.83750000E+003, 3.64266011E+001
3.84000000E+003, 3.64845007E+001
3.84250000E+003, 3.62634062E+001
3.84500000E+003, 3.61028339E+001
3.84750000E+003, 3.59151896E+001
3.85000000E+003, 3.58853606E+001
3.85250000E+003, 3.54982588E+001
3.85500000E+003, 3.54001448E+001
3.85750000E+003, 3.53977624E+001
3.86000000E+003, 3.52092514E+001
3.86250000E+003, 3.51780065E+001
3.86500000E+003, 3.49054447E+001
3.86750000E+003, 3.48889538E+001
3.87000000E+003, 3.46653232E+001
3.87250000E+003, 3.46423335E+001
3.87500000E+003, 3.43927335E+001
3.87750000E+003, 3.44192320E+001
3.88000000E+003, 3.44103814E+001
3.88250000E+003, 3.42815101E+001
3.88500000E+003, 3.39857898E+001
3.88750000E+003, 3.39633133E+001
3.89000000E+003, 3.38830983E+001
3.89250000E+003, 3.38652962E+001
3.89500000E+003, 3.38823198E+001
3.89750000E+003, 3.36199868E+001
3.90000000E+003, 3.35984002E+001
3.90250000E+003, 3.35181574E+001
3.90500000E+003, 3.33850454E+001
3.90750000E+003, 3.34454831E+001
3.91000000E+003, 3.31198572E+001
3.91250000E+003, 3.30624312E+001
3.91500000E+003, 3.30265946E+001
3.91750000E+003, 3.30012654E+001
3.92000000E+003, 3.31713423E+001
3.92250000E+003, 3.30812218E+001
3.92500000E+003, 3.28218841E+001
3.92750000E+003, 3.28245870E+001
3.93000000E+003, 3.28983915E+001
3.93250000E+003, 3.28011633E+001
3.93500000E+003, 3.27720307E+001
3.93750000E+003, 3.27861423E+001
3.94000000E+003, 3.27404842E+001
3.94250000E+003, 3.26866680E+001
3.94500000E+003, 3.28845149E+001
3.94750000E+003, 3.27973541E+001
3.95000000E+003, 3.28008173E+001
3.95250000E+003, 3.26497669E+001
3.95500000E+003, 3.26887870E+001
3.95750000E+003, 3.28435753E+001
3.96000000E+003, 3.27979924E+001
3.96250000E+003, 3.28046093E+001
3.96500000E+003, 3.27971876E+001
3.96750000E+003, 3.29520661E+001
3.97000000E+003, 3.29241536E+001
3.97250000E+003, 3.30538557E+001
3.97500000E+003, 3.31136640E+001
3.97750000E+003, 3.31107666E+001
3.98000000E+003, 3.29954685E+001
3.98250000E+003, 3.31588551E+001
3.98500000E+003, 3.31652196E+001
3.98750000E+003, 3.32340676E+001
3.99000000E+003, 3.33042210E+001
3.99250000E+003, 3.34813185E+001
3.99500000E+003, 3.35548823E+001
3.99750000E+003, 3.35381305E+001
4.00000000E+003, 3.36391105E+001
