Label:, CH1-2: é¸îgêîâûìöä÷êî
DateTime:, Thu Feb 08 16:36:26 2018
DataKind:, CH1-2, FRF, Mag
DataPoints:, 1601
DataCalc:, H1
Frequency:, 0.000 , 4000.000, Hz
Sample:, 4096, Internal
Average:, 3, Power/Sum
Voltage(CH1):, -20.000, dBVrms
Voltage(CH2):, -10.000, dBVrms
EU/V(CH1):, 3.757E+001
EU/V(CH2):, 1.088E+003
Window(CH1):, Rect
Window(CH2):, Rect
X-AxisScale:, Lin
X-AxisUnit:, Hz
Y-AxisScale:, Log
Y-AxisUnit:, m/s2/N
Y-AxisMagniude:
0.00000000E+000, 6.61616306E+000
2.50000000E+000, 4.66868973E+000
5.00000000E+000, 4.99573509E+000
7.50000000E+000, 3.11910654E+000
1.00000000E+001, -1.23601148E+000
1.25000000E+001, -2.35526414E+000
1.50000000E+001, -2.05045034E+000
1.75000000E+001, 1.55086548E-001
2.00000000E+001, 4.57306885E+000
2.25000000E+001, 7.28413410E-001
2.50000000E+001, 6.32552615E+000
2.75000000E+001, 4.16382188E+000
3.00000000E+001, -6.97878627E+000
3.25000000E+001, -7.25581697E+000
3.50000000E+001, -4.56992733E+000
3.75000000E+001, -2.76017301E+000
4.00000000E+001, -8.69645009E-001
4.25000000E+001, -1.79449349E+000
4.50000000E+001, -3.47584971E+000
4.75000000E+001, -1.25444083E+000
5.00000000E+001, -4.30535474E+000
5.25000000E+001, -4.19131100E+000
5.50000000E+001, -5.09377123E-001
5.75000000E+001, 1.79833937E-001
6.00000000E+001, -5.61539635E+000
6.25000000E+001, 8.60295631E-001
6.50000000E+001, -1.71351072E+000
6.75000000E+001, -3.81317452E+000
7.00000000E+001, -7.73563763E-001
7.25000000E+001, -9.17540896E+000
7.50000000E+001, 1.05798420E+000
7.75000000E+001, -5.43058275E+000
8.00000000E+001, -4.01935053E+000
8.25000000E+001, -6.55182337E+000
8.50000000E+001, -4.01576078E+000
8.75000000E+001, 1.22470186E+000
9.00000000E+001, -4.69840219E+000
9.25000000E+001, -6.41829745E+000
9.50000000E+001, -3.65470516E+000
9.75000000E+001, -3.99785099E-001
1.00000000E+002, -1.29700393E+000
1.02500000E+002, -5.01743361E+000
1.05000000E+002, -2.04412033E+000
1.07500000E+002, 1.69675813E+000
1.10000000E+002, -2.95150692E-002
1.12500000E+002, -2.32731174E-001
1.15000000E+002, 1.56419671E+000
1.17500000E+002, 1.60244327E+000
1.20000000E+002, 2.51645579E+000
1.22500000E+002, 4.59438738E+000
1.25000000E+002, 4.84917804E+000
1.27500000E+002, 5.30356954E+000
1.30000000E+002, 6.61891467E+000
1.32500000E+002, 7.04102912E+000
1.35000000E+002, 1.10127138E+001
1.37500000E+002, 1.39955372E+001
1.40000000E+002, 1.99800030E+001
1.42500000E+002, 3.30467909E+001
1.45000000E+002, 2.10831581E+001
1.47500000E+002, 1.44500286E+001
1.50000000E+002, 1.17292272E+001
1.52500000E+002, 9.27719679E+000
1.55000000E+002, 6.99024548E+000
1.57500000E+002, 7.02592229E+000
1.60000000E+002, 6.11049945E+000
1.62500000E+002, 4.83578093E+000
1.65000000E+002, 3.35805069E+000
1.67500000E+002, 3.48035012E+000
1.70000000E+002, 2.43042398E+000
1.72500000E+002, -1.56619268E+000
1.75000000E+002, -8.25737717E-001
1.77500000E+002, 1.06206813E+000
1.80000000E+002, 1.48504650E+000
1.82500000E+002, 9.29436206E-001
1.85000000E+002, 2.19315558E+000
1.87500000E+002, -2.20457994E+000
1.90000000E+002, 1.40865644E+000
1.92500000E+002, -9.70176084E-001
1.95000000E+002, 5.49100950E-001
1.97500000E+002, -1.31847380E+000
2.00000000E+002, -4.41039557E+000
2.02500000E+002, -2.67066165E+000
2.05000000E+002, 5.54806578E-002
2.07500000E+002, -2.74838487E+000
2.10000000E+002, -2.12896012E+000
2.12500000E+002, -2.08019003E+000
2.15000000E+002, -1.89206989E+000
2.17500000E+002, -4.92370091E+000
2.20000000E+002, -7.76354616E+000
2.22500000E+002, -3.39343267E+000
2.25000000E+002, -5.45690998E+000
2.27500000E+002, -2.61839464E+000
2.30000000E+002, -4.16286294E+000
2.32500000E+002, -3.53943693E+000
2.35000000E+002, -1.65282165E+000
2.37500000E+002, -1.02782382E+001
2.40000000E+002, -3.38723871E+000
2.42500000E+002, -4.38822894E+000
2.45000000E+002, -7.51103241E+000
2.47500000E+002, -7.32826972E+000
2.50000000E+002, -6.96923816E+000
2.52500000E+002, -7.27416279E+000
2.55000000E+002, -7.81012825E+000
2.57500000E+002, -3.52588457E+000
2.60000000E+002, -1.79565386E+000
2.62500000E+002, -1.11908664E+001
2.65000000E+002, -4.17795542E+000
2.67500000E+002, -4.16003767E+000
2.70000000E+002, -6.40446723E+000
2.72500000E+002, -9.64318647E+000
2.75000000E+002, -5.21023437E+000
2.77500000E+002, -5.59599520E+000
2.80000000E+002, -1.20446383E+001
2.82500000E+002, -7.17989420E+000
2.85000000E+002, -7.05568045E+000
2.87500000E+002, -1.11012009E+001
2.90000000E+002, -1.54290154E+001
2.92500000E+002, -1.86172981E+001
2.95000000E+002, -7.01863930E+000
2.97500000E+002, -1.19216484E+001
3.00000000E+002, -1.37834195E+001
3.02500000E+002, -1.64554277E+001
3.05000000E+002, -1.00613785E+001
3.07500000E+002, -2.31255038E+001
3.10000000E+002, -1.48546879E+001
3.12500000E+002, -5.68687706E+000
3.15000000E+002, -3.63266497E+000
3.17500000E+002, -2.04102775E+001
3.20000000E+002, -1.09067131E+001
3.22500000E+002, -4.75442691E+000
3.25000000E+002, -1.43382564E+001
3.27500000E+002, -8.22448280E+000
3.30000000E+002, -1.09134847E+001
3.32500000E+002, -1.42113634E+001
3.35000000E+002, -2.24896522E+001
3.37500000E+002, -1.67088456E+001
3.40000000E+002, -1.55397001E+001
3.42500000E+002, -1.02713041E+001
3.45000000E+002, -1.93366158E+001
3.47500000E+002, -7.85199943E+000
3.50000000E+002, -1.17067531E+001
3.52500000E+002, -1.41128411E+001
3.55000000E+002, -1.91847717E+001
3.57500000E+002, -8.23404930E+000
3.60000000E+002, -9.93151141E+000
3.62500000E+002, -1.79463400E+001
3.65000000E+002, -1.34505653E+001
3.67500000E+002, -2.11021897E+001
3.70000000E+002, -1.15314826E+001
3.72500000E+002, -1.43617866E+001
3.75000000E+002, -1.17264461E+001
3.77500000E+002, -7.71474926E+000
3.80000000E+002, -6.35501060E+000
3.82500000E+002, -1.60848027E+001
3.85000000E+002, -1.16683047E+001
3.87500000E+002, -1.37655380E+001
3.90000000E+002, -1.30240223E+001
3.92500000E+002, -6.66884601E+000
3.95000000E+002, -2.39593975E+001
3.97500000E+002, -1.09719527E+001
4.00000000E+002, -1.13733747E+001
4.02500000E+002, -8.37288200E+000
4.05000000E+002, -1.06901612E+001
4.07500000E+002, -1.04619330E+001
4.10000000E+002, -8.39114248E+000
4.12500000E+002, -1.07611261E+001
4.15000000E+002, -7.96203601E+000
4.17500000E+002, -8.55150761E+000
4.20000000E+002, -5.28905228E+000
4.22500000E+002, -1.32328089E+001
4.25000000E+002, -1.48095665E+001
4.27500000E+002, -1.52420452E+001
4.30000000E+002, -1.43034479E+001
4.32500000E+002, -9.87314159E+000
4.35000000E+002, -5.98240022E+000
4.37500000E+002, -1.48515433E+001
4.40000000E+002, -8.31331084E+000
4.42500000E+002, -8.11967915E+000
4.45000000E+002, -8.97732007E+000
4.47500000E+002, -1.94729611E+001
4.50000000E+002, -7.57490909E+000
4.52500000E+002, -1.44826657E+001
4.55000000E+002, -1.28563247E+001
4.57500000E+002, -1.01700803E+001
4.60000000E+002, -9.61022297E+000
4.62500000E+002, -1.32109934E+001
4.65000000E+002, -1.33145327E+001
4.67500000E+002, -7.04323001E+000
4.70000000E+002, -1.23923546E+001
4.72500000E+002, -3.77778131E+000
4.75000000E+002, -1.23603915E+001
4.77500000E+002, -1.55045779E+001
4.80000000E+002, -7.20831542E+000
4.82500000E+002, -4.25868444E+000
4.85000000E+002, -5.79749597E+000
4.87500000E+002, -1.40021353E+001
4.90000000E+002, -8.42613706E+000
4.92500000E+002, -1.31937547E+001
4.95000000E+002, -6.09797698E+000
4.97500000E+002, -9.50955342E+000
5.00000000E+002, -8.52217215E+000
5.02500000E+002, -1.09210237E+001
5.05000000E+002, -7.09629946E+000
5.07500000E+002, -1.10823450E+000
5.10000000E+002, -7.07561456E+000
5.12500000E+002, -7.86740477E+000
5.15000000E+002, -6.94570388E+000
5.17500000E+002, -5.16508119E+000
5.20000000E+002, -8.99542246E+000
5.22500000E+002, -4.89585157E+000
5.25000000E+002, -5.67093474E+000
5.27500000E+002, -9.34667829E-001
5.30000000E+002, 5.33537762E+000
5.32500000E+002, 1.15517457E+001
5.35000000E+002, -2.95017628E-001
5.37500000E+002, -3.56319148E+000
5.40000000E+002, -4.13315722E+001
5.42500000E+002, -8.75777740E+000
5.45000000E+002, -1.17582165E+001
5.47500000E+002, -1.25685567E+001
5.50000000E+002, -1.46532196E+001
5.52500000E+002, -1.52277978E+001
5.55000000E+002, -1.42161809E+001
5.57500000E+002, -8.01056112E+000
5.60000000E+002, -1.27566272E+001
5.62500000E+002, -1.38371970E+001
5.65000000E+002, -1.19725215E+001
5.67500000E+002, -9.41505167E+000
5.70000000E+002, -8.31696685E+000
5.72500000E+002, -1.02960909E+001
5.75000000E+002, -9.23187604E+000
5.77500000E+002, -1.46344300E+001
5.80000000E+002, -1.88317508E+001
5.82500000E+002, -1.71857896E+001
5.85000000E+002, -4.64030358E+000
5.87500000E+002, -7.82012221E+000
5.90000000E+002, -1.00033123E+001
5.92500000E+002, -1.42460765E+001
5.95000000E+002, -1.03860839E+000
5.97500000E+002, -1.01515182E+000
6.00000000E+002, -9.09764824E+000
6.02500000E+002, -1.75700492E+000
6.05000000E+002, -8.03597908E+000
6.07500000E+002, -8.56634535E+000
6.10000000E+002, -1.61298166E+001
6.12500000E+002, -8.78467780E+000
6.15000000E+002, -9.12583362E+000
6.17500000E+002, -2.30780615E+001
6.20000000E+002, -1.06645543E+001
6.22500000E+002, -1.44969571E+001
6.25000000E+002, -8.01363660E+000
6.27500000E+002, -1.81652468E+001
6.30000000E+002, -1.56051173E+001
6.32500000E+002, -1.42253569E+001
6.35000000E+002, -1.83030540E+001
6.37500000E+002, -1.46234869E+001
6.40000000E+002, -1.01675018E+001
6.42500000E+002, -1.32541330E+001
6.45000000E+002, -1.11316823E+001
6.47500000E+002, -1.09606183E+001
6.50000000E+002, -3.24933881E+000
6.52500000E+002, -1.32349050E+001
6.55000000E+002, -2.17975326E+001
6.57500000E+002, -4.02993498E+000
6.60000000E+002, -5.65464430E+000
6.62500000E+002, -1.01088822E+001
6.65000000E+002, -1.18049789E+001
6.67500000E+002, -1.67283262E+001
6.70000000E+002, -1.15336557E+001
6.72500000E+002, -1.51824103E+001
6.75000000E+002, -8.88810383E+000
6.77500000E+002, -9.78303153E+000
6.80000000E+002, -6.56924985E+000
6.82500000E+002, -2.56130787E+001
6.85000000E+002, -8.03518042E+000
6.87500000E+002, -9.54916935E+000
6.90000000E+002, -1.06679543E+001
6.92500000E+002, -6.01537513E+000
6.95000000E+002, -6.46010420E+000
6.97500000E+002, -9.76897892E+000
7.00000000E+002, -1.21511429E+001
7.02500000E+002, -1.47919893E+001
7.05000000E+002, -1.59024055E+001
7.07500000E+002, -1.09497620E+001
7.10000000E+002, -8.15336033E-002
7.12500000E+002, -3.83459498E+000
7.15000000E+002, -1.83999945E+001
7.17500000E+002, -9.29198592E+000
7.20000000E+002, -4.62467172E+000
7.22500000E+002, -1.09568278E+001
7.25000000E+002, -1.08554093E+001
7.27500000E+002, -7.53775319E+000
7.30000000E+002, -9.05011866E+000
7.32500000E+002, -1.14094024E+001
7.35000000E+002, -5.11867234E+000
7.37500000E+002, -6.38717370E+000
7.40000000E+002, -4.17325224E+000
7.42500000E+002, -3.86668373E+000
7.45000000E+002, -5.19582952E+000
7.47500000E+002, -7.98276143E+000
7.50000000E+002, -6.05777241E-001
7.52500000E+002, -6.70735374E+000
7.55000000E+002, -4.98741859E+000
7.57500000E+002, -8.72293952E+000
7.60000000E+002, -5.43666758E+000
7.62500000E+002, -7.81504762E+000
7.65000000E+002, -3.73710696E+000
7.67500000E+002, -3.57780187E+000
7.70000000E+002, -2.24246903E+000
7.72500000E+002, -4.39368525E+000
7.75000000E+002, -4.54588232E+000
7.77500000E+002, -2.36144798E+000
7.80000000E+002, -3.13560209E+000
7.82500000E+002, -2.49204454E+000
7.85000000E+002, -1.11406059E+000
7.87500000E+002, -5.72856129E-001
7.90000000E+002, -9.34079120E-001
7.92500000E+002, 4.72823002E-001
7.95000000E+002, 3.88264171E-001
7.97500000E+002, -9.16389945E-001
8.00000000E+002, 6.82077089E-003
8.02500000E+002, 1.60337605E+000
8.05000000E+002, 1.57694455E-001
8.07500000E+002, 3.06610927E+000
8.10000000E+002, 1.84451310E+000
8.12500000E+002, 1.24389866E+000
8.15000000E+002, 9.60975109E-001
8.17500000E+002, 4.34664410E+000
8.20000000E+002, 2.05676180E+000
8.22500000E+002, 5.08193195E+000
8.25000000E+002, 5.93788738E+000
8.27500000E+002, 4.74468174E+000
8.30000000E+002, 4.03314546E+000
8.32500000E+002, 4.59347022E+000
8.35000000E+002, 5.92981122E+000
8.37500000E+002, 7.12759961E+000
8.40000000E+002, 8.32724060E+000
8.42500000E+002, 8.96273388E+000
8.45000000E+002, 1.02305648E+001
8.47500000E+002, 1.04660396E+001
8.50000000E+002, 1.17553146E+001
8.52500000E+002, 1.28846658E+001
8.55000000E+002, 1.39979968E+001
8.57500000E+002, 1.57659151E+001
8.60000000E+002, 1.78411486E+001
8.62500000E+002, 1.99696538E+001
8.65000000E+002, 2.27214952E+001
8.67500000E+002, 2.48281189E+001
8.70000000E+002, 2.41238076E+001
8.72500000E+002, 2.08380342E+001
8.75000000E+002, 1.80196372E+001
8.77500000E+002, 1.57046567E+001
8.80000000E+002, 1.38547602E+001
8.82500000E+002, 1.26179872E+001
8.85000000E+002, 1.14788499E+001
8.87500000E+002, 8.98455993E+000
8.90000000E+002, 9.92265898E+000
8.92500000E+002, 8.39744683E+000
8.95000000E+002, 7.15573368E+000
8.97500000E+002, 6.75568605E+000
9.00000000E+002, 6.23928086E+000
9.02500000E+002, 4.63820302E+000
9.05000000E+002, 6.20088485E+000
9.07500000E+002, 4.61264156E+000
9.10000000E+002, 3.90063208E+000
9.12500000E+002, 4.64059352E+000
9.15000000E+002, 2.87966661E+000
9.17500000E+002, 2.47710491E+000
9.20000000E+002, 1.44686786E+000
9.22500000E+002, 3.28730125E+000
9.25000000E+002, -5.65127630E-002
9.27500000E+002, -2.23725069E+000
9.30000000E+002, -1.71402618E+000
9.32500000E+002, -2.90898209E+000
9.35000000E+002, -5.04552938E-001
9.37500000E+002, 2.23246690E+000
9.40000000E+002, -2.02830753E-001
9.42500000E+002, -2.07540341E+000
9.45000000E+002, 7.68889324E-001
9.47500000E+002, -3.88659571E+000
9.50000000E+002, -1.35441468E+000
9.52500000E+002, -2.86387638E+000
9.55000000E+002, -1.19376069E+000
9.57500000E+002, -3.05940706E+000
9.60000000E+002, -3.88747189E-001
9.62500000E+002, -1.33470554E+000
9.65000000E+002, -2.41434865E+000
9.67500000E+002, -7.73419000E-001
9.70000000E+002, -1.72899190E+000
9.72500000E+002, -9.03505552E-001
9.75000000E+002, -2.09784456E+000
9.77500000E+002, -2.41981912E+000
9.80000000E+002, -9.14012753E+000
9.82500000E+002, -2.06941087E+000
9.85000000E+002, -3.38109897E+000
9.87500000E+002, -4.84313424E+000
9.90000000E+002, -3.84859574E+000
9.92500000E+002, -1.68446869E+000
9.95000000E+002, -3.70463664E+000
9.97500000E+002, -3.99909530E+000
1.00000000E+003, -6.24997805E+000
1.00250000E+003, -6.32689918E+000
1.00500000E+003, -6.92760551E+000
1.00750000E+003, -3.55582147E+000
1.01000000E+003, -7.86403799E-001
1.01250000E+003, -6.95554961E+000
1.01500000E+003, -6.34888849E+000
1.01750000E+003, -6.57810682E+000
1.02000000E+003, -7.62716761E+000
1.02250000E+003, -6.32306979E+000
1.02500000E+003, -8.30663244E+000
1.02750000E+003, -7.72410129E+000
1.03000000E+003, -4.50309327E+000
1.03250000E+003, -5.59954935E+000
1.03500000E+003, -9.32193970E+000
1.03750000E+003, -1.18843078E+001
1.04000000E+003, -7.31866723E+000
1.04250000E+003, -1.33660428E+001
1.04500000E+003, -4.85696937E+000
1.04750000E+003, -7.82007403E+000
1.05000000E+003, -9.77710845E+000
1.05250000E+003, -5.09853636E+000
1.05500000E+003, -8.92150208E+000
1.05750000E+003, -6.12028178E+000
1.06000000E+003, -7.05919055E+000
1.06250000E+003, -9.30781785E+000
1.06500000E+003, -1.01806437E+001
1.06750000E+003, -7.73020827E+000
1.07000000E+003, -1.13048528E+001
1.07250000E+003, -9.14853725E+000
1.07500000E+003, -9.26047531E+000
1.07750000E+003, -1.06928520E+001
1.08000000E+003, -7.79032344E+000
1.08250000E+003, -1.11378310E+001
1.08500000E+003, -1.06511586E+001
1.08750000E+003, -5.83403816E+000
1.09000000E+003, -1.97734573E+001
1.09250000E+003, -6.43265199E+000
1.09500000E+003, -7.00749513E+000
1.09750000E+003, -1.43965423E+001
1.10000000E+003, -1.31285540E+001
1.10250000E+003, -5.32124200E+000
1.10500000E+003, -8.05360308E+000
1.10750000E+003, -9.01311540E+000
1.11000000E+003, -5.25815388E+000
1.11250000E+003, -1.52635344E+001
1.11500000E+003, -1.23402164E+001
1.11750000E+003, -1.13027737E+001
1.12000000E+003, -1.61924165E+001
1.12250000E+003, -1.58616843E+001
1.12500000E+003, -8.17884325E+000
1.12750000E+003, -1.12911185E+001
1.13000000E+003, -1.39677360E+001
1.13250000E+003, -1.14424142E+001
1.13500000E+003, -1.18502898E+001
1.13750000E+003, -1.38052049E+001
1.14000000E+003, -1.70835725E+001
1.14250000E+003, -1.11860149E+001
1.14500000E+003, -1.24476271E+001
1.14750000E+003, -1.22068402E+001
1.15000000E+003, -1.32277293E+001
1.15250000E+003, -1.32047490E+001
1.15500000E+003, -1.92879788E+001
1.15750000E+003, -9.02779673E+000
1.16000000E+003, -1.95165714E+001
1.16250000E+003, -7.68634499E+000
1.16500000E+003, -1.19670305E+001
1.16750000E+003, -8.36969523E+000
1.17000000E+003, -1.23013186E+001
1.17250000E+003, -1.17490673E+001
1.17500000E+003, -1.57298438E+001
1.17750000E+003, -1.39651455E+001
1.18000000E+003, -1.31773962E+001
1.18250000E+003, -1.43293792E+001
1.18500000E+003, -1.87027956E+001
1.18750000E+003, -9.82485539E+000
1.19000000E+003, -1.59386976E+001
1.19250000E+003, -1.29891451E+001
1.19500000E+003, -1.68256938E+001
1.19750000E+003, -1.64092533E+001
1.20000000E+003, -8.51326709E+000
1.20250000E+003, -1.30212525E+001
1.20500000E+003, -1.20753813E+001
1.20750000E+003, -1.27463095E+001
1.21000000E+003, -1.88187361E+001
1.21250000E+003, -1.68137509E+001
1.21500000E+003, -1.27141896E+001
1.21750000E+003, -1.24889275E+001
1.22000000E+003, -1.73949501E+001
1.22250000E+003, -1.22264562E+001
1.22500000E+003, -1.08267287E+001
1.22750000E+003, -2.72226328E+001
1.23000000E+003, -1.56005184E+001
1.23250000E+003, -2.20808894E+001
1.23500000E+003, -9.61626739E+000
1.23750000E+003, -1.78883116E+001
1.24000000E+003, -1.53730490E+001
1.24250000E+003, -2.51907097E+001
1.24500000E+003, -1.24259840E+001
1.24750000E+003, -1.33194547E+001
1.25000000E+003, -1.10976011E+001
1.25250000E+003, -1.24442552E+001
1.25500000E+003, -1.67983560E+001
1.25750000E+003, -1.61895228E+001
1.26000000E+003, -6.17863969E+000
1.26250000E+003, -1.02714963E+001
1.26500000E+003, -1.05477180E+001
1.26750000E+003, -1.17933990E+001
1.27000000E+003, -1.03475551E+001
1.27250000E+003, -1.58080788E+001
1.27500000E+003, -1.91915261E+001
1.27750000E+003, -1.05006839E+001
1.28000000E+003, -1.54946573E+001
1.28250000E+003, -1.13489644E+001
1.28500000E+003, -9.29497757E+000
1.28750000E+003, -1.22382934E+001
1.29000000E+003, -8.96746742E+000
1.29250000E+003, -2.12954286E+001
1.29500000E+003, -1.61373879E+001
1.29750000E+003, -2.11913747E+001
1.30000000E+003, -1.86967101E+001
1.30250000E+003, -1.21787513E+001
1.30500000E+003, -1.79508630E+001
1.30750000E+003, -1.50945663E+001
1.31000000E+003, -1.53797613E+001
1.31250000E+003, -1.72648164E+001
1.31500000E+003, -2.09721654E+001
1.31750000E+003, -1.34770138E+001
1.32000000E+003, -1.82131725E+001
1.32250000E+003, -1.77073529E+001
1.32500000E+003, -1.15751155E+001
1.32750000E+003, -6.18239402E+000
1.33000000E+003, -7.77851310E+000
1.33250000E+003, -4.19198717E+000
1.33500000E+003, 1.04071338E+000
1.33750000E+003, 6.03792857E+000
1.34000000E+003, 1.69743544E+001
1.34250000E+003, 1.18542845E+001
1.34500000E+003, 5.16318409E+000
1.34750000E+003, 2.33094294E+000
1.35000000E+003, 7.78461722E-001
1.35250000E+003, 1.72005832E+000
1.35500000E+003, -1.57898375E+000
1.35750000E+003, -3.18864567E+000
1.36000000E+003, -4.06595724E+000
1.36250000E+003, -2.89568474E+000
1.36500000E+003, -5.37954251E+000
1.36750000E+003, -3.17241004E+000
1.37000000E+003, -5.62206896E+000
1.37250000E+003, -8.50633024E+000
1.37500000E+003, -7.48069527E+000
1.37750000E+003, -2.46672336E+000
1.38000000E+003, -1.02434730E+001
1.38250000E+003, -9.79146992E+000
1.38500000E+003, -7.12147756E+000
1.38750000E+003, -7.26290031E+000
1.39000000E+003, -1.35774993E+001
1.39250000E+003, -9.74648537E+000
1.39500000E+003, -5.36756813E+000
1.39750000E+003, -9.72277880E+000
1.40000000E+003, -4.26874685E+000
1.40250000E+003, -7.27143783E+000
1.40500000E+003, -8.30454319E+000
1.40750000E+003, -9.37790036E+000
1.41000000E+003, -8.70364306E+000
1.41250000E+003, -1.17397242E+001
1.41500000E+003, -9.81647415E+000
1.41750000E+003, -5.38704191E+000
1.42000000E+003, -1.14885673E+001
1.42250000E+003, -1.71642582E+001
1.42500000E+003, -1.03539595E+001
1.42750000E+003, -9.15571365E+000
1.43000000E+003, -8.85816090E+000
1.43250000E+003, -1.20146224E+001
1.43500000E+003, -8.05272222E+000
1.43750000E+003, -2.14301389E+001
1.44000000E+003, -1.25233427E+001
1.44250000E+003, -1.37923845E+001
1.44500000E+003, -3.83227023E+001
1.44750000E+003, -9.61448220E+000
1.45000000E+003, -1.06660859E+001
1.45250000E+003, -1.48714115E+001
1.45500000E+003, -1.89000308E+001
1.45750000E+003, -1.01652542E+001
1.46000000E+003, -1.26989215E+001
1.46250000E+003, -1.54613284E+001
1.46500000E+003, -7.43367181E+000
1.46750000E+003, -1.72816843E+001
1.47000000E+003, -1.18397751E+001
1.47250000E+003, -1.60642450E+001
1.47500000E+003, -1.24157104E+001
1.47750000E+003, -7.03076128E+000
1.48000000E+003, -7.46437588E+000
1.48250000E+003, -9.91428388E+000
1.48500000E+003, -9.50784333E+000
1.48750000E+003, -9.57355360E+000
1.49000000E+003, -9.35350571E+000
1.49250000E+003, -1.67133586E+001
1.49500000E+003, -5.60739360E+000
1.49750000E+003, -1.60309718E+001
1.50000000E+003, -9.58105772E+000
1.50250000E+003, -1.42863898E+001
1.50500000E+003, -8.83785989E+000
1.50750000E+003, -1.06554507E+001
1.51000000E+003, -9.26542520E+000
1.51250000E+003, -9.38279679E+000
1.51500000E+003, -1.11933129E+001
1.51750000E+003, -1.69376400E+001
1.52000000E+003, -1.58029232E+001
1.52250000E+003, -1.21516227E+001
1.52500000E+003, -9.55645963E+000
1.52750000E+003, -8.11164912E+000
1.53000000E+003, -8.52772093E+000
1.53250000E+003, -1.13516302E+001
1.53500000E+003, -8.74377468E+000
1.53750000E+003, -7.42563955E+000
1.54000000E+003, -5.92734409E+000
1.54250000E+003, -8.08281524E+000
1.54500000E+003, -5.80159898E+000
1.54750000E+003, -9.59469233E+000
1.55000000E+003, -8.88189820E+000
1.55250000E+003, -1.53771082E+001
1.55500000E+003, -7.65033153E+000
1.55750000E+003, -8.86931295E+000
1.56000000E+003, -1.30012751E+001
1.56250000E+003, -7.53940727E+000
1.56500000E+003, -8.43105844E+000
1.56750000E+003, -1.28073772E+001
1.57000000E+003, -8.07226821E+000
1.57250000E+003, -8.74103175E+000
1.57500000E+003, -8.71816902E+000
1.57750000E+003, -1.02640533E+001
1.58000000E+003, -8.33421925E+000
1.58250000E+003, -9.68748679E+000
1.58500000E+003, -5.50206008E+000
1.58750000E+003, -7.46648071E+000
1.59000000E+003, -4.99718501E+000
1.59250000E+003, -4.61049364E+000
1.59500000E+003, -3.88495154E+000
1.59750000E+003, -8.85414669E+000
1.60000000E+003, -9.55937490E+000
1.60250000E+003, -3.00636138E+000
1.60500000E+003, -3.74975282E+000
1.60750000E+003, -5.38263637E+000
1.61000000E+003, -9.71927373E+000
1.61250000E+003, -8.72415117E+000
1.61500000E+003, -4.14155733E+000
1.61750000E+003, -4.48403102E+000
1.62000000E+003, -3.75262829E+000
1.62250000E+003, -5.51662615E+000
1.62500000E+003, -8.36159987E+000
1.62750000E+003, -5.53112652E+000
1.63000000E+003, -6.58165125E+000
1.63250000E+003, -4.79493479E+000
1.63500000E+003, -6.71106203E+000
1.63750000E+003, -7.94747901E+000
1.64000000E+003, -4.56097702E+000
1.64250000E+003, -9.37546977E+000
1.64500000E+003, -1.04844486E+001
1.64750000E+003, -3.52271025E+000
1.65000000E+003, -9.01620703E+000
1.65250000E+003, -2.91426717E+000
1.65500000E+003, -7.23781417E+000
1.65750000E+003, -9.78350958E+000
1.66000000E+003, -1.03238439E+001
1.66250000E+003, -4.56495311E+000
1.66500000E+003, -2.01806442E+000
1.66750000E+003, -5.90085814E+000
1.67000000E+003, -5.87686666E+000
1.67250000E+003, -4.76559362E+000
1.67500000E+003, -9.31770947E+000
1.67750000E+003, -4.59332084E+000
1.68000000E+003, -5.67895888E+000
1.68250000E+003, -7.58840418E+000
1.68500000E+003, -6.33283458E+000
1.68750000E+003, -6.90476570E+000
1.69000000E+003, -4.64309024E+000
1.69250000E+003, -2.23861831E+001
1.69500000E+003, -8.46997403E+000
1.69750000E+003, -1.24429775E+001
1.70000000E+003, -7.80847173E+000
1.70250000E+003, -1.31003822E+001
1.70500000E+003, -1.42863785E+001
1.70750000E+003, -1.25741915E+001
1.71000000E+003, -5.43347078E+000
1.71250000E+003, -6.39504471E+000
1.71500000E+003, -3.92195751E+000
1.71750000E+003, -9.97143379E+000
1.72000000E+003, -5.97804751E+000
1.72250000E+003, -9.29431604E+000
1.72500000E+003, -5.69786791E+000
1.72750000E+003, -6.23975936E+000
1.73000000E+003, -9.07485617E+000
1.73250000E+003, -6.38576029E+000
1.73500000E+003, -2.40256939E+001
1.73750000E+003, -2.07518076E+001
1.74000000E+003, -7.77891394E+000
1.74250000E+003, -7.89095758E+000
1.74500000E+003, -9.06970024E+000
1.74750000E+003, -1.34762569E+001
1.75000000E+003, -5.64353954E+000
1.75250000E+003, -1.97091940E+000
1.75500000E+003, -6.93973431E-001
1.75750000E+003, 2.14278120E+000
1.76000000E+003, 1.22830353E+000
1.76250000E+003, 3.17858622E+000
1.76500000E+003, 5.28546372E+000
1.76750000E+003, 5.47639957E+000
1.77000000E+003, 8.02647980E+000
1.77250000E+003, 9.62385328E+000
1.77500000E+003, 1.19507722E+001
1.77750000E+003, 1.43123354E+001
1.78000000E+003, 1.59799332E+001
1.78250000E+003, 1.76548298E+001
1.78500000E+003, 2.03136072E+001
1.78750000E+003, 2.29757369E+001
1.79000000E+003, 2.66783252E+001
1.79250000E+003, 3.15769577E+001
1.79500000E+003, 3.96781329E+001
1.79750000E+003, 4.74320377E+001
1.80000000E+003, 3.79726592E+001
1.80250000E+003, 3.44150317E+001
1.80500000E+003, 3.29692298E+001
1.80750000E+003, 3.24885301E+001
1.81000000E+003, 3.28426359E+001
1.81250000E+003, 3.37716867E+001
1.81500000E+003, 3.54577032E+001
1.81750000E+003, 3.83906383E+001
1.82000000E+003, 4.34642854E+001
1.82250000E+003, 5.19367829E+001
1.82500000E+003, 4.35316761E+001
1.82750000E+003, 3.81494426E+001
1.83000000E+003, 3.50889020E+001
1.83250000E+003, 3.31806767E+001
1.83500000E+003, 3.31029016E+001
1.83750000E+003, 3.72239039E+001
1.84000000E+003, 1.45703053E+001
1.84250000E+003, 1.83489341E+001
1.84500000E+003, 2.08855011E+001
1.84750000E+003, 2.13336185E+001
1.85000000E+003, 2.17580060E+001
1.85250000E+003, 2.16573154E+001
1.85500000E+003, 2.13728029E+001
1.85750000E+003, 2.16638466E+001
1.86000000E+003, 2.20099883E+001
1.86250000E+003, 2.23060743E+001
1.86500000E+003, 2.26701463E+001
1.86750000E+003, 2.33509997E+001
1.87000000E+003, 2.47269700E+001
1.87250000E+003, 2.57631115E+001
1.87500000E+003, 2.75202011E+001
1.87750000E+003, 3.02446948E+001
1.88000000E+003, 3.42907597E+001
1.88250000E+003, 3.62786096E+001
1.88500000E+003, 2.99640106E+001
1.88750000E+003, 2.52109589E+001
1.89000000E+003, 2.16256703E+001
1.89250000E+003, 1.82605171E+001
1.89500000E+003, 1.64760502E+001
1.89750000E+003, 1.38099378E+001
1.90000000E+003, 1.21187580E+001
1.90250000E+003, 1.05522418E+001
1.90500000E+003, 9.06708741E+000
1.90750000E+003, 7.43054266E+000
1.91000000E+003, 5.20025644E+000
1.91250000E+003, 4.39541802E+000
1.91500000E+003, 2.24527764E+000
1.91750000E+003, -1.09991481E+000
1.92000000E+003, -2.79647034E+000
1.92250000E+003, -3.77141716E+000
1.92500000E+003, 5.67950664E-001
1.92750000E+003, -4.83414469E+000
1.93000000E+003, -9.60802928E+000
1.93250000E+003, -5.25116327E+000
1.93500000E+003, -2.60006558E+001
1.93750000E+003, -7.47047943E+000
1.94000000E+003, -1.02655246E+001
1.94250000E+003, -6.78904946E+000
1.94500000E+003, -1.14147557E+001
1.94750000E+003, -1.14786900E+001
1.95000000E+003, -4.71447503E+000
1.95250000E+003, -1.76152041E+001
1.95500000E+003, -1.34516397E+001
1.95750000E+003, -1.32351929E+001
1.96000000E+003, -1.13836403E+001
1.96250000E+003, -7.02908197E+000
1.96500000E+003, -8.55384253E+000
1.96750000E+003, -1.25956887E+001
1.97000000E+003, -4.09556552E+000
1.97250000E+003, -1.49424503E+001
1.97500000E+003, -1.39152057E+001
1.97750000E+003, -2.77177663E+000
1.98000000E+003, -8.81559147E+000
1.98250000E+003, -8.09058361E+000
1.98500000E+003, -9.20517432E+000
1.98750000E+003, -1.48961275E+001
1.99000000E+003, -4.54769871E+000
1.99250000E+003, -2.24614775E+001
1.99500000E+003, -4.80459467E+000
1.99750000E+003, -8.44505578E+000
2.00000000E+003, -4.29024754E+000
2.00250000E+003, -1.97280660E+001
2.00500000E+003, -9.24939342E+000
2.00750000E+003, -5.77920975E+000
2.01000000E+003, -1.55539816E+001
2.01250000E+003, -9.25977999E+000
2.01500000E+003, -1.84601013E+001
2.01750000E+003, -1.84260364E+001
2.02000000E+003, -2.35918436E+001
2.02250000E+003, -1.90628356E+001
2.02500000E+003, -1.00289360E+001
2.02750000E+003, -1.55621019E+001
2.03000000E+003, -1.71981122E+001
2.03250000E+003, -8.02030849E+000
2.03500000E+003, -6.02033071E+000
2.03750000E+003, -5.73798334E+000
2.04000000E+003, -1.72732970E+001
2.04250000E+003, -7.12176408E+000
2.04500000E+003, -6.95259255E+000
2.04750000E+003, -8.04605692E+000
2.05000000E+003, -7.97758674E+000
2.05250000E+003, -5.82274914E+000
2.05500000E+003, -7.86306787E+000
2.05750000E+003, -1.40274149E+001
2.06000000E+003, -1.57088691E+001
2.06250000E+003, -1.28668411E+001
2.06500000E+003, -1.22911642E+001
2.06750000E+003, -2.07878753E+001
2.07000000E+003, -1.45042415E+001
2.07250000E+003, -1.48711473E+001
2.07500000E+003, -1.47725225E+001
2.07750000E+003, -1.33365337E+001
2.08000000E+003, -2.09194277E+001
2.08250000E+003, -6.23389263E+000
2.08500000E+003, -7.68146863E+000
2.08750000E+003, -2.06102162E+001
2.09000000E+003, -1.90340257E+001
2.09250000E+003, -1.23337931E+001
2.09500000E+003, -2.18749089E+001
2.09750000E+003, -2.25344390E+001
2.10000000E+003, -1.89933291E+001
2.10250000E+003, -1.46128877E+001
2.10500000E+003, -1.67782617E+001
2.10750000E+003, -2.23613732E+001
2.11000000E+003, -1.34158476E+001
2.11250000E+003, -1.52695203E+001
2.11500000E+003, -2.02214559E+001
2.11750000E+003, -1.24421797E+001
2.12000000E+003, -5.29768496E+000
2.12250000E+003, -1.28514237E+001
2.12500000E+003, -9.16169034E+000
2.12750000E+003, -1.93120152E+001
2.13000000E+003, -1.30461781E+001
2.13250000E+003, -1.15305979E+001
2.13500000E+003, -1.38968764E+001
2.13750000E+003, -1.63205563E+001
2.14000000E+003, -1.06810984E+001
2.14250000E+003, -1.66128620E+001
2.14500000E+003, -9.21533427E+000
2.14750000E+003, -9.57303418E+000
2.15000000E+003, -1.88239744E+001
2.15250000E+003, -6.22967738E+000
2.15500000E+003, -8.17324147E+000
2.15750000E+003, -1.54881147E+001
2.16000000E+003, -1.47197483E+001
2.16250000E+003, -9.41765591E+000
2.16500000E+003, -9.23083316E+000
2.16750000E+003, -1.35604927E+001
2.17000000E+003, -1.24396778E+001
2.17250000E+003, -8.51437429E+000
2.17500000E+003, -1.42964581E+001
2.17750000E+003, -1.21111843E+001
2.18000000E+003, -1.15773311E+001
2.18250000E+003, -7.31765828E+000
2.18500000E+003, -9.81628432E+000
2.18750000E+003, -6.70875296E+000
2.19000000E+003, -8.73830942E+000
2.19250000E+003, -7.75571740E+000
2.19500000E+003, -9.63863789E+000
2.19750000E+003, -1.12858436E+001
2.20000000E+003, -2.02072085E+001
2.20250000E+003, -8.77097294E+000
2.20500000E+003, -1.12080680E+001
2.20750000E+003, -5.56530714E+000
2.21000000E+003, -5.51760403E+000
2.21250000E+003, -6.64721845E+000
2.21500000E+003, -7.60621897E+000
2.21750000E+003, -1.64911993E+001
2.22000000E+003, -2.14967686E+001
2.22250000E+003, -2.74947337E+001
2.22500000E+003, -1.07136574E+001
2.22750000E+003, -7.08547743E+000
2.23000000E+003, -1.06722010E+001
2.23250000E+003, -1.32424537E+001
2.23500000E+003, -9.00859642E+000
2.23750000E+003, -9.91852506E+000
2.24000000E+003, -7.58910470E+000
2.24250000E+003, -7.52451425E+000
2.24500000E+003, -8.98815061E+000
2.24750000E+003, -6.60136379E+000
2.25000000E+003, -1.63791198E+001
2.25250000E+003, -9.24270886E+000
2.25500000E+003, -1.16609964E+001
2.25750000E+003, -1.37134414E+001
2.26000000E+003, -8.76131519E+000
2.26250000E+003, -9.21647879E+000
2.26500000E+003, -1.63782280E+001
2.26750000E+003, -6.42588666E+000
2.27000000E+003, -6.59204829E+000
2.27250000E+003, -6.78638144E+000
2.27500000E+003, -1.10018474E+001
2.27750000E+003, -6.48209814E+000
2.28000000E+003, -2.63821219E+000
2.28250000E+003, -9.35784577E+000
2.28500000E+003, -1.14707129E+001
2.28750000E+003, -8.39435352E+000
2.29000000E+003, -1.42796505E+001
2.29250000E+003, -1.39105908E+001
2.29500000E+003, -7.85218215E+000
2.29750000E+003, -8.02157098E+000
2.30000000E+003, -7.42211008E+000
2.30250000E+003, -5.37092271E+000
2.30500000E+003, -6.92139238E+000
2.30750000E+003, -1.99255340E+001
2.31000000E+003, -1.13347201E+001
2.31250000E+003, -7.30439486E+000
2.31500000E+003, -6.00932466E+000
2.31750000E+003, -9.26539460E+000
2.32000000E+003, -9.02838086E+000
2.32250000E+003, -4.62789540E+000
2.32500000E+003, -9.63403814E+000
2.32750000E+003, -1.43186054E+000
2.33000000E+003, -3.55946393E+000
2.33250000E+003, -3.03804418E+000
2.33500000E+003, -2.29861862E+000
2.33750000E+003, -5.13095446E+000
2.34000000E+003, -6.95421108E+000
2.34250000E+003, -3.33554173E+000
2.34500000E+003, -3.01518272E+000
2.34750000E+003, -7.76665429E+000
2.35000000E+003, -6.90797931E+000
2.35250000E+003, -5.99783756E+000
2.35500000E+003, -7.69041192E+000
2.35750000E+003, -8.50469671E+000
2.36000000E+003, -1.01057274E+001
2.36250000E+003, -6.87472242E+000
2.36500000E+003, -1.64505103E+001
2.36750000E+003, -1.05961140E+001
2.37000000E+003, -2.14624651E+001
2.37250000E+003, -2.20269309E+001
2.37500000E+003, -1.65244459E+001
2.37750000E+003, -1.13825422E+001
2.38000000E+003, -2.11826854E+001
2.38250000E+003, -1.70165841E+001
2.38500000E+003, -5.92220543E+000
2.38750000E+003, -1.69880211E+001
2.39000000E+003, -2.10272312E+001
2.39250000E+003, -1.56060292E+001
2.39500000E+003, -1.64514703E+001
2.39750000E+003, -1.61964418E+001
2.40000000E+003, -2.27560343E+001
2.40250000E+003, -2.27410981E+001
2.40500000E+003, -1.81008976E+001
2.40750000E+003, -2.98843388E+001
2.41000000E+003, -2.36173200E+001
2.41250000E+003, -1.73377400E+001
2.41500000E+003, -1.62517389E+001
2.41750000E+003, -1.59718011E+001
2.42000000E+003, -9.53964134E+000
2.42250000E+003, -1.33012428E+001
2.42500000E+003, -1.12252223E+001
2.42750000E+003, -5.06055522E+000
2.43000000E+003, -4.60866502E+000
2.43250000E+003, -7.32048400E+000
2.43500000E+003, -7.46233594E+000
2.43750000E+003, -3.71646477E+000
2.44000000E+003, -6.36129786E+000
2.44250000E+003, -8.76337675E+000
2.44500000E+003, -6.37448357E+000
2.44750000E+003, -5.42465402E+000
2.45000000E+003, -6.19607038E+000
2.45250000E+003, -1.43741881E+001
2.45500000E+003, -6.74742007E+000
2.45750000E+003, -1.17534980E+001
2.46000000E+003, -8.18158725E+000
2.46250000E+003, -1.37842764E+001
2.46500000E+003, -5.38907780E+000
2.46750000E+003, -6.88844805E+000
2.47000000E+003, -8.91610313E+000
2.47250000E+003, -4.32001453E+000
2.47500000E+003, -5.96681404E+000
2.47750000E+003, -1.14128290E+001
2.48000000E+003, -1.01371930E+001
2.48250000E+003, -6.94440264E+000
2.48500000E+003, -7.92484798E+000
2.48750000E+003, -9.24396910E+000
2.49000000E+003, -1.53734451E+001
2.49250000E+003, -6.38340928E+000
2.49500000E+003, -1.53347596E+001
2.49750000E+003, -6.71614412E+000
2.50000000E+003, -3.84856434E+000
2.50250000E+003, -6.47052059E+000
2.50500000E+003, -1.02611617E+001
2.50750000E+003, -6.38577887E+000
2.51000000E+003, -2.98278818E+000
2.51250000E+003, -5.48408359E+000
2.51500000E+003, -1.03199961E+001
2.51750000E+003, -1.35122949E+001
2.52000000E+003, -7.32316900E+000
2.52250000E+003, -1.44777503E+001
2.52500000E+003, -9.91937779E+000
2.52750000E+003, -6.20669108E+000
2.53000000E+003, -6.26815044E+000
2.53250000E+003, -8.74078428E+000
2.53500000E+003, -4.14303716E+000
2.53750000E+003, -6.49704648E+000
2.54000000E+003, -9.54401394E+000
2.54250000E+003, -5.50594925E+000
2.54500000E+003, -7.06054308E+000
2.54750000E+003, -4.56498088E+000
2.55000000E+003, -3.92772320E+000
2.55250000E+003, -6.71633250E+000
2.55500000E+003, -7.09875809E+000
2.55750000E+003, -1.33873031E+001
2.56000000E+003, -3.31691979E+000
2.56250000E+003, -5.22637753E+000
2.56500000E+003, -3.75516178E+000
2.56750000E+003, -4.18876121E+000
2.57000000E+003, -6.08029677E+000
2.57250000E+003, -4.88470880E+000
2.57500000E+003, -5.79217211E+000
2.57750000E+003, -1.69787307E+001
2.58000000E+003, -3.92831765E+000
2.58250000E+003, -6.13611832E+000
2.58500000E+003, -7.20133883E+000
2.58750000E+003, -7.22850855E+000
2.59000000E+003, -8.19454749E+000
2.59250000E+003, -3.93153626E+000
2.59500000E+003, -3.64080594E+000
2.59750000E+003, -6.40015808E+000
2.60000000E+003, -6.82028791E+000
2.60250000E+003, -4.26116860E+000
2.60500000E+003, -4.20013558E+000
2.60750000E+003, -2.69573307E+000
2.61000000E+003, -9.41855500E+000
2.61250000E+003, -7.07360442E+000
2.61500000E+003, -7.42689504E+000
2.61750000E+003, -5.50935174E+000
2.62000000E+003, -4.68953285E+000
2.62250000E+003, -2.52272893E+000
2.62500000E+003, -5.44643042E+000
2.62750000E+003, -8.19258658E+000
2.63000000E+003, -5.21997343E+000
2.63250000E+003, -5.69352604E+000
2.63500000E+003, -7.81623146E+000
2.63750000E+003, -5.23003214E+000
2.64000000E+003, -5.73165931E+000
2.64250000E+003, -3.18993131E+000
2.64500000E+003, -8.51274554E+000
2.64750000E+003, -3.99065850E+000
2.65000000E+003, -3.24758517E+000
2.65250000E+003, -5.70359564E+000
2.65500000E+003, -6.26478019E+000
2.65750000E+003, -8.15139210E+000
2.66000000E+003, -1.76070279E+000
2.66250000E+003, -1.08722818E+000
2.66500000E+003, -3.46801160E+000
2.66750000E+003, 1.11523357E+000
2.67000000E+003, -1.52618405E+000
2.67250000E+003, -6.74530050E+000
2.67500000E+003, -5.52229364E+000
2.67750000E+003, -1.50977174E+000
2.68000000E+003, -1.43557293E+000
2.68250000E+003, -3.13081286E+000
2.68500000E+003, -2.33162952E+000
2.68750000E+003, -2.12779762E+000
2.69000000E+003, -4.63721600E+000
2.69250000E+003, -5.37302020E+000
2.69500000E+003, -4.32963266E+000
2.69750000E+003, -4.02849122E+000
2.70000000E+003, -9.99391084E-001
2.70250000E+003, -2.36678566E+000
2.70500000E+003, -1.70587589E+000
2.70750000E+003, -2.77075695E+000
2.71000000E+003, 8.55097800E-001
2.71250000E+003, -9.00207372E-001
2.71500000E+003, -7.29824761E-001
2.71750000E+003, -6.55103943E+000
2.72000000E+003, -3.52333304E+000
2.72250000E+003, -1.66961923E+000
2.72500000E+003, -2.27243036E+000
2.72750000E+003, 5.46920077E-001
2.73000000E+003, 9.63705372E-002
2.73250000E+003, -4.37570468E-001
2.73500000E+003, 1.97451270E+000
2.73750000E+003, -1.95415760E+000
2.74000000E+003, 5.92359904E-001
2.74250000E+003, 3.24615232E-001
2.74500000E+003, 1.01264763E-001
2.74750000E+003, 1.22640607E+000
2.75000000E+003, 1.53643769E+000
2.75250000E+003, 1.71275163E+000
2.75500000E+003, 5.05459763E-001
2.75750000E+003, 1.12828092E+000
2.76000000E+003, 3.51140769E+000
2.76250000E+003, 3.98103246E+000
2.76500000E+003, 3.83241402E+000
2.76750000E+003, 3.97224677E+000
2.77000000E+003, 3.96072125E+000
2.77250000E+003, 2.82833267E+000
2.77500000E+003, 3.17955481E+000
2.77750000E+003, 1.58356649E+000
2.78000000E+003, 3.67993633E+000
2.78250000E+003, 3.91304852E+000
2.78500000E+003, 6.13902749E+000
2.78750000E+003, 5.44687564E+000
2.79000000E+003, 6.04602767E+000
2.79250000E+003, 6.42900587E+000
2.79500000E+003, 7.68896576E+000
2.79750000E+003, 6.68825319E+000
2.80000000E+003, 7.78200120E+000
2.80250000E+003, 8.74483740E+000
2.80500000E+003, 9.98937169E+000
2.80750000E+003, 1.16442585E+001
2.81000000E+003, 1.26869050E+001
2.81250000E+003, 1.56696959E+001
2.81500000E+003, 1.93866939E+001
2.81750000E+003, 2.72358097E+001
2.82000000E+003, 2.30999316E+001
2.82250000E+003, 1.50307175E+001
2.82500000E+003, 8.42756678E+000
2.82750000E+003, 6.56866464E+000
2.83000000E+003, -1.29782184E-001
2.83250000E+003, -9.66084750E-001
2.83500000E+003, -1.68434341E+001
2.83750000E+003, -6.52695966E+000
2.84000000E+003, -1.21150796E+001
2.84250000E+003, -2.01309505E+001
2.84500000E+003, -5.03803388E+000
2.84750000E+003, -7.34428515E+000
2.85000000E+003, -5.74419611E+000
2.85250000E+003, -1.61767472E+000
2.85500000E+003, 7.58653717E-001
2.85750000E+003, 6.31748168E-001
2.86000000E+003, -9.33707125E-001
2.86250000E+003, 2.07266168E+000
2.86500000E+003, 1.22690256E+000
2.86750000E+003, 2.51187490E+000
2.87000000E+003, 3.20670112E+000
2.87250000E+003, 5.09951434E+000
2.87500000E+003, 3.49335692E+000
2.87750000E+003, 3.11607400E+000
2.88000000E+003, 6.11462082E+000
2.88250000E+003, 5.02944150E+000
2.88500000E+003, 7.53786197E+000
2.88750000E+003, 8.69407351E+000
2.89000000E+003, 1.03290573E+001
2.89250000E+003, 8.98499239E+000
2.89500000E+003, 9.48021894E+000
2.89750000E+003, 9.57215478E+000
2.90000000E+003, 9.77550925E+000
2.90250000E+003, 1.13982849E+001
2.90500000E+003, 1.18867990E+001
2.90750000E+003, 1.29312110E+001
2.91000000E+003, 1.41520959E+001
2.91250000E+003, 1.50354808E+001
2.91500000E+003, 1.64323058E+001
2.91750000E+003, 1.72860172E+001
2.92000000E+003, 1.90519840E+001
2.92250000E+003, 2.09140261E+001
2.92500000E+003, 2.32293418E+001
2.92750000E+003, 2.64108895E+001
2.93000000E+003, 3.11228770E+001
2.93250000E+003, 3.79722049E+001
2.93500000E+003, 3.40919500E+001
2.93750000E+003, 2.83672807E+001
2.94000000E+003, 2.47004440E+001
2.94250000E+003, 2.20820720E+001
2.94500000E+003, 2.00679197E+001
2.94750000E+003, 1.91462286E+001
2.95000000E+003, 1.63769243E+001
2.95250000E+003, 1.62671509E+001
2.95500000E+003, 1.46072445E+001
2.95750000E+003, 1.30689499E+001
2.96000000E+003, 1.27650553E+001
2.96250000E+003, 1.21199102E+001
2.96500000E+003, 1.09873464E+001
2.96750000E+003, 1.04806404E+001
2.97000000E+003, 1.02422303E+001
2.97250000E+003, 9.26547845E+000
2.97500000E+003, 7.47836790E+000
2.97750000E+003, 7.93631396E+000
2.98000000E+003, 7.06798589E+000
2.98250000E+003, 8.41548706E+000
2.98500000E+003, 7.08549846E+000
2.98750000E+003, 7.29802016E+000
2.99000000E+003, 7.56893027E+000
2.99250000E+003, 4.42890196E+000
2.99500000E+003, -6.54802614E-001
2.99750000E+003, 3.16111618E+000
3.00000000E+003, 1.54757238E+000
3.00250000E+003, 1.84536315E-001
3.00500000E+003, 4.65874382E+000
3.00750000E+003, 2.33877377E+000
3.01000000E+003, 6.06780675E-001
3.01250000E+003, 2.67240739E+000
3.01500000E+003, 1.13364818E+000
3.01750000E+003, -8.69892006E-001
3.02000000E+003, 1.77142475E+000
3.02250000E+003, -7.90266515E-001
3.02500000E+003, -6.08117394E+000
3.02750000E+003, -8.02722198E+000
3.03000000E+003, -1.16094332E+000
3.03250000E+003, -2.96624005E+000
3.03500000E+003, -3.90502144E+000
3.03750000E+003, 1.41604199E+000
3.04000000E+003, -6.68973769E+000
3.04250000E+003, -3.48574367E+000
3.04500000E+003, -3.52004618E+000
3.04750000E+003, -5.53329683E+000
3.05000000E+003, 8.74805291E-001
3.05250000E+003, -7.15485878E+000
3.05500000E+003, -1.97698110E+000
3.05750000E+003, -3.88115827E+000
3.06000000E+003, -2.27064629E+000
3.06250000E+003, -7.16843524E+000
3.06500000E+003, -3.97197710E+000
3.06750000E+003, -4.28519974E+000
3.07000000E+003, -1.18947102E+001
3.07250000E+003, -5.11351258E+000
3.07500000E+003, -1.10682649E+001
3.07750000E+003, -1.64020373E+001
3.08000000E+003, -1.53646644E+001
3.08250000E+003, -1.28719194E+001
3.08500000E+003, -9.17586581E+000
3.08750000E+003, -1.23420498E+001
3.09000000E+003, -9.96493405E+000
3.09250000E+003, -4.67733983E+000
3.09500000E+003, -2.25626171E+000
3.09750000E+003, -3.94666406E+000
3.10000000E+003, -1.16902055E+001
3.10250000E+003, -2.81916299E+000
3.10500000E+003, -5.47618470E+000
3.10750000E+003, -1.01522998E+001
3.11000000E+003, -7.44345756E+000
3.11250000E+003, -9.64308424E+000
3.11500000E+003, 8.23765959E-002
3.11750000E+003, -5.81953849E+000
3.12000000E+003, 1.40398782E+000
3.12250000E+003, -8.90613827E-001
3.12500000E+003, -5.53962517E+000
3.12750000E+003, -5.86785992E+000
3.13000000E+003, -1.20035051E+001
3.13250000E+003, -2.04911406E+000
3.13500000E+003, -5.09888430E+000
3.13750000E+003, -5.31900198E+000
3.14000000E+003, -1.58275963E+000
3.14250000E+003, -6.39659708E-001
3.14500000E+003, -2.49997186E+000
3.14750000E+003, -3.70729303E+000
3.15000000E+003, 1.09392741E-001
3.15250000E+003, 5.00603767E+000
3.15500000E+003, -1.31335127E+000
3.15750000E+003, 4.08522870E+000
3.16000000E+003, -3.90134122E+000
3.16250000E+003, 4.42691251E+000
3.16500000E+003, 1.04705729E+000
3.16750000E+003, 3.59333925E+000
3.17000000E+003, 6.59519714E+000
3.17250000E+003, 4.90036265E-001
3.17500000E+003, 2.46816565E+000
3.17750000E+003, 2.16505791E+000
3.18000000E+003, -1.09646568E-001
3.18250000E+003, 1.79661337E+000
3.18500000E+003, 2.54239711E+000
3.18750000E+003, 5.08581266E+000
3.19000000E+003, 5.10643687E+000
3.19250000E+003, 3.25112053E+000
3.19500000E+003, 4.56799201E+000
3.19750000E+003, 4.89564353E+000
3.20000000E+003, 7.33851632E+000
3.20250000E+003, 7.54027108E+000
3.20500000E+003, 6.31678829E+000
3.20750000E+003, 4.77390868E+000
3.21000000E+003, 7.85381292E+000
3.21250000E+003, 1.01784960E+001
3.21500000E+003, 1.10689939E+000
3.21750000E+003, 3.88900813E+000
3.22000000E+003, 1.00248131E+001
3.22250000E+003, 5.46693156E+000
3.22500000E+003, 9.18589899E+000
3.22750000E+003, 8.76971596E+000
3.23000000E+003, 1.22334320E+001
3.23250000E+003, 1.06360303E+001
3.23500000E+003, 9.42715834E+000
3.23750000E+003, 1.04921025E+001
3.24000000E+003, 1.04616765E+001
3.24250000E+003, 1.12013581E+001
3.24500000E+003, 1.19773468E+001
3.24750000E+003, 9.86860060E+000
3.25000000E+003, 1.23138857E+001
3.25250000E+003, 1.30918994E+001
3.25500000E+003, 1.37028470E+001
3.25750000E+003, 1.39847426E+001
3.26000000E+003, 1.52318488E+001
3.26250000E+003, 1.61255032E+001
3.26500000E+003, 1.83501459E+001
3.26750000E+003, 2.05441143E+001
3.27000000E+003, 1.95491380E+001
3.27250000E+003, 6.53247073E+000
3.27500000E+003, 7.20080051E+000
3.27750000E+003, 4.81216341E+000
3.28000000E+003, 9.53258742E+000
3.28250000E+003, 9.89701867E+000
3.28500000E+003, 1.21265340E+001
3.28750000E+003, 1.27232773E+001
3.29000000E+003, 1.20649947E+001
3.29250000E+003, 1.34276274E+001
3.29500000E+003, 1.37371631E+001
3.29750000E+003, 1.46383210E+001
3.30000000E+003, 1.61056200E+001
3.30250000E+003, 1.55280687E+001
3.30500000E+003, 1.68982313E+001
3.30750000E+003, 1.76496449E+001
3.31000000E+003, 1.76689420E+001
3.31250000E+003, 1.82264348E+001
3.31500000E+003, 1.93060918E+001
3.31750000E+003, 1.95734987E+001
3.32000000E+003, 2.04480841E+001
3.32250000E+003, 2.09077615E+001
3.32500000E+003, 2.17779885E+001
3.32750000E+003, 2.27430139E+001
3.33000000E+003, 2.36848230E+001
3.33250000E+003, 2.48901430E+001
3.33500000E+003, 2.59000558E+001
3.33750000E+003, 2.70439805E+001
3.34000000E+003, 2.86446773E+001
3.34250000E+003, 3.05537950E+001
3.34500000E+003, 3.31281668E+001
3.34750000E+003, 3.69070321E+001
3.35000000E+003, 4.15477813E+001
3.35250000E+003, 3.89073574E+001
3.35500000E+003, 3.29562849E+001
3.35750000E+003, 2.78974244E+001
3.36000000E+003, 2.34845722E+001
3.36250000E+003, 1.82281442E+001
3.36500000E+003, 1.27688497E+001
3.36750000E+003, 1.49914575E+001
3.37000000E+003, 2.02071886E+001
3.37250000E+003, 2.46606592E+001
3.37500000E+003, 2.87300332E+001
3.37750000E+003, 3.31842037E+001
3.38000000E+003, 3.90607468E+001
3.38250000E+003, 4.55288789E+001
3.38500000E+003, 4.07134449E+001
3.38750000E+003, 3.59733730E+001
3.39000000E+003, 3.30909158E+001
3.39250000E+003, 3.11394927E+001
3.39500000E+003, 2.97091241E+001
3.39750000E+003, 2.83690526E+001
3.40000000E+003, 2.70594117E+001
3.40250000E+003, 2.60532096E+001
3.40500000E+003, 2.53438408E+001
3.40750000E+003, 2.45843386E+001
3.41000000E+003, 2.38046451E+001
3.41250000E+003, 2.33672265E+001
3.41500000E+003, 2.25244979E+001
3.41750000E+003, 2.20971394E+001
3.42000000E+003, 2.17471370E+001
3.42250000E+003, 2.11729851E+001
3.42500000E+003, 2.05334352E+001
3.42750000E+003, 2.04815472E+001
3.43000000E+003, 1.99591524E+001
3.43250000E+003, 1.96314282E+001
3.43500000E+003, 1.87558826E+001
3.43750000E+003, 1.87654058E+001
3.44000000E+003, 1.86692287E+001
3.44250000E+003, 1.78769402E+001
3.44500000E+003, 1.78461260E+001
3.44750000E+003, 1.73543735E+001
3.45000000E+003, 1.69026434E+001
3.45250000E+003, 1.65808072E+001
3.45500000E+003, 1.53325657E+001
3.45750000E+003, 1.50745557E+001
3.46000000E+003, 1.44050499E+001
3.46250000E+003, 1.36348420E+001
3.46500000E+003, 1.37115714E+001
3.46750000E+003, 1.39624541E+001
3.47000000E+003, 1.24887245E+001
3.47250000E+003, 1.16730696E+001
3.47500000E+003, 1.10073724E+001
3.47750000E+003, 1.05187957E+001
3.48000000E+003, 8.93159358E+000
3.48250000E+003, 9.00693153E+000
3.48500000E+003, 7.10477469E+000
3.48750000E+003, 4.26545554E+000
3.49000000E+003, 1.77237632E+000
3.49250000E+003, 1.37342180E+000
3.49500000E+003, -3.61329642E+001
3.49750000E+003, -8.19863482E+000
3.50000000E+003, -8.82900662E+000
3.50250000E+003, 3.19020691E+000
3.50500000E+003, 5.95219015E+000
3.50750000E+003, 7.07310784E+000
3.51000000E+003, 9.98490817E+000
3.51250000E+003, 1.07789055E+001
3.51500000E+003, 1.41371850E+001
3.51750000E+003, 1.52232247E+001
3.52000000E+003, 1.71506068E+001
3.52250000E+003, 1.89021319E+001
3.52500000E+003, 2.00175689E+001
3.52750000E+003, 2.17770370E+001
3.53000000E+003, 2.31779184E+001
3.53250000E+003, 2.44442827E+001
3.53500000E+003, 2.60364022E+001
3.53750000E+003, 2.74040067E+001
3.54000000E+003, 2.91734740E+001
3.54250000E+003, 3.09434324E+001
3.54500000E+003, 3.26443263E+001
3.54750000E+003, 3.42781869E+001
3.55000000E+003, 3.61988233E+001
3.55250000E+003, 3.79176485E+001
3.55500000E+003, 3.92432846E+001
3.55750000E+003, 3.95271149E+001
3.56000000E+003, 3.89691267E+001
3.56250000E+003, 3.78068247E+001
3.56500000E+003, 3.67904336E+001
3.56750000E+003, 3.56757740E+001
3.57000000E+003, 3.48748499E+001
3.57250000E+003, 3.40620596E+001
3.57500000E+003, 3.33049408E+001
3.57750000E+003, 3.27548322E+001
3.58000000E+003, 3.20914579E+001
3.58250000E+003, 3.17396233E+001
3.58500000E+003, 3.14288175E+001
3.58750000E+003, 3.09860211E+001
3.59000000E+003, 3.06605836E+001
3.59250000E+003, 3.04974094E+001
3.59500000E+003, 3.00959360E+001
3.59750000E+003, 3.00798893E+001
3.60000000E+003, 2.96726879E+001
3.60250000E+003, 2.96924563E+001
3.60500000E+003, 2.97981767E+001
3.60750000E+003, 2.95358024E+001
3.61000000E+003, 2.94572475E+001
3.61250000E+003, 2.94483745E+001
3.61500000E+003, 2.92516354E+001
3.61750000E+003, 2.93306714E+001
3.62000000E+003, 2.92110728E+001
3.62250000E+003, 2.91340513E+001
3.62500000E+003, 2.91826634E+001
3.62750000E+003, 2.92141020E+001
3.63000000E+003, 2.92567398E+001
3.63250000E+003, 2.92405066E+001
3.63500000E+003, 2.93331771E+001
3.63750000E+003, 2.93593065E+001
3.64000000E+003, 2.94283934E+001
3.64250000E+003, 2.95949155E+001
3.64500000E+003, 2.96121614E+001
3.64750000E+003, 2.97868058E+001
3.65000000E+003, 3.00250591E+001
3.65250000E+003, 3.00589583E+001
3.65500000E+003, 3.00755875E+001
3.65750000E+003, 3.04880119E+001
3.66000000E+003, 3.06532067E+001
3.66250000E+003, 3.07753947E+001
3.66500000E+003, 3.11177803E+001
3.66750000E+003, 3.13885354E+001
3.67000000E+003, 3.17493096E+001
3.67250000E+003, 3.19919689E+001
3.67500000E+003, 3.23145484E+001
3.67750000E+003, 3.27038049E+001
3.68000000E+003, 3.30839400E+001
3.68250000E+003, 3.35415047E+001
3.68500000E+003, 3.40290133E+001
3.68750000E+003, 3.45387307E+001
3.69000000E+003, 3.50555757E+001
3.69250000E+003, 3.56720302E+001
3.69500000E+003, 3.63485669E+001
3.69750000E+003, 3.71274245E+001
3.70000000E+003, 3.79547251E+001
3.70250000E+003, 3.88986809E+001
3.70500000E+003, 4.00848631E+001
3.70750000E+003, 4.13832953E+001
3.71000000E+003, 4.29430973E+001
3.71250000E+003, 4.49320849E+001
3.71500000E+003, 4.75879419E+001
3.71750000E+003, 5.12731263E+001
3.72000000E+003, 5.58942746E+001
3.72250000E+003, 5.50327567E+001
3.72500000E+003, 5.00269861E+001
3.72750000E+003, 4.62537902E+001
3.73000000E+003, 4.34435182E+001
3.73250000E+003, 4.12677728E+001
3.73500000E+003, 3.94729895E+001
3.73750000E+003, 3.79391794E+001
3.74000000E+003, 3.65544107E+001
3.74250000E+003, 3.52783666E+001
3.74500000E+003, 3.41277405E+001
3.74750000E+003, 3.30510441E+001
3.75000000E+003, 3.20837603E+001
3.75250000E+003, 3.09706585E+001
3.75500000E+003, 2.99872953E+001
3.75750000E+003, 2.88822157E+001
3.76000000E+003, 2.76621354E+001
3.76250000E+003, 2.59535589E+001
3.76500000E+003, 2.30698087E+001
3.76750000E+003, 1.90779332E+001
3.77000000E+003, 3.11622724E+001
3.77250000E+003, 3.58130295E+001
3.77500000E+003, 3.24086688E+001
3.77750000E+003, 3.01597497E+001
3.78000000E+003, 2.88903282E+001
3.78250000E+003, 2.80145103E+001
3.78500000E+003, 2.71766278E+001
3.78750000E+003, 2.67112243E+001
3.79000000E+003, 2.58371626E+001
3.79250000E+003, 2.56385275E+001
3.79500000E+003, 2.48280286E+001
3.79750000E+003, 2.43571441E+001
3.80000000E+003, 2.38060023E+001
3.80250000E+003, 2.35617451E+001
3.80500000E+003, 2.28737601E+001
3.80750000E+003, 2.25627685E+001
3.81000000E+003, 2.23576537E+001
3.81250000E+003, 2.13404707E+001
3.81500000E+003, 2.11290170E+001
3.81750000E+003, 2.09769577E+001
3.82000000E+003, 2.02804446E+001
3.82250000E+003, 1.97429732E+001
3.82500000E+003, 1.97256276E+001
3.82750000E+003, 1.92132777E+001
3.83000000E+003, 1.93214368E+001
3.83250000E+003, 1.98544332E+001
3.83500000E+003, 1.83956137E+001
3.83750000E+003, 1.82229462E+001
3.84000000E+003, 1.73543626E+001
3.84250000E+003, 1.68362613E+001
3.84500000E+003, 1.73341673E+001
3.84750000E+003, 1.72371946E+001
3.85000000E+003, 1.69136704E+001
3.85250000E+003, 1.62473533E+001
3.85500000E+003, 1.59430586E+001
3.85750000E+003, 1.57975090E+001
3.86000000E+003, 1.54970102E+001
3.86250000E+003, 1.53487921E+001
3.86500000E+003, 1.45466482E+001
3.86750000E+003, 1.40536207E+001
3.87000000E+003, 1.43444717E+001
3.87250000E+003, 1.41497061E+001
3.87500000E+003, 1.40936426E+001
3.87750000E+003, 1.39995848E+001
3.88000000E+003, 1.16773210E+001
3.88250000E+003, 1.25792331E+001
3.88500000E+003, 1.31567890E+001
3.88750000E+003, 1.24971364E+001
3.89000000E+003, 1.17141205E+001
3.89250000E+003, 1.24815997E+001
3.89500000E+003, 9.86397269E+000
3.89750000E+003, 1.16660941E+001
3.90000000E+003, 9.78152871E+000
3.90250000E+003, 1.02770070E+001
3.90500000E+003, 9.35958822E+000
3.90750000E+003, 9.36223932E+000
3.91000000E+003, 7.55556681E+000
3.91250000E+003, 8.47746205E+000
3.91500000E+003, 9.68685366E+000
3.91750000E+003, 7.49269998E+000
3.92000000E+003, 3.64134215E+000
3.92250000E+003, 7.35691932E+000
3.92500000E+003, 4.62543735E+000
3.92750000E+003, 6.65122976E+000
3.93000000E+003, 4.69300586E+000
3.93250000E+003, 6.48525026E+000
3.93500000E+003, 2.89435938E+000
3.93750000E+003, 3.83796510E+000
3.94000000E+003, 2.38786384E+000
3.94250000E+003, 3.64025186E+000
3.94500000E+003, 2.46866536E+000
3.94750000E+003, 8.69138290E-001
3.95000000E+003, -2.05561332E-001
3.95250000E+003, 8.18415185E+000
3.95500000E+003, -9.23275049E+000
3.95750000E+003, 6.88652081E-001
3.96000000E+003, 3.66211240E+000
3.96250000E+003, -4.92866042E+000
3.96500000E+003, -3.39605327E+000
3.96750000E+003, -1.32337009E+001
3.97000000E+003, -7.46199718E+000
3.97250000E+003, -6.03218301E+000
3.97500000E+003, -3.12076109E+000
3.97750000E+003, -6.78699656E+000
3.98000000E+003, -1.14492542E+001
3.98250000E+003, 1.98914113E+000
3.98500000E+003, -4.39821758E+000
3.98750000E+003, -7.89855150E+000
3.99000000E+003, -5.67060626E-001
3.99250000E+003, 1.39461971E+000
3.99500000E+003, 1.71564348E+000
3.99750000E+003, 1.16628078E+000
4.00000000E+003, -6.22433429E-001
