Label:, CH1-2: é¸îgêîâûìöä÷êî
DateTime:, Thu Feb 08 16:38:24 2018
DataKind:, CH1-2, FRF, Mag
DataPoints:, 1601
DataCalc:, H1
Frequency:, 0.000 , 4000.000, Hz
Sample:, 4096, Internal
Average:, 3, Power/Sum
Voltage(CH1):, -20.000, dBVrms
Voltage(CH2):, -10.000, dBVrms
EU/V(CH1):, 3.757E+001
EU/V(CH2):, 1.088E+003
Window(CH1):, Rect
Window(CH2):, Rect
X-AxisScale:, Lin
X-AxisUnit:, Hz
Y-AxisScale:, Log
Y-AxisUnit:, m/s2/N
Y-AxisMagniude:
0.00000000E+000, 4.51966590E+001
2.50000000E+000, -2.42479246E+000
5.00000000E+000, -1.08091301E+000
7.50000000E+000, -3.39463021E+000
1.00000000E+001, -1.09088552E+000
1.25000000E+001, 1.04473286E+001
1.50000000E+001, 1.48082942E+001
1.75000000E+001, 8.01635300E+000
2.00000000E+001, 6.83387895E-001
2.25000000E+001, 7.49841459E+000
2.50000000E+001, 6.09791040E+000
2.75000000E+001, -2.66920882E+000
3.00000000E+001, 1.82378854E+000
3.25000000E+001, -3.03913785E-002
3.50000000E+001, -2.10884941E+000
3.75000000E+001, 2.19411313E+000
4.00000000E+001, -8.58075505E+000
4.25000000E+001, -5.56135330E+000
4.50000000E+001, -3.05741022E+000
4.75000000E+001, -1.79517676E+000
5.00000000E+001, -2.59308769E+001
5.25000000E+001, -2.33621690E+000
5.50000000E+001, -1.08064370E+001
5.75000000E+001, -2.11705856E+001
6.00000000E+001, -7.48811218E+000
6.25000000E+001, -1.66821694E-001
6.50000000E+001, 3.06012773E+000
6.75000000E+001, -1.69854073E-001
7.00000000E+001, -5.65549812E+000
7.25000000E+001, -9.28515126E+000
7.50000000E+001, -6.76363189E+000
7.75000000E+001, -4.14731203E-001
8.00000000E+001, -9.66803617E-001
8.25000000E+001, 3.59995012E+000
8.50000000E+001, 3.13058462E+000
8.75000000E+001, 2.25448691E+000
9.00000000E+001, 7.54703654E+000
9.25000000E+001, 6.87527463E+000
9.50000000E+001, 4.72524237E+000
9.75000000E+001, 8.03202293E+000
1.00000000E+002, 7.00002930E+000
1.02500000E+002, 9.68012814E+000
1.05000000E+002, 1.14019876E+001
1.07500000E+002, 1.21886754E+001
1.10000000E+002, 1.22363583E+001
1.12500000E+002, 1.49200901E+001
1.15000000E+002, 1.53659838E+001
1.17500000E+002, 1.62569482E+001
1.20000000E+002, 1.73005234E+001
1.22500000E+002, 1.97710083E+001
1.25000000E+002, 2.09059276E+001
1.27500000E+002, 2.26448383E+001
1.30000000E+002, 2.45744047E+001
1.32500000E+002, 2.67318684E+001
1.35000000E+002, 2.95154858E+001
1.37500000E+002, 3.27488225E+001
1.40000000E+002, 3.76502284E+001
1.42500000E+002, 5.04906877E+001
1.45000000E+002, 4.21485905E+001
1.47500000E+002, 3.56543050E+001
1.50000000E+002, 3.14682791E+001
1.52500000E+002, 2.89909131E+001
1.55000000E+002, 2.70275844E+001
1.57500000E+002, 2.54755069E+001
1.60000000E+002, 2.40161231E+001
1.62500000E+002, 2.31718727E+001
1.65000000E+002, 2.19118943E+001
1.67500000E+002, 2.18962295E+001
1.70000000E+002, 2.08210729E+001
1.72500000E+002, 2.08271504E+001
1.75000000E+002, 2.03986678E+001
1.77500000E+002, 1.90036738E+001
1.80000000E+002, 1.94715464E+001
1.82500000E+002, 1.80678895E+001
1.85000000E+002, 1.82979614E+001
1.87500000E+002, 1.80679278E+001
1.90000000E+002, 1.77119967E+001
1.92500000E+002, 1.76111474E+001
1.95000000E+002, 1.71814644E+001
1.97500000E+002, 1.59514318E+001
2.00000000E+002, 1.59771052E+001
2.02500000E+002, 1.46109720E+001
2.05000000E+002, 1.51820252E+001
2.07500000E+002, 1.49497048E+001
2.10000000E+002, 1.46857067E+001
2.12500000E+002, 1.52389829E+001
2.15000000E+002, 1.41224984E+001
2.17500000E+002, 1.31820555E+001
2.20000000E+002, 1.34309098E+001
2.22500000E+002, 1.36704315E+001
2.25000000E+002, 1.38753303E+001
2.27500000E+002, 1.35535344E+001
2.30000000E+002, 1.33034242E+001
2.32500000E+002, 1.13097704E+001
2.35000000E+002, 1.20754282E+001
2.37500000E+002, 1.21084557E+001
2.40000000E+002, 1.05412556E+001
2.42500000E+002, 1.17508160E+001
2.45000000E+002, 1.00324649E+001
2.47500000E+002, 1.09926580E+001
2.50000000E+002, 1.11781812E+001
2.52500000E+002, 1.27764477E+001
2.55000000E+002, 1.04429122E+001
2.57500000E+002, 9.41932122E+000
2.60000000E+002, 8.76790918E+000
2.62500000E+002, 8.98126206E+000
2.65000000E+002, 9.33483470E+000
2.67500000E+002, 9.02320985E+000
2.70000000E+002, 7.45450362E+000
2.72500000E+002, 8.86864172E+000
2.75000000E+002, 5.49769566E+000
2.77500000E+002, 6.91821977E+000
2.80000000E+002, 8.47558919E+000
2.82500000E+002, 7.30053711E+000
2.85000000E+002, 5.78124979E+000
2.87500000E+002, 6.36818577E+000
2.90000000E+002, 5.90338008E+000
2.92500000E+002, 2.66455319E+000
2.95000000E+002, 3.08551813E+000
2.97500000E+002, 4.06847325E+000
3.00000000E+002, 3.75264732E+000
3.02500000E+002, -5.19868418E-001
3.05000000E+002, -3.37016588E-001
3.07500000E+002, 1.65821202E+000
3.10000000E+002, -5.78937714E+000
3.12500000E+002, -2.67557570E+000
3.15000000E+002, -5.62079434E+000
3.17500000E+002, -1.36342607E+001
3.20000000E+002, -3.89083726E+000
3.22500000E+002, -8.27060402E+000
3.25000000E+002, -1.05092277E+001
3.27500000E+002, -1.94908960E+001
3.30000000E+002, -4.03042736E+000
3.32500000E+002, -1.54107698E+001
3.35000000E+002, -1.57973226E+000
3.37500000E+002, 2.88172608E+000
3.40000000E+002, 3.31299401E+000
3.42500000E+002, 3.17400531E+000
3.45000000E+002, 3.50697464E+000
3.47500000E+002, 4.46652547E+000
3.50000000E+002, 6.29885518E+000
3.52500000E+002, 7.37194390E+000
3.55000000E+002, 7.37594650E+000
3.57500000E+002, 8.06150405E+000
3.60000000E+002, 8.77303032E+000
3.62500000E+002, 9.69132282E+000
3.65000000E+002, 1.02165494E+001
3.67500000E+002, 1.18392803E+001
3.70000000E+002, 1.20880217E+001
3.72500000E+002, 1.23345917E+001
3.75000000E+002, 1.31820810E+001
3.77500000E+002, 1.25994527E+001
3.80000000E+002, 1.29511309E+001
3.82500000E+002, 1.45734832E+001
3.85000000E+002, 1.50905544E+001
3.87500000E+002, 1.54370114E+001
3.90000000E+002, 1.60694995E+001
3.92500000E+002, 1.66889140E+001
3.95000000E+002, 1.72320930E+001
3.97500000E+002, 1.74572517E+001
4.00000000E+002, 1.82124034E+001
4.02500000E+002, 1.89241172E+001
4.05000000E+002, 1.91350382E+001
4.07500000E+002, 1.97371692E+001
4.10000000E+002, 1.99574235E+001
4.12500000E+002, 2.05677817E+001
4.15000000E+002, 2.09998839E+001
4.17500000E+002, 2.16355827E+001
4.20000000E+002, 2.18774382E+001
4.22500000E+002, 2.21052818E+001
4.25000000E+002, 2.23419878E+001
4.27500000E+002, 2.31288422E+001
4.30000000E+002, 2.37565778E+001
4.32500000E+002, 2.39550473E+001
4.35000000E+002, 2.45798454E+001
4.37500000E+002, 2.46598910E+001
4.40000000E+002, 2.53071230E+001
4.42500000E+002, 2.57517917E+001
4.45000000E+002, 2.63092868E+001
4.47500000E+002, 2.67976667E+001
4.50000000E+002, 2.73105293E+001
4.52500000E+002, 2.75674890E+001
4.55000000E+002, 2.81831221E+001
4.57500000E+002, 2.88152163E+001
4.60000000E+002, 2.93150750E+001
4.62500000E+002, 2.98332456E+001
4.65000000E+002, 3.04821048E+001
4.67500000E+002, 3.09993995E+001
4.70000000E+002, 3.13937535E+001
4.72500000E+002, 3.20514156E+001
4.75000000E+002, 3.24851984E+001
4.77500000E+002, 3.28559370E+001
4.80000000E+002, 3.36037714E+001
4.82500000E+002, 3.40250193E+001
4.85000000E+002, 3.47691682E+001
4.87500000E+002, 3.54520564E+001
4.90000000E+002, 3.58056455E+001
4.92500000E+002, 3.65762486E+001
4.95000000E+002, 3.73882158E+001
4.97500000E+002, 3.81983731E+001
5.00000000E+002, 3.91527614E+001
5.02500000E+002, 3.99785901E+001
5.05000000E+002, 4.09920870E+001
5.07500000E+002, 4.20636290E+001
5.10000000E+002, 4.32485469E+001
5.12500000E+002, 4.43652925E+001
5.15000000E+002, 4.59621387E+001
5.17500000E+002, 4.75890368E+001
5.20000000E+002, 4.94945950E+001
5.22500000E+002, 5.18695713E+001
5.25000000E+002, 5.50889741E+001
5.27500000E+002, 6.02938936E+001
5.30000000E+002, 7.17197187E+001
5.32500000E+002, 6.63928653E+001
5.35000000E+002, 5.81627221E+001
5.37500000E+002, 5.46187105E+001
5.40000000E+002, 5.18760298E+001
5.42500000E+002, 5.00476421E+001
5.45000000E+002, 4.84314841E+001
5.47500000E+002, 4.70422863E+001
5.50000000E+002, 4.61120813E+001
5.52500000E+002, 4.51149018E+001
5.55000000E+002, 4.43668743E+001
5.57500000E+002, 4.36006674E+001
5.60000000E+002, 4.29954696E+001
5.62500000E+002, 4.24067846E+001
5.65000000E+002, 4.18731583E+001
5.67500000E+002, 4.15246067E+001
5.70000000E+002, 4.09425584E+001
5.72500000E+002, 4.06756156E+001
5.75000000E+002, 4.02117900E+001
5.77500000E+002, 3.98947893E+001
5.80000000E+002, 3.96595765E+001
5.82500000E+002, 3.91755182E+001
5.85000000E+002, 3.89730172E+001
5.87500000E+002, 3.86769462E+001
5.90000000E+002, 3.84447278E+001
5.92500000E+002, 3.83273233E+001
5.95000000E+002, 3.79860685E+001
5.97500000E+002, 3.78411032E+001
6.00000000E+002, 3.76238143E+001
6.02500000E+002, 3.74238801E+001
6.05000000E+002, 3.71597374E+001
6.07500000E+002, 3.70296763E+001
6.10000000E+002, 3.68494485E+001
6.12500000E+002, 3.68192079E+001
6.15000000E+002, 3.67249012E+001
6.17500000E+002, 3.64839289E+001
6.20000000E+002, 3.65312448E+001
6.22500000E+002, 3.63479780E+001
6.25000000E+002, 3.62409100E+001
6.27500000E+002, 3.61918141E+001
6.30000000E+002, 3.61687729E+001
6.32500000E+002, 3.59975108E+001
6.35000000E+002, 3.59204091E+001
6.37500000E+002, 3.57373109E+001
6.40000000E+002, 3.56934816E+001
6.42500000E+002, 3.55702505E+001
6.45000000E+002, 3.54301499E+001
6.47500000E+002, 3.54165897E+001
6.50000000E+002, 3.55172954E+001
6.52500000E+002, 3.53180215E+001
6.55000000E+002, 3.54212294E+001
6.57500000E+002, 3.51879319E+001
6.60000000E+002, 3.52220027E+001
6.62500000E+002, 3.52768263E+001
6.65000000E+002, 3.52279564E+001
6.67500000E+002, 3.50796485E+001
6.70000000E+002, 3.51485412E+001
6.72500000E+002, 3.52137693E+001
6.75000000E+002, 3.50892446E+001
6.77500000E+002, 3.51392699E+001
6.80000000E+002, 3.50986766E+001
6.82500000E+002, 3.51175650E+001
6.85000000E+002, 3.51928543E+001
6.87500000E+002, 3.51700281E+001
6.90000000E+002, 3.52463278E+001
6.92500000E+002, 3.50977119E+001
6.95000000E+002, 3.53267197E+001
6.97500000E+002, 3.51006084E+001
7.00000000E+002, 3.51051742E+001
7.02500000E+002, 3.53895657E+001
7.05000000E+002, 3.52983151E+001
7.07500000E+002, 3.50941013E+001
7.10000000E+002, 3.53685910E+001
7.12500000E+002, 3.54022524E+001
7.15000000E+002, 3.53190096E+001
7.17500000E+002, 3.54612476E+001
7.20000000E+002, 3.55274326E+001
7.22500000E+002, 3.54924065E+001
7.25000000E+002, 3.55888111E+001
7.27500000E+002, 3.57754523E+001
7.30000000E+002, 3.57720012E+001
7.32500000E+002, 3.58451290E+001
7.35000000E+002, 3.59690833E+001
7.37500000E+002, 3.60364356E+001
7.40000000E+002, 3.60026660E+001
7.42500000E+002, 3.61726185E+001
7.45000000E+002, 3.63407757E+001
7.47500000E+002, 3.63269015E+001
7.50000000E+002, 3.63997511E+001
7.52500000E+002, 3.65406810E+001
7.55000000E+002, 3.67464105E+001
7.57500000E+002, 3.68671655E+001
7.60000000E+002, 3.68261038E+001
7.62500000E+002, 3.71212643E+001
7.65000000E+002, 3.71885033E+001
7.67500000E+002, 3.73191975E+001
7.70000000E+002, 3.74267390E+001
7.72500000E+002, 3.74979895E+001
7.75000000E+002, 3.76979727E+001
7.77500000E+002, 3.78680710E+001
7.80000000E+002, 3.81408062E+001
7.82500000E+002, 3.81579834E+001
7.85000000E+002, 3.84465255E+001
7.87500000E+002, 3.85940430E+001
7.90000000E+002, 3.88023418E+001
7.92500000E+002, 3.90628965E+001
7.95000000E+002, 3.93098239E+001
7.97500000E+002, 3.95637096E+001
8.00000000E+002, 3.97724999E+001
8.02500000E+002, 3.99570069E+001
8.05000000E+002, 4.03572874E+001
8.07500000E+002, 4.05934028E+001
8.10000000E+002, 4.09310899E+001
8.12500000E+002, 4.11243097E+001
8.15000000E+002, 4.15164426E+001
8.17500000E+002, 4.18161537E+001
8.20000000E+002, 4.22816954E+001
8.22500000E+002, 4.25962514E+001
8.25000000E+002, 4.29854594E+001
8.27500000E+002, 4.34287621E+001
8.30000000E+002, 4.40441605E+001
8.32500000E+002, 4.44868262E+001
8.35000000E+002, 4.50803088E+001
8.37500000E+002, 4.58054130E+001
8.40000000E+002, 4.65238782E+001
8.42500000E+002, 4.73486453E+001
8.45000000E+002, 4.82559117E+001
8.47500000E+002, 4.92376952E+001
8.50000000E+002, 5.04315174E+001
8.52500000E+002, 5.17678666E+001
8.55000000E+002, 5.33449299E+001
8.57500000E+002, 5.52343449E+001
8.60000000E+002, 5.78451579E+001
8.62500000E+002, 6.04587327E+001
8.65000000E+002, 6.24424009E+001
8.67500000E+002, 6.08761569E+001
8.70000000E+002, 5.79930862E+001
8.72500000E+002, 5.53205386E+001
8.75000000E+002, 5.29922440E+001
8.77500000E+002, 5.12956961E+001
8.80000000E+002, 4.94805010E+001
8.82500000E+002, 4.82688536E+001
8.85000000E+002, 4.69617445E+001
8.87500000E+002, 4.58945630E+001
8.90000000E+002, 4.48475692E+001
8.92500000E+002, 4.39620306E+001
8.95000000E+002, 4.31410375E+001
8.97500000E+002, 4.23650124E+001
9.00000000E+002, 4.14997582E+001
9.02500000E+002, 4.08909865E+001
9.05000000E+002, 4.01483248E+001
9.07500000E+002, 3.96411916E+001
9.10000000E+002, 3.89690227E+001
9.12500000E+002, 3.84233159E+001
9.15000000E+002, 3.77464048E+001
9.17500000E+002, 3.72429643E+001
9.20000000E+002, 3.68583748E+001
9.22500000E+002, 3.63010495E+001
9.25000000E+002, 3.57379053E+001
9.27500000E+002, 3.52861780E+001
9.30000000E+002, 3.49865247E+001
9.32500000E+002, 3.44343176E+001
9.35000000E+002, 3.39165138E+001
9.37500000E+002, 3.34488486E+001
9.40000000E+002, 3.29791547E+001
9.42500000E+002, 3.26364840E+001
9.45000000E+002, 3.21294086E+001
9.47500000E+002, 3.17615667E+001
9.50000000E+002, 3.14874353E+001
9.52500000E+002, 3.09908122E+001
9.55000000E+002, 3.07310805E+001
9.57500000E+002, 3.02147982E+001
9.60000000E+002, 2.97941573E+001
9.62500000E+002, 2.95195055E+001
9.65000000E+002, 2.91180345E+001
9.67500000E+002, 2.86231048E+001
9.70000000E+002, 2.84251718E+001
9.72500000E+002, 2.78328139E+001
9.75000000E+002, 2.74696693E+001
9.77500000E+002, 2.71311990E+001
9.80000000E+002, 2.68749579E+001
9.82500000E+002, 2.64216940E+001
9.85000000E+002, 2.61539539E+001
9.87500000E+002, 2.56792879E+001
9.90000000E+002, 2.54666938E+001
9.92500000E+002, 2.49597142E+001
9.95000000E+002, 2.46805881E+001
9.97500000E+002, 2.43503506E+001
1.00000000E+003, 2.37047505E+001
1.00250000E+003, 2.33801680E+001
1.00500000E+003, 2.32443930E+001
1.00750000E+003, 2.27536542E+001
1.01000000E+003, 2.24153731E+001
1.01250000E+003, 2.18103650E+001
1.01500000E+003, 2.17553120E+001
1.01750000E+003, 2.11235358E+001
1.02000000E+003, 2.08093133E+001
1.02250000E+003, 2.03211677E+001
1.02500000E+003, 1.95951044E+001
1.02750000E+003, 1.90016619E+001
1.03000000E+003, 1.80120247E+001
1.03250000E+003, 1.76538824E+001
1.03500000E+003, 1.74444788E+001
1.03750000E+003, 1.68510537E+001
1.04000000E+003, 1.62859907E+001
1.04250000E+003, 1.57100920E+001
1.04500000E+003, 1.54736521E+001
1.04750000E+003, 1.41954814E+001
1.05000000E+003, 1.41885298E+001
1.05250000E+003, 1.31883769E+001
1.05500000E+003, 1.31205322E+001
1.05750000E+003, 1.18555196E+001
1.06000000E+003, 1.05476340E+001
1.06250000E+003, 9.66935150E+000
1.06500000E+003, 9.05706615E+000
1.06750000E+003, 8.41055659E+000
1.07000000E+003, 6.16348512E+000
1.07250000E+003, 5.99007011E+000
1.07500000E+003, 2.28159891E+000
1.07750000E+003, 1.72620651E+000
1.08000000E+003, 2.55398569E+000
1.08250000E+003, -8.46649475E+000
1.08500000E+003, -8.45066719E+000
1.08750000E+003, -2.68143641E+000
1.09000000E+003, -1.01350281E+001
1.09250000E+003, 3.39536323E-001
1.09500000E+003, 2.31846686E+000
1.09750000E+003, 2.80061617E+000
1.10000000E+003, 4.30484370E+000
1.10250000E+003, 6.05514881E+000
1.10500000E+003, 6.23626204E+000
1.10750000E+003, 7.49403586E+000
1.11000000E+003, 7.09004984E+000
1.11250000E+003, 9.23490236E+000
1.11500000E+003, 8.89053955E+000
1.11750000E+003, 9.83901161E+000
1.12000000E+003, 1.06367250E+001
1.12250000E+003, 1.08271000E+001
1.12500000E+003, 1.24779181E+001
1.12750000E+003, 1.19524439E+001
1.13000000E+003, 1.22180057E+001
1.13250000E+003, 1.34210945E+001
1.13500000E+003, 1.42178383E+001
1.13750000E+003, 1.42047735E+001
1.14000000E+003, 1.44086404E+001
1.14250000E+003, 1.53720121E+001
1.14500000E+003, 1.51866156E+001
1.14750000E+003, 1.52766938E+001
1.15000000E+003, 1.60755478E+001
1.15250000E+003, 1.56666904E+001
1.15500000E+003, 1.64041343E+001
1.15750000E+003, 1.67764616E+001
1.16000000E+003, 1.68248292E+001
1.16250000E+003, 1.70688825E+001
1.16500000E+003, 1.69048672E+001
1.16750000E+003, 1.74699946E+001
1.17000000E+003, 1.79926778E+001
1.17250000E+003, 1.76411989E+001
1.17500000E+003, 1.83074255E+001
1.17750000E+003, 1.85178570E+001
1.18000000E+003, 1.85696142E+001
1.18250000E+003, 1.89716985E+001
1.18500000E+003, 1.92429786E+001
1.18750000E+003, 1.95215991E+001
1.19000000E+003, 1.94731990E+001
1.19250000E+003, 1.94609721E+001
1.19500000E+003, 1.97151115E+001
1.19750000E+003, 2.02439732E+001
1.20000000E+003, 2.02890360E+001
1.20250000E+003, 2.03180333E+001
1.20500000E+003, 2.03778535E+001
1.20750000E+003, 2.06729353E+001
1.21000000E+003, 2.10360693E+001
1.21250000E+003, 2.10777604E+001
1.21500000E+003, 2.11321047E+001
1.21750000E+003, 2.13538653E+001
1.22000000E+003, 2.14056653E+001
1.22250000E+003, 2.17353428E+001
1.22500000E+003, 2.16855519E+001
1.22750000E+003, 2.17460263E+001
1.23000000E+003, 2.20365254E+001
1.23250000E+003, 2.20990807E+001
1.23500000E+003, 2.21415391E+001
1.23750000E+003, 2.23997542E+001
1.24000000E+003, 2.25179813E+001
1.24250000E+003, 2.26501496E+001
1.24500000E+003, 2.28823209E+001
1.24750000E+003, 2.29866402E+001
1.25000000E+003, 2.29841685E+001
1.25250000E+003, 2.32511958E+001
1.25500000E+003, 2.31782126E+001
1.25750000E+003, 2.35493486E+001
1.26000000E+003, 2.36953403E+001
1.26250000E+003, 2.37628456E+001
1.26500000E+003, 2.38506551E+001
1.26750000E+003, 2.40155979E+001
1.27000000E+003, 2.39783307E+001
1.27250000E+003, 2.42487167E+001
1.27500000E+003, 2.42755545E+001
1.27750000E+003, 2.44262726E+001
1.28000000E+003, 2.46036568E+001
1.28250000E+003, 2.46826505E+001
1.28500000E+003, 2.46723187E+001
1.28750000E+003, 2.46456831E+001
1.29000000E+003, 2.50207442E+001
1.29250000E+003, 2.50892682E+001
1.29500000E+003, 2.52613830E+001
1.29750000E+003, 2.54600251E+001
1.30000000E+003, 2.55428922E+001
1.30250000E+003, 2.55672064E+001
1.30500000E+003, 2.55762195E+001
1.30750000E+003, 2.58917099E+001
1.31000000E+003, 2.58826384E+001
1.31250000E+003, 2.60146479E+001
1.31500000E+003, 2.61829649E+001
1.31750000E+003, 2.65497314E+001
1.32000000E+003, 2.65987299E+001
1.32250000E+003, 2.69859150E+001
1.32500000E+003, 2.71389488E+001
1.32750000E+003, 2.74864527E+001
1.33000000E+003, 2.79327011E+001
1.33250000E+003, 2.84819310E+001
1.33500000E+003, 2.92956550E+001
1.33750000E+003, 3.12985016E+001
1.34000000E+003, 3.50488758E+001
1.34250000E+003, 1.68805104E+001
1.34500000E+003, 2.14021020E+001
1.34750000E+003, 2.32571037E+001
1.35000000E+003, 2.43459531E+001
1.35250000E+003, 2.48598044E+001
1.35500000E+003, 2.53888618E+001
1.35750000E+003, 2.57179758E+001
1.36000000E+003, 2.58926280E+001
1.36250000E+003, 2.62328488E+001
1.36500000E+003, 2.65060327E+001
1.36750000E+003, 2.65593805E+001
1.37000000E+003, 2.67796123E+001
1.37250000E+003, 2.68209639E+001
1.37500000E+003, 2.69491629E+001
1.37750000E+003, 2.71524641E+001
1.38000000E+003, 2.72605192E+001
1.38250000E+003, 2.73108828E+001
1.38500000E+003, 2.74729267E+001
1.38750000E+003, 2.76007310E+001
1.39000000E+003, 2.76748574E+001
1.39250000E+003, 2.78337604E+001
1.39500000E+003, 2.78710250E+001
1.39750000E+003, 2.80033935E+001
1.40000000E+003, 2.82798088E+001
1.40250000E+003, 2.82131814E+001
1.40500000E+003, 2.83652199E+001
1.40750000E+003, 2.84592167E+001
1.41000000E+003, 2.85847294E+001
1.41250000E+003, 2.86847410E+001
1.41500000E+003, 2.87163015E+001
1.41750000E+003, 2.87942526E+001
1.42000000E+003, 2.89049968E+001
1.42250000E+003, 2.89966086E+001
1.42500000E+003, 2.91862583E+001
1.42750000E+003, 2.91696596E+001
1.43000000E+003, 2.93029381E+001
1.43250000E+003, 2.94031660E+001
1.43500000E+003, 2.94761469E+001
1.43750000E+003, 2.96496511E+001
1.44000000E+003, 2.97383927E+001
1.44250000E+003, 2.98488673E+001
1.44500000E+003, 2.99002863E+001
1.44750000E+003, 2.99415378E+001
1.45000000E+003, 3.00434917E+001
1.45250000E+003, 3.00241052E+001
1.45500000E+003, 3.02209294E+001
1.45750000E+003, 3.02824982E+001
1.46000000E+003, 3.03610887E+001
1.46250000E+003, 3.04721638E+001
1.46500000E+003, 3.04503828E+001
1.46750000E+003, 3.05553389E+001
1.47000000E+003, 3.07391412E+001
1.47250000E+003, 3.08182743E+001
1.47500000E+003, 3.09361309E+001
1.47750000E+003, 3.09101854E+001
1.48000000E+003, 3.10286749E+001
1.48250000E+003, 3.11319851E+001
1.48500000E+003, 3.11637945E+001
1.48750000E+003, 3.13657094E+001
1.49000000E+003, 3.14861602E+001
1.49250000E+003, 3.14321914E+001
1.49500000E+003, 3.15516269E+001
1.49750000E+003, 3.17725601E+001
1.50000000E+003, 3.19009177E+001
1.50250000E+003, 3.18005297E+001
1.50500000E+003, 3.19314359E+001
1.50750000E+003, 3.20246696E+001
1.51000000E+003, 3.21076707E+001
1.51250000E+003, 3.22662948E+001
1.51500000E+003, 3.22725987E+001
1.51750000E+003, 3.24205711E+001
1.52000000E+003, 3.24963167E+001
1.52250000E+003, 3.24858286E+001
1.52500000E+003, 3.26601186E+001
1.52750000E+003, 3.26790225E+001
1.53000000E+003, 3.27437713E+001
1.53250000E+003, 3.28741458E+001
1.53500000E+003, 3.29240814E+001
1.53750000E+003, 3.32284200E+001
1.54000000E+003, 3.32825987E+001
1.54250000E+003, 3.32832265E+001
1.54500000E+003, 3.34531834E+001
1.54750000E+003, 3.36026286E+001
1.55000000E+003, 3.36793987E+001
1.55250000E+003, 3.37346610E+001
1.55500000E+003, 3.38297162E+001
1.55750000E+003, 3.38521807E+001
1.56000000E+003, 3.40630265E+001
1.56250000E+003, 3.40682503E+001
1.56500000E+003, 3.41863964E+001
1.56750000E+003, 3.43768644E+001
1.57000000E+003, 3.44253802E+001
1.57250000E+003, 3.44921368E+001
1.57500000E+003, 3.46182041E+001
1.57750000E+003, 3.47418289E+001
1.58000000E+003, 3.48084836E+001
1.58250000E+003, 3.48205884E+001
1.58500000E+003, 3.49465974E+001
1.58750000E+003, 3.51433113E+001
1.59000000E+003, 3.51911214E+001
1.59250000E+003, 3.53613791E+001
1.59500000E+003, 3.54561380E+001
1.59750000E+003, 3.56149020E+001
1.60000000E+003, 3.57339522E+001
1.60250000E+003, 3.57489445E+001
1.60500000E+003, 3.59633850E+001
1.60750000E+003, 3.60046015E+001
1.61000000E+003, 3.61549206E+001
1.61250000E+003, 3.62219272E+001
1.61500000E+003, 3.64993330E+001
1.61750000E+003, 3.65235392E+001
1.62000000E+003, 3.65956136E+001
1.62250000E+003, 3.66937246E+001
1.62500000E+003, 3.69330804E+001
1.62750000E+003, 3.70156385E+001
1.63000000E+003, 3.72082175E+001
1.63250000E+003, 3.72175589E+001
1.63500000E+003, 3.73671338E+001
1.63750000E+003, 3.74345495E+001
1.64000000E+003, 3.76425989E+001
1.64250000E+003, 3.77345620E+001
1.64500000E+003, 3.79037252E+001
1.64750000E+003, 3.80691258E+001
1.65000000E+003, 3.81930003E+001
1.65250000E+003, 3.83367771E+001
1.65500000E+003, 3.84393331E+001
1.65750000E+003, 3.86433969E+001
1.66000000E+003, 3.87301399E+001
1.66250000E+003, 3.89061958E+001
1.66500000E+003, 3.90554215E+001
1.66750000E+003, 3.91668856E+001
1.67000000E+003, 3.92872242E+001
1.67250000E+003, 3.94622369E+001
1.67500000E+003, 3.96046302E+001
1.67750000E+003, 3.98489326E+001
1.68000000E+003, 4.00113916E+001
1.68250000E+003, 4.01987020E+001
1.68500000E+003, 4.02130565E+001
1.68750000E+003, 4.04360823E+001
1.69000000E+003, 4.07260000E+001
1.69250000E+003, 4.07667969E+001
1.69500000E+003, 4.09473780E+001
1.69750000E+003, 4.11396420E+001
1.70000000E+003, 4.13758744E+001
1.70250000E+003, 4.14859217E+001
1.70500000E+003, 4.17700150E+001
1.70750000E+003, 4.18500320E+001
1.71000000E+003, 4.21295691E+001
1.71250000E+003, 4.22569072E+001
1.71500000E+003, 4.24714255E+001
1.71750000E+003, 4.26476310E+001
1.72000000E+003, 4.28131155E+001
1.72250000E+003, 4.30009186E+001
1.72500000E+003, 4.32458277E+001
1.72750000E+003, 4.34315971E+001
1.73000000E+003, 4.36611259E+001
1.73250000E+003, 4.38372805E+001
1.73500000E+003, 4.41276085E+001
1.73750000E+003, 4.43652391E+001
1.74000000E+003, 4.45380875E+001
1.74250000E+003, 4.48320859E+001
1.74500000E+003, 4.50739938E+001
1.74750000E+003, 4.53221152E+001
1.75000000E+003, 4.56266537E+001
1.75250000E+003, 4.59762175E+001
1.75500000E+003, 4.62243256E+001
1.75750000E+003, 4.64109480E+001
1.76000000E+003, 4.67873623E+001
1.76250000E+003, 4.71384879E+001
1.76500000E+003, 4.74531452E+001
1.76750000E+003, 4.77036747E+001
1.77000000E+003, 4.80981613E+001
1.77250000E+003, 4.84698983E+001
1.77500000E+003, 4.88624786E+001
1.77750000E+003, 4.93057565E+001
1.78000000E+003, 4.97055694E+001
1.78250000E+003, 5.02560850E+001
1.78500000E+003, 5.08675915E+001
1.78750000E+003, 5.14935009E+001
1.79000000E+003, 5.22378055E+001
1.79250000E+003, 5.35553314E+001
1.79500000E+003, 5.57750192E+001
1.79750000E+003, 4.99650880E+001
1.80000000E+003, 5.03722509E+001
1.80250000E+003, 5.26623431E+001
1.80500000E+003, 5.41413184E+001
1.80750000E+003, 5.54621420E+001
1.81000000E+003, 5.69563239E+001
1.81250000E+003, 5.87693283E+001
1.81500000E+003, 6.10166624E+001
1.81750000E+003, 6.44274579E+001
1.82000000E+003, 6.89095512E+001
1.82250000E+003, 6.62181087E+001
1.82500000E+003, 6.05124753E+001
1.82750000E+003, 5.50917239E+001
1.83000000E+003, 4.97264749E+001
1.83250000E+003, 4.20455038E+001
1.83500000E+003, 4.01485667E+001
1.83750000E+003, 5.55340096E+001
1.84000000E+003, 4.85426395E+001
1.84250000E+003, 3.32418466E+001
1.84500000E+003, 3.63381481E+001
1.84750000E+003, 4.31722633E+001
1.85000000E+003, 4.67755563E+001
1.85250000E+003, 4.93572665E+001
1.85500000E+003, 5.14223593E+001
1.85750000E+003, 5.32972634E+001
1.86000000E+003, 5.50517084E+001
1.86250000E+003, 5.69723041E+001
1.86500000E+003, 5.89684796E+001
1.86750000E+003, 6.11305657E+001
1.87000000E+003, 6.38366473E+001
1.87250000E+003, 6.68322266E+001
1.87500000E+003, 7.07723665E+001
1.87750000E+003, 7.29892046E+001
1.88000000E+003, 7.09394396E+001
1.88250000E+003, 6.77190721E+001
1.88500000E+003, 6.50657717E+001
1.88750000E+003, 6.29440744E+001
1.89000000E+003, 6.12757611E+001
1.89250000E+003, 5.98403201E+001
1.89500000E+003, 5.86774969E+001
1.89750000E+003, 5.77257047E+001
1.90000000E+003, 5.68080565E+001
1.90250000E+003, 5.59747308E+001
1.90500000E+003, 5.52748393E+001
1.90750000E+003, 5.45834380E+001
1.91000000E+003, 5.39700192E+001
1.91250000E+003, 5.33907428E+001
1.91500000E+003, 5.28472237E+001
1.91750000E+003, 5.24154582E+001
1.92000000E+003, 5.20329816E+001
1.92250000E+003, 5.15205101E+001
1.92500000E+003, 5.10741050E+001
1.92750000E+003, 5.06981847E+001
1.93000000E+003, 5.03682884E+001
1.93250000E+003, 4.99603216E+001
1.93500000E+003, 4.96495578E+001
1.93750000E+003, 4.93162427E+001
1.94000000E+003, 4.90401679E+001
1.94250000E+003, 4.86904663E+001
1.94500000E+003, 4.84837797E+001
1.94750000E+003, 4.82156199E+001
1.95000000E+003, 4.79458980E+001
1.95250000E+003, 4.75630789E+001
1.95500000E+003, 4.74029372E+001
1.95750000E+003, 4.70749872E+001
1.96000000E+003, 4.67468188E+001
1.96250000E+003, 4.64848626E+001
1.96500000E+003, 4.61727849E+001
1.96750000E+003, 4.57805961E+001
1.97000000E+003, 4.54081541E+001
1.97250000E+003, 4.49764120E+001
1.97500000E+003, 4.42849018E+001
1.97750000E+003, 4.33782917E+001
1.98000000E+003, 4.16024106E+001
1.98250000E+003, 4.06511721E+001
1.98500000E+003, 5.21335491E+001
1.98750000E+003, 4.93896675E+001
1.99000000E+003, 4.78787031E+001
1.99250000E+003, 4.70630617E+001
1.99500000E+003, 4.65029830E+001
1.99750000E+003, 4.61614093E+001
2.00000000E+003, 4.57946088E+001
2.00250000E+003, 4.55504502E+001
2.00500000E+003, 4.53527364E+001
2.00750000E+003, 4.51403506E+001
2.01000000E+003, 4.49880327E+001
2.01250000E+003, 4.47979660E+001
2.01500000E+003, 4.45673178E+001
2.01750000E+003, 4.45418378E+001
2.02000000E+003, 4.44124898E+001
2.02250000E+003, 4.42091442E+001
2.02500000E+003, 4.40813767E+001
2.02750000E+003, 4.39133273E+001
2.03000000E+003, 4.37592069E+001
2.03250000E+003, 4.36904890E+001
2.03500000E+003, 4.35896363E+001
2.03750000E+003, 4.33133519E+001
2.04000000E+003, 4.32630493E+001
2.04250000E+003, 4.31668784E+001
2.04500000E+003, 4.31570305E+001
2.04750000E+003, 4.29434983E+001
2.05000000E+003, 4.29029401E+001
2.05250000E+003, 4.27511696E+001
2.05500000E+003, 4.26101093E+001
2.05750000E+003, 4.25251403E+001
2.06000000E+003, 4.25000961E+001
2.06250000E+003, 4.24558669E+001
2.06500000E+003, 4.23429365E+001
2.06750000E+003, 4.22708577E+001
2.07000000E+003, 4.22822250E+001
2.07250000E+003, 4.22055563E+001
2.07500000E+003, 4.20417790E+001
2.07750000E+003, 4.19140227E+001
2.08000000E+003, 4.20144124E+001
2.08250000E+003, 4.19167971E+001
2.08500000E+003, 4.17264659E+001
2.08750000E+003, 4.16939583E+001
2.09000000E+003, 4.15569701E+001
2.09250000E+003, 4.14718770E+001
2.09500000E+003, 4.14257563E+001
2.09750000E+003, 4.14324419E+001
2.10000000E+003, 4.12760636E+001
2.10250000E+003, 4.11487908E+001
2.10500000E+003, 4.11200126E+001
2.10750000E+003, 4.10477843E+001
2.11000000E+003, 4.09439237E+001
2.11250000E+003, 4.09042346E+001
2.11500000E+003, 4.09502066E+001
2.11750000E+003, 4.09011353E+001
2.12000000E+003, 4.08671744E+001
2.12250000E+003, 4.07501763E+001
2.12500000E+003, 4.06200646E+001
2.12750000E+003, 4.05722840E+001
2.13000000E+003, 4.05884179E+001
2.13250000E+003, 4.05568082E+001
2.13500000E+003, 4.04205107E+001
2.13750000E+003, 4.04706927E+001
2.14000000E+003, 4.03267580E+001
2.14250000E+003, 4.03867258E+001
2.14500000E+003, 4.02176382E+001
2.14750000E+003, 4.02027463E+001
2.15000000E+003, 4.00147169E+001
2.15250000E+003, 4.00507175E+001
2.15500000E+003, 3.99780467E+001
2.15750000E+003, 4.00470836E+001
2.16000000E+003, 3.99959249E+001
2.16250000E+003, 3.99549251E+001
2.16500000E+003, 3.99358406E+001
2.16750000E+003, 3.98372303E+001
2.17000000E+003, 3.97495236E+001
2.17250000E+003, 3.97163076E+001
2.17500000E+003, 3.97214957E+001
2.17750000E+003, 3.97523829E+001
2.18000000E+003, 3.97237204E+001
2.18250000E+003, 3.97477220E+001
2.18500000E+003, 3.96115435E+001
2.18750000E+003, 3.95868312E+001
2.19000000E+003, 3.95314053E+001
2.19250000E+003, 3.94348524E+001
2.19500000E+003, 3.94742496E+001
2.19750000E+003, 3.94169550E+001
2.20000000E+003, 3.93568573E+001
2.20250000E+003, 3.93723517E+001
2.20500000E+003, 3.94156461E+001
2.20750000E+003, 3.92010778E+001
2.21000000E+003, 3.92869473E+001
2.21250000E+003, 3.92332079E+001
2.21500000E+003, 3.92069790E+001
2.21750000E+003, 3.92549293E+001
2.22000000E+003, 3.92256571E+001
2.22250000E+003, 3.92036993E+001
2.22500000E+003, 3.91536417E+001
2.22750000E+003, 3.91546868E+001
2.23000000E+003, 3.91338596E+001
2.23250000E+003, 3.91576057E+001
2.23500000E+003, 3.92274289E+001
2.23750000E+003, 3.91778071E+001
2.24000000E+003, 3.92076239E+001
2.24250000E+003, 3.91998378E+001
2.24500000E+003, 3.90956204E+001
2.24750000E+003, 3.91615352E+001
2.25000000E+003, 3.92510119E+001
2.25250000E+003, 3.90953208E+001
2.25500000E+003, 3.91126009E+001
2.25750000E+003, 3.91018214E+001
2.26000000E+003, 3.91269614E+001
2.26250000E+003, 3.91328942E+001
2.26500000E+003, 3.91755746E+001
2.26750000E+003, 3.91524340E+001
2.27000000E+003, 3.92228724E+001
2.27250000E+003, 3.92236519E+001
2.27500000E+003, 3.92815187E+001
2.27750000E+003, 3.92874726E+001
2.28000000E+003, 3.93799107E+001
2.28250000E+003, 3.93942082E+001
2.28500000E+003, 3.94704821E+001
2.28750000E+003, 3.94953337E+001
2.29000000E+003, 3.95944575E+001
2.29250000E+003, 3.96594384E+001
2.29500000E+003, 3.98014693E+001
2.29750000E+003, 3.99265123E+001
2.30000000E+003, 3.99846556E+001
2.30250000E+003, 3.99762236E+001
2.30500000E+003, 4.02461669E+001
2.30750000E+003, 4.02667895E+001
2.31000000E+003, 4.04705564E+001
2.31250000E+003, 4.06392562E+001
2.31500000E+003, 4.08946736E+001
2.31750000E+003, 4.11051468E+001
2.32000000E+003, 4.12776184E+001
2.32250000E+003, 4.15776254E+001
2.32500000E+003, 4.17877158E+001
2.32750000E+003, 4.20286539E+001
2.33000000E+003, 4.22720709E+001
2.33250000E+003, 4.23889806E+001
2.33500000E+003, 4.22267004E+001
2.33750000E+003, 4.18689812E+001
2.34000000E+003, 4.11472286E+001
2.34250000E+003, 4.00568359E+001
2.34500000E+003, 3.87384416E+001
2.34750000E+003, 3.75042937E+001
2.35000000E+003, 3.63806601E+001
2.35250000E+003, 3.55708226E+001
2.35500000E+003, 3.48441837E+001
2.35750000E+003, 3.46494243E+001
2.36000000E+003, 3.44748962E+001
2.36250000E+003, 3.45616512E+001
2.36500000E+003, 3.45880230E+001
2.36750000E+003, 3.47442162E+001
2.37000000E+003, 3.48420364E+001
2.37250000E+003, 3.50094666E+001
2.37500000E+003, 3.51096876E+001
2.37750000E+003, 3.52350409E+001
2.38000000E+003, 3.54656781E+001
2.38250000E+003, 3.55944292E+001
2.38500000E+003, 3.58088796E+001
2.38750000E+003, 3.59415439E+001
2.39000000E+003, 3.60995825E+001
2.39250000E+003, 3.63801189E+001
2.39500000E+003, 3.64176160E+001
2.39750000E+003, 3.66860479E+001
2.40000000E+003, 3.68446095E+001
2.40250000E+003, 3.70147438E+001
2.40500000E+003, 3.73306209E+001
2.40750000E+003, 3.74802304E+001
2.41000000E+003, 3.77570937E+001
2.41250000E+003, 3.79434520E+001
2.41500000E+003, 3.81565559E+001
2.41750000E+003, 3.82849425E+001
2.42000000E+003, 3.83245278E+001
2.42250000E+003, 3.82100144E+001
2.42500000E+003, 3.77813153E+001
2.42750000E+003, 3.68699862E+001
2.43000000E+003, 3.55294214E+001
2.43250000E+003, 3.41477678E+001
2.43500000E+003, 3.28033237E+001
2.43750000E+003, 3.19359077E+001
2.44000000E+003, 3.15706553E+001
2.44250000E+003, 3.15110283E+001
2.44500000E+003, 3.16293265E+001
2.44750000E+003, 3.18392735E+001
2.45000000E+003, 3.20596154E+001
2.45250000E+003, 3.22774003E+001
2.45500000E+003, 3.26001799E+001
2.45750000E+003, 3.27323156E+001
2.46000000E+003, 3.28299745E+001
2.46250000E+003, 3.30670064E+001
2.46500000E+003, 3.32041036E+001
2.46750000E+003, 3.34093515E+001
2.47000000E+003, 3.33714052E+001
2.47250000E+003, 3.35640511E+001
2.47500000E+003, 3.35770427E+001
2.47750000E+003, 3.37239449E+001
2.48000000E+003, 3.37453825E+001
2.48250000E+003, 3.39578415E+001
2.48500000E+003, 3.39631107E+001
2.48750000E+003, 3.40072138E+001
2.49000000E+003, 3.39787312E+001
2.49250000E+003, 3.40872424E+001
2.49500000E+003, 3.40878646E+001
2.49750000E+003, 3.41560287E+001
2.50000000E+003, 3.41770635E+001
2.50250000E+003, 3.43446083E+001
2.50500000E+003, 3.43137115E+001
2.50750000E+003, 3.43892910E+001
2.51000000E+003, 3.43894943E+001
2.51250000E+003, 3.43907965E+001
2.51500000E+003, 3.44779196E+001
2.51750000E+003, 3.44821250E+001
2.52000000E+003, 3.45468929E+001
2.52250000E+003, 3.46142393E+001
2.52500000E+003, 3.46172390E+001
2.52750000E+003, 3.47311812E+001
2.53000000E+003, 3.47045955E+001
2.53250000E+003, 3.46692816E+001
2.53500000E+003, 3.47439850E+001
2.53750000E+003, 3.47493862E+001
2.54000000E+003, 3.47712521E+001
2.54250000E+003, 3.47708255E+001
2.54500000E+003, 3.48033221E+001
2.54750000E+003, 3.48487865E+001
2.55000000E+003, 3.48557625E+001
2.55250000E+003, 3.49677568E+001
2.55500000E+003, 3.48750773E+001
2.55750000E+003, 3.49761573E+001
2.56000000E+003, 3.49526339E+001
2.56250000E+003, 3.49722076E+001
2.56500000E+003, 3.49653767E+001
2.56750000E+003, 3.50285789E+001
2.57000000E+003, 3.50188230E+001
2.57250000E+003, 3.49917657E+001
2.57500000E+003, 3.51224968E+001
2.57750000E+003, 3.51359186E+001
2.58000000E+003, 3.51382966E+001
2.58250000E+003, 3.51381950E+001
2.58500000E+003, 3.51963152E+001
2.58750000E+003, 3.51408240E+001
2.59000000E+003, 3.51960140E+001
2.59250000E+003, 3.51771677E+001
2.59500000E+003, 3.51756443E+001
2.59750000E+003, 3.52867110E+001
2.60000000E+003, 3.52148500E+001
2.60250000E+003, 3.52107855E+001
2.60500000E+003, 3.51887650E+001
2.60750000E+003, 3.53073458E+001
2.61000000E+003, 3.52596224E+001
2.61250000E+003, 3.53210039E+001
2.61500000E+003, 3.53345656E+001
2.61750000E+003, 3.52740876E+001
2.62000000E+003, 3.53535248E+001
2.62250000E+003, 3.53815383E+001
2.62500000E+003, 3.53909139E+001
2.62750000E+003, 3.54628281E+001
2.63000000E+003, 3.54742365E+001
2.63250000E+003, 3.55499597E+001
2.63500000E+003, 3.54755935E+001
2.63750000E+003, 3.55365429E+001
2.64000000E+003, 3.55799689E+001
2.64250000E+003, 3.55475718E+001
2.64500000E+003, 3.56507092E+001
2.64750000E+003, 3.55541118E+001
2.65000000E+003, 3.56336082E+001
2.65250000E+003, 3.56560890E+001
2.65500000E+003, 3.56187302E+001
2.65750000E+003, 3.56269785E+001
2.66000000E+003, 3.55531776E+001
2.66250000E+003, 3.56384349E+001
2.66500000E+003, 3.57648316E+001
2.66750000E+003, 3.56668556E+001
2.67000000E+003, 3.56759372E+001
2.67250000E+003, 3.57806644E+001
2.67500000E+003, 3.57128784E+001
2.67750000E+003, 3.57731345E+001
2.68000000E+003, 3.57355801E+001
2.68250000E+003, 3.58399672E+001
2.68500000E+003, 3.57994099E+001
2.68750000E+003, 3.58179296E+001
2.69000000E+003, 3.59065299E+001
2.69250000E+003, 3.59425399E+001
2.69500000E+003, 3.59497211E+001
2.69750000E+003, 3.59877024E+001
2.70000000E+003, 3.60132613E+001
2.70250000E+003, 3.59073266E+001
2.70500000E+003, 3.60220308E+001
2.70750000E+003, 3.60252275E+001
2.71000000E+003, 3.59913031E+001
2.71250000E+003, 3.61052371E+001
2.71500000E+003, 3.60852533E+001
2.71750000E+003, 3.60972306E+001
2.72000000E+003, 3.61955502E+001
2.72250000E+003, 3.61748386E+001
2.72500000E+003, 3.61759656E+001
2.72750000E+003, 3.62428008E+001
2.73000000E+003, 3.62007009E+001
2.73250000E+003, 3.61894252E+001
2.73500000E+003, 3.63366262E+001
2.73750000E+003, 3.62684535E+001
2.74000000E+003, 3.63015902E+001
2.74250000E+003, 3.62793859E+001
2.74500000E+003, 3.63322472E+001
2.74750000E+003, 3.63830821E+001
2.75000000E+003, 3.64290879E+001
2.75250000E+003, 3.64888398E+001
2.75500000E+003, 3.64361554E+001
2.75750000E+003, 3.64318805E+001
2.76000000E+003, 3.65515204E+001
2.76250000E+003, 3.64387543E+001
2.76500000E+003, 3.64824277E+001
2.76750000E+003, 3.64760223E+001
2.77000000E+003, 3.65028375E+001
2.77250000E+003, 3.66224103E+001
2.77500000E+003, 3.65716687E+001
2.77750000E+003, 3.65949308E+001
2.78000000E+003, 3.66014439E+001
2.78250000E+003, 3.66961661E+001
2.78500000E+003, 3.66636229E+001
2.78750000E+003, 3.68662828E+001
2.79000000E+003, 3.67042697E+001
2.79250000E+003, 3.67152438E+001
2.79500000E+003, 3.67621968E+001
2.79750000E+003, 3.68607050E+001
2.80000000E+003, 3.68303454E+001
2.80250000E+003, 3.67789563E+001
2.80500000E+003, 3.68462326E+001
2.80750000E+003, 3.68739578E+001
2.81000000E+003, 3.68531208E+001
2.81250000E+003, 3.68540568E+001
2.81500000E+003, 3.67308668E+001
2.81750000E+003, 3.67327944E+001
2.82000000E+003, 3.80554801E+001
2.82250000E+003, 3.75361840E+001
2.82500000E+003, 3.73665420E+001
2.82750000E+003, 3.73644521E+001
2.83000000E+003, 3.72798631E+001
2.83250000E+003, 3.74106061E+001
2.83500000E+003, 3.74479227E+001
2.83750000E+003, 3.73382096E+001
2.84000000E+003, 3.74615567E+001
2.84250000E+003, 3.74064988E+001
2.84500000E+003, 3.74863210E+001
2.84750000E+003, 3.74699561E+001
2.85000000E+003, 3.75906777E+001
2.85250000E+003, 3.76191459E+001
2.85500000E+003, 3.75652438E+001
2.85750000E+003, 3.76201636E+001
2.86000000E+003, 3.77526455E+001
2.86250000E+003, 3.77118701E+001
2.86500000E+003, 3.77544927E+001
2.86750000E+003, 3.77468936E+001
2.87000000E+003, 3.78749942E+001
2.87250000E+003, 3.77197267E+001
2.87500000E+003, 3.78594992E+001
2.87750000E+003, 3.79520250E+001
2.88000000E+003, 3.77742321E+001
2.88250000E+003, 3.79442994E+001
2.88500000E+003, 3.79392370E+001
2.88750000E+003, 3.80586933E+001
2.89000000E+003, 3.79604729E+001
2.89250000E+003, 3.80548370E+001
2.89500000E+003, 3.81554331E+001
2.89750000E+003, 3.82187353E+001
2.90000000E+003, 3.83075637E+001
2.90250000E+003, 3.82741228E+001
2.90500000E+003, 3.82543287E+001
2.90750000E+003, 3.82330420E+001
2.91000000E+003, 3.84111768E+001
2.91250000E+003, 3.84310266E+001
2.91500000E+003, 3.83242729E+001
2.91750000E+003, 3.83021144E+001
2.92000000E+003, 3.83624176E+001
2.92250000E+003, 3.83026197E+001
2.92500000E+003, 3.82416354E+001
2.92750000E+003, 3.78136557E+001
2.93000000E+003, 3.73183565E+001
2.93250000E+003, 3.81374415E+001
2.93500000E+003, 4.10978927E+001
2.93750000E+003, 4.03373933E+001
2.94000000E+003, 4.01969104E+001
2.94250000E+003, 3.98717878E+001
2.94500000E+003, 3.97876252E+001
2.94750000E+003, 3.97950729E+001
2.95000000E+003, 3.97872395E+001
2.95250000E+003, 3.98379044E+001
2.95500000E+003, 3.98604896E+001
2.95750000E+003, 3.99436936E+001
2.96000000E+003, 3.98661863E+001
2.96250000E+003, 3.98877758E+001
2.96500000E+003, 3.99094005E+001
2.96750000E+003, 4.00471302E+001
2.97000000E+003, 4.00781710E+001
2.97250000E+003, 4.01528242E+001
2.97500000E+003, 4.01942937E+001
2.97750000E+003, 4.02428354E+001
2.98000000E+003, 4.03875820E+001
2.98250000E+003, 4.03809375E+001
2.98500000E+003, 4.04250956E+001
2.98750000E+003, 4.04397407E+001
2.99000000E+003, 4.05799228E+001
2.99250000E+003, 4.06235793E+001
2.99500000E+003, 4.06503338E+001
2.99750000E+003, 4.08446062E+001
3.00000000E+003, 4.07372547E+001
3.00250000E+003, 4.08935928E+001
3.00500000E+003, 4.08635309E+001
3.00750000E+003, 4.10473211E+001
3.01000000E+003, 4.11858352E+001
3.01250000E+003, 4.12122642E+001
3.01500000E+003, 4.12475219E+001
3.01750000E+003, 4.11629512E+001
3.02000000E+003, 4.12729937E+001
3.02250000E+003, 4.14374172E+001
3.02500000E+003, 4.14836589E+001
3.02750000E+003, 4.15843600E+001
3.03000000E+003, 4.16769218E+001
3.03250000E+003, 4.17773606E+001
3.03500000E+003, 4.17872367E+001
3.03750000E+003, 4.19198648E+001
3.04000000E+003, 4.20954439E+001
3.04250000E+003, 4.22328583E+001
3.04500000E+003, 4.22790533E+001
3.04750000E+003, 4.24186450E+001
3.05000000E+003, 4.25174071E+001
3.05250000E+003, 4.24479744E+001
3.05500000E+003, 4.24347581E+001
3.05750000E+003, 4.26058245E+001
3.06000000E+003, 4.26268228E+001
3.06250000E+003, 4.26992601E+001
3.06500000E+003, 4.28396367E+001
3.06750000E+003, 4.29447372E+001
3.07000000E+003, 4.31004556E+001
3.07250000E+003, 4.32734213E+001
3.07500000E+003, 4.32278365E+001
3.07750000E+003, 4.34020573E+001
3.08000000E+003, 4.34347314E+001
3.08250000E+003, 4.36786362E+001
3.08500000E+003, 4.38303029E+001
3.08750000E+003, 4.38486618E+001
3.09000000E+003, 4.40838951E+001
3.09250000E+003, 4.41256560E+001
3.09500000E+003, 4.42019351E+001
3.09750000E+003, 4.43146978E+001
3.10000000E+003, 4.46078630E+001
3.10250000E+003, 4.44442249E+001
3.10500000E+003, 4.45715059E+001
3.10750000E+003, 4.48148507E+001
3.11000000E+003, 4.49657154E+001
3.11250000E+003, 4.49843161E+001
3.11500000E+003, 4.52975183E+001
3.11750000E+003, 4.54813120E+001
3.12000000E+003, 4.55972068E+001
3.12250000E+003, 4.57213365E+001
3.12500000E+003, 4.59069684E+001
3.12750000E+003, 4.60716841E+001
3.13000000E+003, 4.60840831E+001
3.13250000E+003, 4.63688836E+001
3.13500000E+003, 4.65328436E+001
3.13750000E+003, 4.65978024E+001
3.14000000E+003, 4.68059628E+001
3.14250000E+003, 4.71117509E+001
3.14500000E+003, 4.71743498E+001
3.14750000E+003, 4.72860574E+001
3.15000000E+003, 4.76581362E+001
3.15250000E+003, 4.77801070E+001
3.15500000E+003, 4.79523225E+001
3.15750000E+003, 4.84637984E+001
3.16000000E+003, 4.82643258E+001
3.16250000E+003, 4.86294780E+001
3.16500000E+003, 4.86805080E+001
3.16750000E+003, 4.90499808E+001
3.17000000E+003, 4.92597490E+001
3.17250000E+003, 4.93526359E+001
3.17500000E+003, 4.98024557E+001
3.17750000E+003, 4.98115611E+001
3.18000000E+003, 5.03706296E+001
3.18250000E+003, 5.06371114E+001
3.18500000E+003, 5.06297048E+001
3.18750000E+003, 5.10529077E+001
3.19000000E+003, 5.13541220E+001
3.19250000E+003, 5.18638251E+001
3.19500000E+003, 5.20107201E+001
3.19750000E+003, 5.23744516E+001
3.20000000E+003, 5.26935487E+001
3.20250000E+003, 5.30576192E+001
3.20500000E+003, 5.36046253E+001
3.20750000E+003, 5.39905818E+001
3.21000000E+003, 5.45717649E+001
3.21250000E+003, 5.48672192E+001
3.21500000E+003, 5.52646678E+001
3.21750000E+003, 5.56924007E+001
3.22000000E+003, 5.60999521E+001
3.22250000E+003, 5.64498158E+001
3.22500000E+003, 5.72454855E+001
3.22750000E+003, 5.78823154E+001
3.23000000E+003, 5.86472580E+001
3.23250000E+003, 5.91454862E+001
3.23500000E+003, 5.98011048E+001
3.23750000E+003, 6.07380589E+001
3.24000000E+003, 6.16959336E+001
3.24250000E+003, 6.24647968E+001
3.24500000E+003, 6.36608978E+001
3.24750000E+003, 6.48887399E+001
3.25000000E+003, 6.57546485E+001
3.25250000E+003, 6.69270890E+001
3.25500000E+003, 6.81584535E+001
3.25750000E+003, 6.92829987E+001
3.26000000E+003, 6.95080759E+001
3.26250000E+003, 6.91713360E+001
3.26500000E+003, 6.83314762E+001
3.26750000E+003, 6.75304783E+001
3.27000000E+003, 6.62274428E+001
3.27250000E+003, 6.52195698E+001
3.27500000E+003, 6.40253757E+001
3.27750000E+003, 6.29225729E+001
3.28000000E+003, 6.21801819E+001
3.28250000E+003, 6.10749437E+001
3.28500000E+003, 6.02556247E+001
3.28750000E+003, 5.95368837E+001
3.29000000E+003, 5.87783462E+001
3.29250000E+003, 5.83202197E+001
3.29500000E+003, 5.75866976E+001
3.29750000E+003, 5.70699193E+001
3.30000000E+003, 5.62405654E+001
3.30250000E+003, 5.59777585E+001
3.30500000E+003, 5.53189537E+001
3.30750000E+003, 5.48709271E+001
3.31000000E+003, 5.44374270E+001
3.31250000E+003, 5.39755041E+001
3.31500000E+003, 5.37671260E+001
3.31750000E+003, 5.33702500E+001
3.32000000E+003, 5.30257794E+001
3.32250000E+003, 5.28519093E+001
3.32500000E+003, 5.24429085E+001
3.32750000E+003, 5.21252190E+001
3.33000000E+003, 5.19100062E+001
3.33250000E+003, 5.16710041E+001
3.33500000E+003, 5.13186662E+001
3.33750000E+003, 5.12762133E+001
3.34000000E+003, 5.12883720E+001
3.34250000E+003, 5.11212695E+001
3.34500000E+003, 5.14604219E+001
3.34750000E+003, 5.19044140E+001
3.35000000E+003, 5.24684258E+001
3.35250000E+003, 4.52973034E+001
3.35500000E+003, 4.62930565E+001
3.35750000E+003, 4.71040454E+001
3.36000000E+003, 4.73712096E+001
3.36250000E+003, 4.74296665E+001
3.36500000E+003, 4.74650102E+001
3.36750000E+003, 4.74157240E+001
3.37000000E+003, 4.73884705E+001
3.37250000E+003, 4.75967248E+001
3.37500000E+003, 4.79698197E+001
3.37750000E+003, 4.82496887E+001
3.38000000E+003, 4.95054949E+001
3.38250000E+003, 4.97965627E+001
3.38500000E+003, 3.99826628E+001
3.38750000E+003, 4.19870143E+001
3.39000000E+003, 4.29268923E+001
3.39250000E+003, 4.32114135E+001
3.39500000E+003, 4.35809364E+001
3.39750000E+003, 4.36629981E+001
3.40000000E+003, 4.38024895E+001
3.40250000E+003, 4.38609528E+001
3.40500000E+003, 4.35759241E+001
3.40750000E+003, 4.34997790E+001
3.41000000E+003, 4.34897844E+001
3.41250000E+003, 4.34320986E+001
3.41500000E+003, 4.32944305E+001
3.41750000E+003, 4.32135514E+001
3.42000000E+003, 4.31392853E+001
3.42250000E+003, 4.31316814E+001
3.42500000E+003, 4.29855763E+001
3.42750000E+003, 4.26345672E+001
3.43000000E+003, 4.27869494E+001
3.43250000E+003, 4.27426851E+001
3.43500000E+003, 4.26225099E+001
3.43750000E+003, 4.22860420E+001
3.44000000E+003, 4.21946091E+001
3.44250000E+003, 4.22511248E+001
3.44500000E+003, 4.22150140E+001
3.44750000E+003, 4.18798559E+001
3.45000000E+003, 4.19548087E+001
3.45250000E+003, 4.19444678E+001
3.45500000E+003, 4.18162539E+001
3.45750000E+003, 4.15533927E+001
3.46000000E+003, 4.15881738E+001
3.46250000E+003, 4.15623157E+001
3.46500000E+003, 4.16416615E+001
3.46750000E+003, 4.14864823E+001
3.47000000E+003, 4.14958938E+001
3.47250000E+003, 4.13348283E+001
3.47500000E+003, 4.11727253E+001
3.47750000E+003, 4.11691985E+001
3.48000000E+003, 4.10771974E+001
3.48250000E+003, 4.08015110E+001
3.48500000E+003, 4.08315784E+001
3.48750000E+003, 4.07378184E+001
3.49000000E+003, 4.08219454E+001
3.49250000E+003, 4.07418870E+001
3.49500000E+003, 4.05515939E+001
3.49750000E+003, 4.06206139E+001
3.50000000E+003, 4.06303131E+001
3.50250000E+003, 4.03441603E+001
3.50500000E+003, 4.05480633E+001
3.50750000E+003, 4.05741572E+001
3.51000000E+003, 4.02553823E+001
3.51250000E+003, 4.05046684E+001
3.51500000E+003, 4.04722435E+001
3.51750000E+003, 4.04722439E+001
3.52000000E+003, 4.05835254E+001
3.52250000E+003, 4.07041648E+001
3.52500000E+003, 4.07820567E+001
3.52750000E+003, 4.07522205E+001
3.53000000E+003, 4.06631482E+001
3.53250000E+003, 4.08365383E+001
3.53500000E+003, 4.09619018E+001
3.53750000E+003, 4.12163312E+001
3.54000000E+003, 4.14424957E+001
3.54250000E+003, 4.15713707E+001
3.54500000E+003, 4.19907939E+001
3.54750000E+003, 4.24675807E+001
3.55000000E+003, 4.26077127E+001
3.55250000E+003, 4.27191186E+001
3.55500000E+003, 4.16792092E+001
3.55750000E+003, 3.96238982E+001
3.56000000E+003, 3.64871374E+001
3.56250000E+003, 3.21692980E+001
3.56500000E+003, 2.78046385E+001
3.56750000E+003, 2.55718881E+001
3.57000000E+003, 2.66494756E+001
3.57250000E+003, 2.86452553E+001
3.57500000E+003, 2.97415180E+001
3.57750000E+003, 3.06589122E+001
3.58000000E+003, 3.13589853E+001
3.58250000E+003, 3.19442799E+001
3.58500000E+003, 3.24694143E+001
3.58750000E+003, 3.26883848E+001
3.59000000E+003, 3.30251721E+001
3.59250000E+003, 3.34581275E+001
3.59500000E+003, 3.34610890E+001
3.59750000E+003, 3.38849243E+001
3.60000000E+003, 3.35763759E+001
3.60250000E+003, 3.33752921E+001
3.60500000E+003, 3.32795144E+001
3.60750000E+003, 3.33676325E+001
3.61000000E+003, 3.34938108E+001
3.61250000E+003, 3.34173951E+001
3.61500000E+003, 3.33761026E+001
3.61750000E+003, 3.33573251E+001
3.62000000E+003, 3.35827331E+001
3.62250000E+003, 3.34483876E+001
3.62500000E+003, 3.34119042E+001
3.62750000E+003, 3.32878059E+001
3.63000000E+003, 3.35433850E+001
3.63250000E+003, 3.35026671E+001
3.63500000E+003, 3.31288086E+001
3.63750000E+003, 3.31156260E+001
3.64000000E+003, 3.29385562E+001
3.64250000E+003, 3.27245419E+001
3.64500000E+003, 3.27519943E+001
3.64750000E+003, 3.22720991E+001
3.65000000E+003, 3.23262755E+001
3.65250000E+003, 3.21444929E+001
3.65500000E+003, 3.16592295E+001
3.65750000E+003, 3.15025178E+001
3.66000000E+003, 3.10795009E+001
3.66250000E+003, 3.09732964E+001
3.66500000E+003, 3.03461925E+001
3.66750000E+003, 2.99682630E+001
3.67000000E+003, 2.96826702E+001
3.67250000E+003, 2.91536843E+001
3.67500000E+003, 2.89702654E+001
3.67750000E+003, 2.77901823E+001
3.68000000E+003, 2.71558744E+001
3.68250000E+003, 2.65579669E+001
3.68500000E+003, 2.51347642E+001
3.68750000E+003, 2.29979503E+001
3.69000000E+003, 2.10734844E+001
3.69250000E+003, 1.57423868E+001
3.69500000E+003, 1.17785694E+001
3.69750000E+003, 1.92321730E+001
3.70000000E+003, 2.48791438E+001
3.70250000E+003, 2.91635514E+001
3.70500000E+003, 3.27051018E+001
3.70750000E+003, 3.60700549E+001
3.71000000E+003, 3.92546277E+001
3.71250000E+003, 4.28289853E+001
3.71500000E+003, 4.67499171E+001
3.71750000E+003, 5.16153181E+001
3.72000000E+003, 5.75018641E+001
3.72250000E+003, 5.69542115E+001
3.72500000E+003, 5.26848144E+001
3.72750000E+003, 4.98092190E+001
3.73000000E+003, 4.78419026E+001
3.73250000E+003, 4.63817899E+001
3.73500000E+003, 4.53472427E+001
3.73750000E+003, 4.44355942E+001
3.74000000E+003, 4.37296764E+001
3.74250000E+003, 4.31666873E+001
3.74500000E+003, 4.25895780E+001
3.74750000E+003, 4.21613140E+001
3.75000000E+003, 4.18070387E+001
3.75250000E+003, 4.15145679E+001
3.75500000E+003, 4.11314009E+001
3.75750000E+003, 4.08779552E+001
3.76000000E+003, 4.06477340E+001
3.76250000E+003, 4.04042582E+001
3.76500000E+003, 3.99809613E+001
3.76750000E+003, 3.92239496E+001
3.77000000E+003, 3.86913173E+001
3.77250000E+003, 4.14482186E+001
3.77500000E+003, 4.07781330E+001
3.77750000E+003, 4.03704424E+001
3.78000000E+003, 4.01935669E+001
3.78250000E+003, 3.97677183E+001
3.78500000E+003, 3.97701748E+001
3.78750000E+003, 3.97494045E+001
3.79000000E+003, 3.94188027E+001
3.79250000E+003, 3.93898493E+001
3.79500000E+003, 3.94645179E+001
3.79750000E+003, 3.92839805E+001
3.80000000E+003, 3.93446817E+001
3.80250000E+003, 3.92779587E+001
3.80500000E+003, 3.91993090E+001
3.80750000E+003, 3.92925174E+001
3.81000000E+003, 3.91045790E+001
3.81250000E+003, 3.92825519E+001
3.81500000E+003, 3.91100659E+001
3.81750000E+003, 3.91790078E+001
3.82000000E+003, 3.91856998E+001
3.82250000E+003, 3.90361496E+001
3.82500000E+003, 3.90581906E+001
3.82750000E+003, 3.90702376E+001
3.83000000E+003, 3.89137557E+001
3.83250000E+003, 3.90010308E+001
3.83500000E+003, 3.87708632E+001
3.83750000E+003, 3.88874871E+001
3.84000000E+003, 3.88346466E+001
3.84250000E+003, 3.90531109E+001
3.84500000E+003, 3.89486936E+001
3.84750000E+003, 3.90164804E+001
3.85000000E+003, 3.89588880E+001
3.85250000E+003, 3.89909056E+001
3.85500000E+003, 3.92341146E+001
3.85750000E+003, 3.90317395E+001
3.86000000E+003, 3.91010187E+001
3.86250000E+003, 3.91349772E+001
3.86500000E+003, 3.91101755E+001
3.86750000E+003, 3.91684000E+001
3.87000000E+003, 3.92605265E+001
3.87250000E+003, 3.91120704E+001
3.87500000E+003, 3.92525870E+001
3.87750000E+003, 3.92147681E+001
3.88000000E+003, 3.93138451E+001
3.88250000E+003, 3.91058830E+001
3.88500000E+003, 3.91367139E+001
3.88750000E+003, 3.91272362E+001
3.89000000E+003, 3.91243502E+001
3.89250000E+003, 3.94740902E+001
3.89500000E+003, 3.95016364E+001
3.89750000E+003, 3.96184084E+001
3.90000000E+003, 3.94549772E+001
3.90250000E+003, 3.95144501E+001
3.90500000E+003, 3.97128600E+001
3.90750000E+003, 3.98163857E+001
3.91000000E+003, 3.97733141E+001
3.91250000E+003, 3.98121797E+001
3.91500000E+003, 3.97758644E+001
3.91750000E+003, 4.00265434E+001
3.92000000E+003, 4.01292813E+001
3.92250000E+003, 4.01512029E+001
3.92500000E+003, 4.01645130E+001
3.92750000E+003, 4.03282758E+001
3.93000000E+003, 4.04352997E+001
3.93250000E+003, 4.02048765E+001
3.93500000E+003, 4.04511710E+001
3.93750000E+003, 4.03738362E+001
3.94000000E+003, 4.04635034E+001
3.94250000E+003, 4.05033198E+001
3.94500000E+003, 4.05535970E+001
3.94750000E+003, 4.03345831E+001
3.95000000E+003, 4.04634862E+001
3.95250000E+003, 4.06698526E+001
3.95500000E+003, 4.09505212E+001
3.95750000E+003, 4.09847242E+001
3.96000000E+003, 4.12428880E+001
3.96250000E+003, 4.11401943E+001
3.96500000E+003, 4.13815209E+001
3.96750000E+003, 4.14182883E+001
3.97000000E+003, 4.14002646E+001
3.97250000E+003, 4.15839624E+001
3.97500000E+003, 4.19126662E+001
3.97750000E+003, 4.19495217E+001
3.98000000E+003, 4.21484431E+001
3.98250000E+003, 4.22796600E+001
3.98500000E+003, 4.24190513E+001
3.98750000E+003, 4.23719660E+001
3.99000000E+003, 4.25730275E+001
3.99250000E+003, 4.26809353E+001
3.99500000E+003, 4.25611304E+001
3.99750000E+003, 4.27337225E+001
4.00000000E+003, 4.28981641E+001
