Label:, CH1-2: é¸îgêîâûìöä÷êî
DateTime:, Thu Feb 08 16:45:40 2018
DataKind:, CH1-2, FRF, Mag
DataPoints:, 1601
DataCalc:, H1
Frequency:, 0.000 , 4000.000, Hz
Sample:, 4096, Internal
Average:, 3, Power/Sum
Voltage(CH1):, -20.000, dBVrms
Voltage(CH2):, -10.000, dBVrms
EU/V(CH1):, 3.757E+001
EU/V(CH2):, 1.088E+003
Window(CH1):, Rect
Window(CH2):, Rect
X-AxisScale:, Lin
X-AxisUnit:, Hz
Y-AxisScale:, Log
Y-AxisUnit:, m/s2/N
Y-AxisMagniude:
0.00000000E+000, 2.75438338E+001
2.50000000E+000, 4.32948244E+000
5.00000000E+000, 1.84909352E+000
7.50000000E+000, 7.90604108E+000
1.00000000E+001, 1.11429144E+001
1.25000000E+001, 1.62533491E+001
1.50000000E+001, 4.74980776E+000
1.75000000E+001, 1.00197184E+001
2.00000000E+001, 9.46772672E+000
2.25000000E+001, 5.82610411E+000
2.50000000E+001, 4.88944868E+000
2.75000000E+001, 1.05437487E+000
3.00000000E+001, 3.08323899E+000
3.25000000E+001, 3.25152704E+000
3.50000000E+001, -9.05042496E+000
3.75000000E+001, -4.19857117E+000
4.00000000E+001, 4.07040833E+000
4.25000000E+001, -7.85349618E+000
4.50000000E+001, -1.75479539E+000
4.75000000E+001, -4.42218212E+000
5.00000000E+001, -4.44163176E+000
5.25000000E+001, 6.64306550E+000
5.50000000E+001, -9.70802148E+000
5.75000000E+001, -2.92059110E+000
6.00000000E+001, 2.28628416E+000
6.25000000E+001, -1.04420121E+001
6.50000000E+001, 2.85565774E+000
6.75000000E+001, -1.61892449E+001
7.00000000E+001, -2.13806423E+000
7.25000000E+001, 4.23278648E-001
7.50000000E+001, -7.47651411E+000
7.75000000E+001, -3.73962529E+000
8.00000000E+001, -2.28292858E+000
8.25000000E+001, -1.31011586E+001
8.50000000E+001, -5.66761811E+000
8.75000000E+001, -1.50856105E+001
9.00000000E+001, -6.37935150E+000
9.25000000E+001, -1.35574105E+001
9.50000000E+001, -1.00849898E+001
9.75000000E+001, -6.15056533E+000
1.00000000E+002, -2.27778476E+000
1.02500000E+002, 1.80513256E+000
1.05000000E+002, -4.08873718E+000
1.07500000E+002, 1.39141901E-001
1.10000000E+002, 2.06757510E+000
1.12500000E+002, -1.46693997E+000
1.15000000E+002, 3.29648202E+000
1.17500000E+002, 7.73934105E+000
1.20000000E+002, 2.01928724E+000
1.22500000E+002, 7.75643752E+000
1.25000000E+002, 1.02060587E+001
1.27500000E+002, 1.22317799E+001
1.30000000E+002, 1.40104517E+001
1.32500000E+002, 1.71024416E+001
1.35000000E+002, 1.95862312E+001
1.37500000E+002, 2.27606047E+001
1.40000000E+002, 2.81191587E+001
1.42500000E+002, 4.24153150E+001
1.45000000E+002, 3.22612006E+001
1.47500000E+002, 2.64640423E+001
1.50000000E+002, 2.29163792E+001
1.52500000E+002, 2.04877413E+001
1.55000000E+002, 1.83418901E+001
1.57500000E+002, 1.78951833E+001
1.60000000E+002, 1.80711779E+001
1.62500000E+002, 1.61104947E+001
1.65000000E+002, 1.65448050E+001
1.67500000E+002, 1.54311416E+001
1.70000000E+002, 1.13487189E+001
1.72500000E+002, 1.34806720E+001
1.75000000E+002, 1.39646407E+001
1.77500000E+002, 1.35677202E+001
1.80000000E+002, 1.24725413E+001
1.82500000E+002, 1.25723256E+001
1.85000000E+002, 1.28572040E+001
1.87500000E+002, 1.18242816E+001
1.90000000E+002, 1.16349965E+001
1.92500000E+002, 1.21881920E+001
1.95000000E+002, 1.09951010E+001
1.97500000E+002, 1.21361574E+001
2.00000000E+002, 1.18017428E+001
2.02500000E+002, 1.16408919E+001
2.05000000E+002, 1.18840026E+001
2.07500000E+002, 1.23262975E+001
2.10000000E+002, 9.73017096E+000
2.12500000E+002, 1.18100259E+001
2.15000000E+002, 1.08854814E+001
2.17500000E+002, 9.45385539E+000
2.20000000E+002, 9.54226080E+000
2.22500000E+002, 1.15774411E+001
2.25000000E+002, 1.09866588E+001
2.27500000E+002, 1.03350782E+001
2.30000000E+002, 8.41287107E+000
2.32500000E+002, 1.02249557E+001
2.35000000E+002, 1.01362839E+001
2.37500000E+002, 8.72060185E+000
2.40000000E+002, 1.09705220E+001
2.42500000E+002, 9.99742597E+000
2.45000000E+002, 8.47074566E+000
2.47500000E+002, 1.12750339E+001
2.50000000E+002, 9.30534158E+000
2.52500000E+002, 9.89037196E+000
2.55000000E+002, 1.08373544E+001
2.57500000E+002, 9.12921337E+000
2.60000000E+002, 1.00044617E+001
2.62500000E+002, 1.05633363E+001
2.65000000E+002, 1.01377973E+001
2.67500000E+002, 1.11737528E+001
2.70000000E+002, 1.06111297E+001
2.72500000E+002, 1.06461757E+001
2.75000000E+002, 9.62949204E+000
2.77500000E+002, 1.04720327E+001
2.80000000E+002, 9.61777618E+000
2.82500000E+002, 1.08967972E+001
2.85000000E+002, 1.05994400E+001
2.87500000E+002, 1.04443867E+001
2.90000000E+002, 1.05122118E+001
2.92500000E+002, 9.82955826E+000
2.95000000E+002, 9.47977309E+000
2.97500000E+002, 9.66839449E+000
3.00000000E+002, 1.15784152E+001
3.02500000E+002, 1.02662054E+001
3.05000000E+002, 8.16556857E+000
3.07500000E+002, 9.24293614E+000
3.10000000E+002, 8.71297040E+000
3.12500000E+002, 9.16615673E+000
3.15000000E+002, 1.16756376E+001
3.17500000E+002, 9.60357675E+000
3.20000000E+002, 9.90819283E+000
3.22500000E+002, 9.99947231E+000
3.25000000E+002, 1.06874057E+001
3.27500000E+002, 1.08327606E+001
3.30000000E+002, 1.11100922E+001
3.32500000E+002, 8.65046954E+000
3.35000000E+002, 8.98585954E+000
3.37500000E+002, 9.92321211E+000
3.40000000E+002, 1.06757510E+001
3.42500000E+002, 9.87789362E+000
3.45000000E+002, 9.21425610E+000
3.47500000E+002, 1.05380331E+001
3.50000000E+002, 9.44105524E+000
3.52500000E+002, 8.64444462E+000
3.55000000E+002, 9.01981560E+000
3.57500000E+002, 8.87959841E+000
3.60000000E+002, 1.01122854E+001
3.62500000E+002, 9.97515808E+000
3.65000000E+002, 8.80044693E+000
3.67500000E+002, 9.88463344E+000
3.70000000E+002, 1.10433386E+001
3.72500000E+002, 1.01517528E+001
3.75000000E+002, 9.62112086E+000
3.77500000E+002, 1.06567739E+001
3.80000000E+002, 1.00237051E+001
3.82500000E+002, 9.22297260E+000
3.85000000E+002, 1.03162205E+001
3.87500000E+002, 9.72149633E+000
3.90000000E+002, 9.76025133E+000
3.92500000E+002, 8.89233666E+000
3.95000000E+002, 1.05277486E+001
3.97500000E+002, 1.09342695E+001
4.00000000E+002, 1.07594747E+001
4.02500000E+002, 9.50817290E+000
4.05000000E+002, 9.27378100E+000
4.07500000E+002, 9.79054207E+000
4.10000000E+002, 9.95971952E+000
4.12500000E+002, 9.37778459E+000
4.15000000E+002, 9.38598369E+000
4.17500000E+002, 9.88100773E+000
4.20000000E+002, 1.01259010E+001
4.22500000E+002, 1.02210685E+001
4.25000000E+002, 1.04071004E+001
4.27500000E+002, 1.07533055E+001
4.30000000E+002, 1.00686044E+001
4.32500000E+002, 1.12755557E+001
4.35000000E+002, 1.07096706E+001
4.37500000E+002, 1.03133988E+001
4.40000000E+002, 1.08686947E+001
4.42500000E+002, 9.97166347E+000
4.45000000E+002, 1.06634706E+001
4.47500000E+002, 1.01787996E+001
4.50000000E+002, 9.97932493E+000
4.52500000E+002, 1.05177367E+001
4.55000000E+002, 1.04362188E+001
4.57500000E+002, 9.17459105E+000
4.60000000E+002, 1.14207099E+001
4.62500000E+002, 9.08646180E+000
4.65000000E+002, 1.12753840E+001
4.67500000E+002, 9.78345513E+000
4.70000000E+002, 1.03364111E+001
4.72500000E+002, 9.94551322E+000
4.75000000E+002, 8.33169489E+000
4.77500000E+002, 9.76217540E+000
4.80000000E+002, 8.81744130E+000
4.82500000E+002, 9.71798282E+000
4.85000000E+002, 9.49854919E+000
4.87500000E+002, 9.33719218E+000
4.90000000E+002, 7.97166230E+000
4.92500000E+002, 8.56444754E+000
4.95000000E+002, 7.25840405E+000
4.97500000E+002, 6.02949144E+000
5.00000000E+002, 5.85060155E+000
5.02500000E+002, 3.98825028E+000
5.05000000E+002, 2.83252977E+000
5.07500000E+002, 3.92313089E+000
5.10000000E+002, 8.71702910E-001
5.12500000E+002, 3.27280624E+000
5.15000000E+002, 7.64375044E+000
5.17500000E+002, 7.68453968E+000
5.20000000E+002, 1.18857668E+001
5.22500000E+002, 1.41260425E+001
5.25000000E+002, 1.94173972E+001
5.27500000E+002, 2.48057573E+001
5.30000000E+002, 3.31469413E+001
5.32500000E+002, 4.57065507E+001
5.35000000E+002, 3.24896757E+001
5.37500000E+002, 2.79997865E+001
5.40000000E+002, 2.66712685E+001
5.42500000E+002, 2.39414925E+001
5.45000000E+002, 2.31087788E+001
5.47500000E+002, 2.32404838E+001
5.50000000E+002, 2.19199900E+001
5.52500000E+002, 2.15733218E+001
5.55000000E+002, 2.15770179E+001
5.57500000E+002, 2.14559577E+001
5.60000000E+002, 2.02626694E+001
5.62500000E+002, 2.03278877E+001
5.65000000E+002, 2.08772758E+001
5.67500000E+002, 2.01798538E+001
5.70000000E+002, 2.04387051E+001
5.72500000E+002, 2.08422251E+001
5.75000000E+002, 2.00766407E+001
5.77500000E+002, 2.03602702E+001
5.80000000E+002, 2.00600270E+001
5.82500000E+002, 2.07115667E+001
5.85000000E+002, 2.08598248E+001
5.87500000E+002, 2.03237438E+001
5.90000000E+002, 2.09123885E+001
5.92500000E+002, 2.04646612E+001
5.95000000E+002, 2.01665943E+001
5.97500000E+002, 1.99769575E+001
6.00000000E+002, 2.04881167E+001
6.02500000E+002, 2.00892291E+001
6.05000000E+002, 2.09951287E+001
6.07500000E+002, 2.06291091E+001
6.10000000E+002, 2.06958469E+001
6.12500000E+002, 2.02178792E+001
6.15000000E+002, 2.03809144E+001
6.17500000E+002, 2.07110789E+001
6.20000000E+002, 2.14895307E+001
6.22500000E+002, 2.08884172E+001
6.25000000E+002, 2.08114045E+001
6.27500000E+002, 2.08922050E+001
6.30000000E+002, 2.15519694E+001
6.32500000E+002, 2.07966901E+001
6.35000000E+002, 2.19045938E+001
6.37500000E+002, 2.16552789E+001
6.40000000E+002, 2.15184720E+001
6.42500000E+002, 2.18984095E+001
6.45000000E+002, 2.19496262E+001
6.47500000E+002, 2.25149902E+001
6.50000000E+002, 2.20482000E+001
6.52500000E+002, 2.22140365E+001
6.55000000E+002, 2.21424351E+001
6.57500000E+002, 2.25514595E+001
6.60000000E+002, 2.24401446E+001
6.62500000E+002, 2.24027567E+001
6.65000000E+002, 2.28481193E+001
6.67500000E+002, 2.29718174E+001
6.70000000E+002, 2.30758335E+001
6.72500000E+002, 2.33024107E+001
6.75000000E+002, 2.32990448E+001
6.77500000E+002, 2.32607915E+001
6.80000000E+002, 2.35935383E+001
6.82500000E+002, 2.35156136E+001
6.85000000E+002, 2.38554235E+001
6.87500000E+002, 2.35586930E+001
6.90000000E+002, 2.36804377E+001
6.92500000E+002, 2.42488014E+001
6.95000000E+002, 2.41131420E+001
6.97500000E+002, 2.41256651E+001
7.00000000E+002, 2.45861849E+001
7.02500000E+002, 2.46577951E+001
7.05000000E+002, 2.46943012E+001
7.07500000E+002, 2.47972234E+001
7.10000000E+002, 2.48578366E+001
7.12500000E+002, 2.52864409E+001
7.15000000E+002, 2.55222174E+001
7.17500000E+002, 2.57251730E+001
7.20000000E+002, 2.57709485E+001
7.22500000E+002, 2.58285931E+001
7.25000000E+002, 2.60722317E+001
7.27500000E+002, 2.63872267E+001
7.30000000E+002, 2.65056940E+001
7.32500000E+002, 2.65654801E+001
7.35000000E+002, 2.69594936E+001
7.37500000E+002, 2.71949339E+001
7.40000000E+002, 2.70709895E+001
7.42500000E+002, 2.74183904E+001
7.45000000E+002, 2.76602569E+001
7.47500000E+002, 2.78364641E+001
7.50000000E+002, 2.78702749E+001
7.52500000E+002, 2.80947509E+001
7.55000000E+002, 2.85213683E+001
7.57500000E+002, 2.84911592E+001
7.60000000E+002, 2.88804227E+001
7.62500000E+002, 2.89776534E+001
7.65000000E+002, 2.93269484E+001
7.67500000E+002, 2.95157418E+001
7.70000000E+002, 2.98242958E+001
7.72500000E+002, 2.99582028E+001
7.75000000E+002, 3.02513473E+001
7.77500000E+002, 3.05682904E+001
7.80000000E+002, 3.06569070E+001
7.82500000E+002, 3.10055139E+001
7.85000000E+002, 3.12116769E+001
7.87500000E+002, 3.15743448E+001
7.90000000E+002, 3.19592109E+001
7.92500000E+002, 3.22171079E+001
7.95000000E+002, 3.25441530E+001
7.97500000E+002, 3.29917712E+001
8.00000000E+002, 3.31788973E+001
8.02500000E+002, 3.35204687E+001
8.05000000E+002, 3.40023430E+001
8.07500000E+002, 3.43455581E+001
8.10000000E+002, 3.44730743E+001
8.12500000E+002, 3.49009630E+001
8.15000000E+002, 3.54442830E+001
8.17500000E+002, 3.59473821E+001
8.20000000E+002, 3.63849023E+001
8.22500000E+002, 3.69342997E+001
8.25000000E+002, 3.74633018E+001
8.27500000E+002, 3.79720957E+001
8.30000000E+002, 3.84528746E+001
8.32500000E+002, 3.90016767E+001
8.35000000E+002, 3.97319174E+001
8.37500000E+002, 4.04953115E+001
8.40000000E+002, 4.11762844E+001
8.42500000E+002, 4.20608214E+001
8.45000000E+002, 4.29844194E+001
8.47500000E+002, 4.39905387E+001
8.50000000E+002, 4.51907028E+001
8.52500000E+002, 4.65548513E+001
8.55000000E+002, 4.80775554E+001
8.57500000E+002, 4.99749481E+001
8.60000000E+002, 5.21723061E+001
8.62500000E+002, 5.44661448E+001
8.65000000E+002, 5.74444623E+001
8.67500000E+002, 5.92977994E+001
8.70000000E+002, 5.75569905E+001
8.72500000E+002, 5.48508344E+001
8.75000000E+002, 5.23404035E+001
8.77500000E+002, 5.01671158E+001
8.80000000E+002, 4.85832220E+001
8.82500000E+002, 4.70296725E+001
8.85000000E+002, 4.55155830E+001
8.87500000E+002, 4.46751697E+001
8.90000000E+002, 4.36526545E+001
8.92500000E+002, 4.27809747E+001
8.95000000E+002, 4.21142603E+001
8.97500000E+002, 4.13546551E+001
9.00000000E+002, 4.05887349E+001
9.02500000E+002, 4.00965137E+001
9.05000000E+002, 3.95396774E+001
9.07500000E+002, 3.89169295E+001
9.10000000E+002, 3.86316960E+001
9.12500000E+002, 3.78278259E+001
9.15000000E+002, 3.76565830E+001
9.17500000E+002, 3.70168391E+001
9.20000000E+002, 3.67625874E+001
9.22500000E+002, 3.63660610E+001
9.25000000E+002, 3.59620327E+001
9.27500000E+002, 3.57613273E+001
9.30000000E+002, 3.52899239E+001
9.32500000E+002, 3.50568208E+001
9.35000000E+002, 3.46368292E+001
9.37500000E+002, 3.44827882E+001
9.40000000E+002, 3.41078193E+001
9.42500000E+002, 3.38694075E+001
9.45000000E+002, 3.36911924E+001
9.47500000E+002, 3.33032200E+001
9.50000000E+002, 3.29419787E+001
9.52500000E+002, 3.28760056E+001
9.55000000E+002, 3.27312973E+001
9.57500000E+002, 3.23494095E+001
9.60000000E+002, 3.22300805E+001
9.62500000E+002, 3.21157285E+001
9.65000000E+002, 3.19799380E+001
9.67500000E+002, 3.15862355E+001
9.70000000E+002, 3.15100267E+001
9.72500000E+002, 3.13241003E+001
9.75000000E+002, 3.10615225E+001
9.77500000E+002, 3.08094327E+001
9.80000000E+002, 3.08261578E+001
9.82500000E+002, 3.06109522E+001
9.85000000E+002, 3.05490566E+001
9.87500000E+002, 3.02882851E+001
9.90000000E+002, 3.02099992E+001
9.92500000E+002, 3.00875932E+001
9.95000000E+002, 2.97854110E+001
9.97500000E+002, 2.97495489E+001
1.00000000E+003, 2.96315234E+001
1.00250000E+003, 2.95837771E+001
1.00500000E+003, 2.93665843E+001
1.00750000E+003, 2.93330043E+001
1.01000000E+003, 2.91446915E+001
1.01250000E+003, 2.89683303E+001
1.01500000E+003, 2.88812586E+001
1.01750000E+003, 2.87486542E+001
1.02000000E+003, 2.84569673E+001
1.02250000E+003, 2.84845144E+001
1.02500000E+003, 2.83022701E+001
1.02750000E+003, 2.82718475E+001
1.03000000E+003, 2.79545497E+001
1.03250000E+003, 2.79778883E+001
1.03500000E+003, 2.79805013E+001
1.03750000E+003, 2.79034269E+001
1.04000000E+003, 2.77531470E+001
1.04250000E+003, 2.76766279E+001
1.04500000E+003, 2.77284491E+001
1.04750000E+003, 2.74822059E+001
1.05000000E+003, 2.74310240E+001
1.05250000E+003, 2.74727702E+001
1.05500000E+003, 2.71704932E+001
1.05750000E+003, 2.71180038E+001
1.06000000E+003, 2.70553235E+001
1.06250000E+003, 2.69970707E+001
1.06500000E+003, 2.67951426E+001
1.06750000E+003, 2.68191066E+001
1.07000000E+003, 2.66934588E+001
1.07250000E+003, 2.67132146E+001
1.07500000E+003, 2.65402206E+001
1.07750000E+003, 2.63274757E+001
1.08000000E+003, 2.64862857E+001
1.08250000E+003, 2.63785134E+001
1.08500000E+003, 2.63228552E+001
1.08750000E+003, 2.62845070E+001
1.09000000E+003, 2.62472148E+001
1.09250000E+003, 2.60590384E+001
1.09500000E+003, 2.60954247E+001
1.09750000E+003, 2.60120446E+001
1.10000000E+003, 2.58187087E+001
1.10250000E+003, 2.57645636E+001
1.10500000E+003, 2.57197038E+001
1.10750000E+003, 2.55155899E+001
1.11000000E+003, 2.56403593E+001
1.11250000E+003, 2.54492403E+001
1.11500000E+003, 2.55256028E+001
1.11750000E+003, 2.54141076E+001
1.12000000E+003, 2.53855173E+001
1.12250000E+003, 2.53138605E+001
1.12500000E+003, 2.52391829E+001
1.12750000E+003, 2.54109918E+001
1.13000000E+003, 2.51849442E+001
1.13250000E+003, 2.53257143E+001
1.13500000E+003, 2.51156675E+001
1.13750000E+003, 2.52072687E+001
1.14000000E+003, 2.48183525E+001
1.14250000E+003, 2.48744858E+001
1.14500000E+003, 2.49017996E+001
1.14750000E+003, 2.49154870E+001
1.15000000E+003, 2.49449256E+001
1.15250000E+003, 2.47193073E+001
1.15500000E+003, 2.46213271E+001
1.15750000E+003, 2.44977110E+001
1.16000000E+003, 2.45700591E+001
1.16250000E+003, 2.47730774E+001
1.16500000E+003, 2.44061899E+001
1.16750000E+003, 2.44037847E+001
1.17000000E+003, 2.42985889E+001
1.17250000E+003, 2.42764651E+001
1.17500000E+003, 2.43348348E+001
1.17750000E+003, 2.45008247E+001
1.18000000E+003, 2.44273759E+001
1.18250000E+003, 2.41371381E+001
1.18500000E+003, 2.39373636E+001
1.18750000E+003, 2.43235807E+001
1.19000000E+003, 2.41541890E+001
1.19250000E+003, 2.41393792E+001
1.19500000E+003, 2.40996700E+001
1.19750000E+003, 2.39933528E+001
1.20000000E+003, 2.40800392E+001
1.20250000E+003, 2.39264791E+001
1.20500000E+003, 2.39448535E+001
1.20750000E+003, 2.39524537E+001
1.21000000E+003, 2.39175315E+001
1.21250000E+003, 2.36513928E+001
1.21500000E+003, 2.38766377E+001
1.21750000E+003, 2.36844454E+001
1.22000000E+003, 2.38187291E+001
1.22250000E+003, 2.37586720E+001
1.22500000E+003, 2.36902826E+001
1.22750000E+003, 2.34423689E+001
1.23000000E+003, 2.34008570E+001
1.23250000E+003, 2.34044448E+001
1.23500000E+003, 2.34388099E+001
1.23750000E+003, 2.32650325E+001
1.24000000E+003, 2.32829808E+001
1.24250000E+003, 2.34109493E+001
1.24500000E+003, 2.31865059E+001
1.24750000E+003, 2.34299510E+001
1.25000000E+003, 2.33364351E+001
1.25250000E+003, 2.32850254E+001
1.25500000E+003, 2.34451990E+001
1.25750000E+003, 2.33306016E+001
1.26000000E+003, 2.31321605E+001
1.26250000E+003, 2.31384341E+001
1.26500000E+003, 2.33800804E+001
1.26750000E+003, 2.30899580E+001
1.27000000E+003, 2.29688449E+001
1.27250000E+003, 2.33561747E+001
1.27500000E+003, 2.29975864E+001
1.27750000E+003, 2.32648316E+001
1.28000000E+003, 2.28442832E+001
1.28250000E+003, 2.32012767E+001
1.28500000E+003, 2.30825898E+001
1.28750000E+003, 2.29004059E+001
1.29000000E+003, 2.30245768E+001
1.29250000E+003, 2.32852854E+001
1.29500000E+003, 2.29030555E+001
1.29750000E+003, 2.29382598E+001
1.30000000E+003, 2.28002962E+001
1.30250000E+003, 2.28962182E+001
1.30500000E+003, 2.28005156E+001
1.30750000E+003, 2.28590050E+001
1.31000000E+003, 2.27869716E+001
1.31250000E+003, 2.27675297E+001
1.31500000E+003, 2.28398298E+001
1.31750000E+003, 2.28020200E+001
1.32000000E+003, 2.26306394E+001
1.32250000E+003, 2.28324290E+001
1.32500000E+003, 2.30900394E+001
1.32750000E+003, 2.28073214E+001
1.33000000E+003, 2.30106631E+001
1.33250000E+003, 2.29549512E+001
1.33500000E+003, 2.29454914E+001
1.33750000E+003, 2.33646807E+001
1.34000000E+003, 2.37578031E+001
1.34250000E+003, 2.13564458E+001
1.34500000E+003, 2.17268305E+001
1.34750000E+003, 2.21270281E+001
1.35000000E+003, 2.20929046E+001
1.35250000E+003, 2.23844984E+001
1.35500000E+003, 2.22991599E+001
1.35750000E+003, 2.20927593E+001
1.36000000E+003, 2.21786219E+001
1.36250000E+003, 2.23660251E+001
1.36500000E+003, 2.22724932E+001
1.36750000E+003, 2.22328434E+001
1.37000000E+003, 2.21923671E+001
1.37250000E+003, 2.22175408E+001
1.37500000E+003, 2.23828047E+001
1.37750000E+003, 2.23175847E+001
1.38000000E+003, 2.21652078E+001
1.38250000E+003, 2.21046243E+001
1.38500000E+003, 2.22296179E+001
1.38750000E+003, 2.24896768E+001
1.39000000E+003, 2.24011681E+001
1.39250000E+003, 2.23222703E+001
1.39500000E+003, 2.20172113E+001
1.39750000E+003, 2.22742356E+001
1.40000000E+003, 2.21514086E+001
1.40250000E+003, 2.20100050E+001
1.40500000E+003, 2.22389729E+001
1.40750000E+003, 2.22880549E+001
1.41000000E+003, 2.23059098E+001
1.41250000E+003, 2.20647534E+001
1.41500000E+003, 2.22382471E+001
1.41750000E+003, 2.20105423E+001
1.42000000E+003, 2.19264597E+001
1.42250000E+003, 2.21910577E+001
1.42500000E+003, 2.19406268E+001
1.42750000E+003, 2.21268356E+001
1.43000000E+003, 2.19949671E+001
1.43250000E+003, 2.20886715E+001
1.43500000E+003, 2.18586314E+001
1.43750000E+003, 2.20871505E+001
1.44000000E+003, 2.21480037E+001
1.44250000E+003, 2.21338252E+001
1.44500000E+003, 2.19598537E+001
1.44750000E+003, 2.19150089E+001
1.45000000E+003, 2.19967349E+001
1.45250000E+003, 2.20490050E+001
1.45500000E+003, 2.22080649E+001
1.45750000E+003, 2.20001555E+001
1.46000000E+003, 2.22523768E+001
1.46250000E+003, 2.19466798E+001
1.46500000E+003, 2.18765423E+001
1.46750000E+003, 2.20274282E+001
1.47000000E+003, 2.18420558E+001
1.47250000E+003, 2.18119175E+001
1.47500000E+003, 2.17241162E+001
1.47750000E+003, 2.18027312E+001
1.48000000E+003, 2.18939953E+001
1.48250000E+003, 2.17889808E+001
1.48500000E+003, 2.19938475E+001
1.48750000E+003, 2.18978244E+001
1.49000000E+003, 2.17762174E+001
1.49250000E+003, 2.17280984E+001
1.49500000E+003, 2.21184576E+001
1.49750000E+003, 2.19346197E+001
1.50000000E+003, 2.16416681E+001
1.50250000E+003, 2.17849907E+001
1.50500000E+003, 2.17834444E+001
1.50750000E+003, 2.19662550E+001
1.51000000E+003, 2.19398146E+001
1.51250000E+003, 2.17671951E+001
1.51500000E+003, 2.17652863E+001
1.51750000E+003, 2.17655590E+001
1.52000000E+003, 2.17038617E+001
1.52250000E+003, 2.19240236E+001
1.52500000E+003, 2.19728287E+001
1.52750000E+003, 2.16212773E+001
1.53000000E+003, 2.14889108E+001
1.53250000E+003, 2.17469429E+001
1.53500000E+003, 2.17138597E+001
1.53750000E+003, 2.17968110E+001
1.54000000E+003, 2.19049695E+001
1.54250000E+003, 2.15895487E+001
1.54500000E+003, 2.15789680E+001
1.54750000E+003, 2.15436169E+001
1.55000000E+003, 2.16971399E+001
1.55250000E+003, 2.16311019E+001
1.55500000E+003, 2.15239730E+001
1.55750000E+003, 2.17918422E+001
1.56000000E+003, 2.15708149E+001
1.56250000E+003, 2.13979855E+001
1.56500000E+003, 2.15062290E+001
1.56750000E+003, 2.16044965E+001
1.57000000E+003, 2.14400507E+001
1.57250000E+003, 2.15817939E+001
1.57500000E+003, 2.15236553E+001
1.57750000E+003, 2.16379035E+001
1.58000000E+003, 2.12253670E+001
1.58250000E+003, 2.12548866E+001
1.58500000E+003, 2.15408725E+001
1.58750000E+003, 2.15171615E+001
1.59000000E+003, 2.13796187E+001
1.59250000E+003, 2.17437440E+001
1.59500000E+003, 2.14010376E+001
1.59750000E+003, 2.16608779E+001
1.60000000E+003, 2.09497442E+001
1.60250000E+003, 2.13502986E+001
1.60500000E+003, 2.14943755E+001
1.60750000E+003, 2.10333672E+001
1.61000000E+003, 2.14006455E+001
1.61250000E+003, 2.11632450E+001
1.61500000E+003, 2.13467557E+001
1.61750000E+003, 2.11118525E+001
1.62000000E+003, 2.14051829E+001
1.62250000E+003, 2.12762104E+001
1.62500000E+003, 2.11166772E+001
1.62750000E+003, 2.11454302E+001
1.63000000E+003, 2.10417662E+001
1.63250000E+003, 2.11358796E+001
1.63500000E+003, 2.08303068E+001
1.63750000E+003, 2.07712714E+001
1.64000000E+003, 2.10874983E+001
1.64250000E+003, 2.10652132E+001
1.64500000E+003, 2.10383182E+001
1.64750000E+003, 2.10456235E+001
1.65000000E+003, 2.09408786E+001
1.65250000E+003, 2.10963507E+001
1.65500000E+003, 2.09180352E+001
1.65750000E+003, 2.08946933E+001
1.66000000E+003, 2.11511223E+001
1.66250000E+003, 2.09051691E+001
1.66500000E+003, 2.10684143E+001
1.66750000E+003, 2.10500701E+001
1.67000000E+003, 2.11718974E+001
1.67250000E+003, 2.11543981E+001
1.67500000E+003, 2.09926174E+001
1.67750000E+003, 2.09509592E+001
1.68000000E+003, 2.13511173E+001
1.68250000E+003, 2.09777993E+001
1.68500000E+003, 2.09083970E+001
1.68750000E+003, 2.08046602E+001
1.69000000E+003, 2.07544691E+001
1.69250000E+003, 2.11620667E+001
1.69500000E+003, 2.10513281E+001
1.69750000E+003, 2.08359148E+001
1.70000000E+003, 2.10530996E+001
1.70250000E+003, 2.10815146E+001
1.70500000E+003, 2.08896017E+001
1.70750000E+003, 2.09039764E+001
1.71000000E+003, 2.08550623E+001
1.71250000E+003, 2.07283752E+001
1.71500000E+003, 2.05151946E+001
1.71750000E+003, 2.09034554E+001
1.72000000E+003, 2.05638925E+001
1.72250000E+003, 2.10240423E+001
1.72500000E+003, 2.07690897E+001
1.72750000E+003, 2.08988717E+001
1.73000000E+003, 2.08562097E+001
1.73250000E+003, 2.08034680E+001
1.73500000E+003, 2.05247352E+001
1.73750000E+003, 2.09838639E+001
1.74000000E+003, 2.08711731E+001
1.74250000E+003, 2.02543307E+001
1.74500000E+003, 2.06486298E+001
1.74750000E+003, 2.00326808E+001
1.75000000E+003, 2.01291568E+001
1.75250000E+003, 2.02907490E+001
1.75500000E+003, 2.00485146E+001
1.75750000E+003, 2.00266585E+001
1.76000000E+003, 2.05337880E+001
1.76250000E+003, 2.05825821E+001
1.76500000E+003, 2.05333781E+001
1.76750000E+003, 2.05918837E+001
1.77000000E+003, 2.07147961E+001
1.77250000E+003, 2.10608371E+001
1.77500000E+003, 2.11042149E+001
1.77750000E+003, 2.13073026E+001
1.78000000E+003, 2.17988361E+001
1.78250000E+003, 2.29350630E+001
1.78500000E+003, 2.34413903E+001
1.78750000E+003, 2.53115697E+001
1.79000000E+003, 2.75725893E+001
1.79250000E+003, 3.13406963E+001
1.79500000E+003, 3.82623483E+001
1.79750000E+003, 4.53479068E+001
1.80000000E+003, 3.48574319E+001
1.80250000E+003, 3.07931465E+001
1.80500000E+003, 2.88595584E+001
1.80750000E+003, 2.80668605E+001
1.81000000E+003, 2.87751599E+001
1.81250000E+003, 2.94417424E+001
1.81500000E+003, 3.11497521E+001
1.81750000E+003, 3.37911431E+001
1.82000000E+003, 3.88661332E+001
1.82250000E+003, 4.71448559E+001
1.82500000E+003, 3.84421811E+001
1.82750000E+003, 3.15895441E+001
1.83000000E+003, 2.64652589E+001
1.83250000E+003, 2.03130606E+001
1.83500000E+003, 1.30539178E+001
1.83750000E+003, 3.13726620E+001
1.84000000E+003, 2.70889507E+001
1.84250000E+003, 1.90631477E+001
1.84500000E+003, 6.10480083E+000
1.84750000E+003, 8.57375540E+000
1.85000000E+003, 1.75740275E+001
1.85250000E+003, 2.15858457E+001
1.85500000E+003, 2.46640617E+001
1.85750000E+003, 2.67698654E+001
1.86000000E+003, 2.91974853E+001
1.86250000E+003, 3.12762340E+001
1.86500000E+003, 3.30110002E+001
1.86750000E+003, 3.55985770E+001
1.87000000E+003, 3.78369294E+001
1.87250000E+003, 4.04478287E+001
1.87500000E+003, 4.38077643E+001
1.87750000E+003, 4.77000626E+001
1.88000000E+003, 5.31069680E+001
1.88250000E+003, 5.71971584E+001
1.88500000E+003, 5.24434269E+001
1.88750000E+003, 4.82139049E+001
1.89000000E+003, 4.57446051E+001
1.89250000E+003, 4.39958595E+001
1.89500000E+003, 4.25372947E+001
1.89750000E+003, 4.13768672E+001
1.90000000E+003, 4.05304523E+001
1.90250000E+003, 3.97994133E+001
1.90500000E+003, 3.90556559E+001
1.90750000E+003, 3.81892515E+001
1.91000000E+003, 3.81242479E+001
1.91250000E+003, 3.77368244E+001
1.91500000E+003, 3.69459273E+001
1.91750000E+003, 3.70213162E+001
1.92000000E+003, 3.65249838E+001
1.92250000E+003, 3.65266374E+001
1.92500000E+003, 3.60598021E+001
1.92750000E+003, 3.59259200E+001
1.93000000E+003, 3.59878236E+001
1.93250000E+003, 3.53046888E+001
1.93500000E+003, 3.54933656E+001
1.93750000E+003, 3.53835260E+001
1.94000000E+003, 3.51061801E+001
1.94250000E+003, 3.48294124E+001
1.94500000E+003, 3.50858360E+001
1.94750000E+003, 3.49596408E+001
1.95000000E+003, 3.48413259E+001
1.95250000E+003, 3.50907822E+001
1.95500000E+003, 3.51239849E+001
1.95750000E+003, 3.53218605E+001
1.96000000E+003, 3.55864539E+001
1.96250000E+003, 3.56131505E+001
1.96500000E+003, 3.57861619E+001
1.96750000E+003, 3.59091383E+001
1.97000000E+003, 3.62605989E+001
1.97250000E+003, 3.66845608E+001
1.97500000E+003, 3.73178249E+001
1.97750000E+003, 3.84347763E+001
1.98000000E+003, 4.04163020E+001
1.98250000E+003, 4.40478255E+001
1.98500000E+003, 4.79939833E+001
1.98750000E+003, 3.59593976E+001
1.99000000E+003, 2.45649915E+001
1.99250000E+003, 1.83537063E+001
1.99500000E+003, 2.29203686E+001
1.99750000E+003, 2.58589434E+001
2.00000000E+003, 2.72982780E+001
2.00250000E+003, 2.86583164E+001
2.00500000E+003, 2.87861179E+001
2.00750000E+003, 2.94679298E+001
2.01000000E+003, 2.95590759E+001
2.01250000E+003, 3.01084793E+001
2.01500000E+003, 3.04593336E+001
2.01750000E+003, 3.07611064E+001
2.02000000E+003, 3.07135428E+001
2.02250000E+003, 3.10612493E+001
2.02500000E+003, 3.09978337E+001
2.02750000E+003, 3.10929439E+001
2.03000000E+003, 3.14130736E+001
2.03250000E+003, 3.14758598E+001
2.03500000E+003, 3.14056807E+001
2.03750000E+003, 3.15234449E+001
2.04000000E+003, 3.17494797E+001
2.04250000E+003, 3.18856258E+001
2.04500000E+003, 3.21114255E+001
2.04750000E+003, 3.19549331E+001
2.05000000E+003, 3.20961118E+001
2.05250000E+003, 3.21290404E+001
2.05500000E+003, 3.23135599E+001
2.05750000E+003, 3.22805879E+001
2.06000000E+003, 3.24448798E+001
2.06250000E+003, 3.24326011E+001
2.06500000E+003, 3.26359267E+001
2.06750000E+003, 3.25963692E+001
2.07000000E+003, 3.25539360E+001
2.07250000E+003, 3.28243125E+001
2.07500000E+003, 3.27301957E+001
2.07750000E+003, 3.29028743E+001
2.08000000E+003, 3.29664886E+001
2.08250000E+003, 3.29738599E+001
2.08500000E+003, 3.31676790E+001
2.08750000E+003, 3.33013003E+001
2.09000000E+003, 3.33078110E+001
2.09250000E+003, 3.34159926E+001
2.09500000E+003, 3.34924332E+001
2.09750000E+003, 3.35559284E+001
2.10000000E+003, 3.35604603E+001
2.10250000E+003, 3.36759153E+001
2.10500000E+003, 3.37366084E+001
2.10750000E+003, 3.38309386E+001
2.11000000E+003, 3.39812001E+001
2.11250000E+003, 3.40952982E+001
2.11500000E+003, 3.41157335E+001
2.11750000E+003, 3.41647075E+001
2.12000000E+003, 3.42769582E+001
2.12250000E+003, 3.43943439E+001
2.12500000E+003, 3.45479984E+001
2.12750000E+003, 3.45979996E+001
2.13000000E+003, 3.45202941E+001
2.13250000E+003, 3.49005208E+001
2.13500000E+003, 3.49357196E+001
2.13750000E+003, 3.49069721E+001
2.14000000E+003, 3.50117962E+001
2.14250000E+003, 3.51350385E+001
2.14500000E+003, 3.53841036E+001
2.14750000E+003, 3.54448926E+001
2.15000000E+003, 3.54645572E+001
2.15250000E+003, 3.57126334E+001
2.15500000E+003, 3.57604724E+001
2.15750000E+003, 3.59040294E+001
2.16000000E+003, 3.59660381E+001
2.16250000E+003, 3.60889262E+001
2.16500000E+003, 3.61973423E+001
2.16750000E+003, 3.63162393E+001
2.17000000E+003, 3.63635966E+001
2.17250000E+003, 3.64178226E+001
2.17500000E+003, 3.68177556E+001
2.17750000E+003, 3.69775538E+001
2.18000000E+003, 3.69108357E+001
2.18250000E+003, 3.68694722E+001
2.18500000E+003, 3.71938167E+001
2.18750000E+003, 3.73700532E+001
2.19000000E+003, 3.75498143E+001
2.19250000E+003, 3.76307719E+001
2.19500000E+003, 3.78156515E+001
2.19750000E+003, 3.80013601E+001
2.20000000E+003, 3.81294934E+001
2.20250000E+003, 3.82495782E+001
2.20500000E+003, 3.84575305E+001
2.20750000E+003, 3.84006938E+001
2.21000000E+003, 3.87025595E+001
2.21250000E+003, 3.89966317E+001
2.21500000E+003, 3.91002551E+001
2.21750000E+003, 3.92297479E+001
2.22000000E+003, 3.94581870E+001
2.22250000E+003, 3.96410746E+001
2.22500000E+003, 3.98177615E+001
2.22750000E+003, 4.00301443E+001
2.23000000E+003, 4.02420950E+001
2.23250000E+003, 4.05937121E+001
2.23500000E+003, 4.06656096E+001
2.23750000E+003, 4.10214976E+001
2.24000000E+003, 4.12031267E+001
2.24250000E+003, 4.14477382E+001
2.24500000E+003, 4.16192902E+001
2.24750000E+003, 4.19592972E+001
2.25000000E+003, 4.21914965E+001
2.25250000E+003, 4.23806895E+001
2.25500000E+003, 4.27781663E+001
2.25750000E+003, 4.30905644E+001
2.26000000E+003, 4.31543826E+001
2.26250000E+003, 4.37251678E+001
2.26500000E+003, 4.40291374E+001
2.26750000E+003, 4.43239010E+001
2.27000000E+003, 4.47079946E+001
2.27250000E+003, 4.49601819E+001
2.27500000E+003, 4.53313674E+001
2.27750000E+003, 4.57213374E+001
2.28000000E+003, 4.62314353E+001
2.28250000E+003, 4.66167669E+001
2.28500000E+003, 4.71283752E+001
2.28750000E+003, 4.76073825E+001
2.29000000E+003, 4.80176293E+001
2.29250000E+003, 4.85619778E+001
2.29500000E+003, 4.91104898E+001
2.29750000E+003, 4.97729921E+001
2.30000000E+003, 5.03177862E+001
2.30250000E+003, 5.11118023E+001
2.30500000E+003, 5.17960412E+001
2.30750000E+003, 5.26133009E+001
2.31000000E+003, 5.32736503E+001
2.31250000E+003, 5.42916729E+001
2.31500000E+003, 5.51275879E+001
2.31750000E+003, 5.59420195E+001
2.32000000E+003, 5.67277698E+001
2.32250000E+003, 5.76106920E+001
2.32500000E+003, 5.81336324E+001
2.32750000E+003, 5.84800866E+001
2.33000000E+003, 5.85909490E+001
2.33250000E+003, 5.84253978E+001
2.33500000E+003, 5.78553888E+001
2.33750000E+003, 5.71621415E+001
2.34000000E+003, 5.64586230E+001
2.34250000E+003, 5.56309401E+001
2.34500000E+003, 5.47879449E+001
2.34750000E+003, 5.39027204E+001
2.35000000E+003, 5.31801998E+001
2.35250000E+003, 5.23606893E+001
2.35500000E+003, 5.17250619E+001
2.35750000E+003, 5.10951530E+001
2.36000000E+003, 5.05658124E+001
2.36250000E+003, 4.99273424E+001
2.36500000E+003, 4.95099076E+001
2.36750000E+003, 4.89146084E+001
2.37000000E+003, 4.84867122E+001
2.37250000E+003, 4.80022165E+001
2.37500000E+003, 4.75923779E+001
2.37750000E+003, 4.71875203E+001
2.38000000E+003, 4.68555211E+001
2.38250000E+003, 4.65219968E+001
2.38500000E+003, 4.61506551E+001
2.38750000E+003, 4.59106665E+001
2.39000000E+003, 4.55735463E+001
2.39250000E+003, 4.53526266E+001
2.39500000E+003, 4.50030585E+001
2.39750000E+003, 4.48201994E+001
2.40000000E+003, 4.45768144E+001
2.40250000E+003, 4.43693243E+001
2.40500000E+003, 4.41644394E+001
2.40750000E+003, 4.40684643E+001
2.41000000E+003, 4.40438372E+001
2.41250000E+003, 4.37458175E+001
2.41500000E+003, 4.36915880E+001
2.41750000E+003, 4.35922477E+001
2.42000000E+003, 4.33546887E+001
2.42250000E+003, 4.30648718E+001
2.42500000E+003, 4.24664637E+001
2.42750000E+003, 4.15497334E+001
2.43000000E+003, 4.03312626E+001
2.43250000E+003, 3.91632227E+001
2.43500000E+003, 3.79850892E+001
2.43750000E+003, 3.71329575E+001
2.44000000E+003, 3.67430176E+001
2.44250000E+003, 3.66571521E+001
2.44500000E+003, 3.64936800E+001
2.44750000E+003, 3.65398240E+001
2.45000000E+003, 3.65701886E+001
2.45250000E+003, 3.65773004E+001
2.45500000E+003, 3.65004795E+001
2.45750000E+003, 3.64305368E+001
2.46000000E+003, 3.64548401E+001
2.46250000E+003, 3.64008354E+001
2.46500000E+003, 3.62762410E+001
2.46750000E+003, 3.62148807E+001
2.47000000E+003, 3.61526528E+001
2.47250000E+003, 3.60844562E+001
2.47500000E+003, 3.59833119E+001
2.47750000E+003, 3.58889299E+001
2.48000000E+003, 3.58464928E+001
2.48250000E+003, 3.57290483E+001
2.48500000E+003, 3.56724710E+001
2.48750000E+003, 3.55282871E+001
2.49000000E+003, 3.54896891E+001
2.49250000E+003, 3.53527134E+001
2.49500000E+003, 3.52971470E+001
2.49750000E+003, 3.51696418E+001
2.50000000E+003, 3.51328720E+001
2.50250000E+003, 3.50190830E+001
2.50500000E+003, 3.47867508E+001
2.50750000E+003, 3.47755886E+001
2.51000000E+003, 3.47210036E+001
2.51250000E+003, 3.46315585E+001
2.51500000E+003, 3.45593611E+001
2.51750000E+003, 3.45032761E+001
2.52000000E+003, 3.43730157E+001
2.52250000E+003, 3.42937368E+001
2.52500000E+003, 3.42044413E+001
2.52750000E+003, 3.40181466E+001
2.53000000E+003, 3.40489261E+001
2.53250000E+003, 3.39082648E+001
2.53500000E+003, 3.38162399E+001
2.53750000E+003, 3.38212878E+001
2.54000000E+003, 3.37473197E+001
2.54250000E+003, 3.36520006E+001
2.54500000E+003, 3.35774330E+001
2.54750000E+003, 3.34392809E+001
2.55000000E+003, 3.34316107E+001
2.55250000E+003, 3.33221096E+001
2.55500000E+003, 3.31128638E+001
2.55750000E+003, 3.31114856E+001
2.56000000E+003, 3.29416173E+001
2.56250000E+003, 3.29916583E+001
2.56500000E+003, 3.29238948E+001
2.56750000E+003, 3.28675332E+001
2.57000000E+003, 3.27749380E+001
2.57250000E+003, 3.26916356E+001
2.57500000E+003, 3.26184239E+001
2.57750000E+003, 3.26186113E+001
2.58000000E+003, 3.25387542E+001
2.58250000E+003, 3.24287091E+001
2.58500000E+003, 3.23970596E+001
2.58750000E+003, 3.23631731E+001
2.59000000E+003, 3.22560464E+001
2.59250000E+003, 3.22931124E+001
2.59500000E+003, 3.22209436E+001
2.59750000E+003, 3.22071803E+001
2.60000000E+003, 3.21059817E+001
2.60250000E+003, 3.20584080E+001
2.60500000E+003, 3.20324463E+001
2.60750000E+003, 3.19245025E+001
2.61000000E+003, 3.18313355E+001
2.61250000E+003, 3.19101259E+001
2.61500000E+003, 3.18494804E+001
2.61750000E+003, 3.17202024E+001
2.62000000E+003, 3.17262830E+001
2.62250000E+003, 3.17575353E+001
2.62500000E+003, 3.17111838E+001
2.62750000E+003, 3.15470370E+001
2.63000000E+003, 3.15857623E+001
2.63250000E+003, 3.15188002E+001
2.63500000E+003, 3.14674582E+001
2.63750000E+003, 3.14028434E+001
2.64000000E+003, 3.14952855E+001
2.64250000E+003, 3.13324505E+001
2.64500000E+003, 3.12653321E+001
2.64750000E+003, 3.11959532E+001
2.65000000E+003, 3.13518151E+001
2.65250000E+003, 3.11193321E+001
2.65500000E+003, 3.11709182E+001
2.65750000E+003, 3.11548188E+001
2.66000000E+003, 3.10709552E+001
2.66250000E+003, 3.10572917E+001
2.66500000E+003, 3.10933924E+001
2.66750000E+003, 3.10501618E+001
2.67000000E+003, 3.10750319E+001
2.67250000E+003, 3.09819192E+001
2.67500000E+003, 3.08613059E+001
2.67750000E+003, 3.09037268E+001
2.68000000E+003, 3.08752238E+001
2.68250000E+003, 3.08204091E+001
2.68500000E+003, 3.07229640E+001
2.68750000E+003, 3.07519140E+001
2.69000000E+003, 3.08526157E+001
2.69250000E+003, 3.06993611E+001
2.69500000E+003, 3.08043103E+001
2.69750000E+003, 3.07531355E+001
2.70000000E+003, 3.07118336E+001
2.70250000E+003, 3.06332933E+001
2.70500000E+003, 3.06428479E+001
2.70750000E+003, 3.06079676E+001
2.71000000E+003, 3.04815198E+001
2.71250000E+003, 3.05494639E+001
2.71500000E+003, 3.03068059E+001
2.71750000E+003, 3.04717182E+001
2.72000000E+003, 3.03348143E+001
2.72250000E+003, 3.03939955E+001
2.72500000E+003, 3.03993678E+001
2.72750000E+003, 3.04613015E+001
2.73000000E+003, 3.01672008E+001
2.73250000E+003, 3.03458376E+001
2.73500000E+003, 3.03022124E+001
2.73750000E+003, 3.04125646E+001
2.74000000E+003, 3.02430228E+001
2.74250000E+003, 3.01461015E+001
2.74500000E+003, 3.02356943E+001
2.74750000E+003, 3.02554771E+001
2.75000000E+003, 3.01939675E+001
2.75250000E+003, 3.00550725E+001
2.75500000E+003, 2.99787388E+001
2.75750000E+003, 3.00822813E+001
2.76000000E+003, 3.00247594E+001
2.76250000E+003, 3.00101954E+001
2.76500000E+003, 2.98548297E+001
2.76750000E+003, 3.00089912E+001
2.77000000E+003, 2.99384283E+001
2.77250000E+003, 2.99288351E+001
2.77500000E+003, 2.98002261E+001
2.77750000E+003, 2.98511255E+001
2.78000000E+003, 2.97084523E+001
2.78250000E+003, 2.94450439E+001
2.78500000E+003, 2.94219066E+001
2.78750000E+003, 2.93505342E+001
2.79000000E+003, 2.93526276E+001
2.79250000E+003, 2.90688247E+001
2.79500000E+003, 2.89001712E+001
2.79750000E+003, 2.87538181E+001
2.80000000E+003, 2.84461386E+001
2.80250000E+003, 2.78536508E+001
2.80500000E+003, 2.73412902E+001
2.80750000E+003, 2.65629073E+001
2.81000000E+003, 2.44780915E+001
2.81250000E+003, 2.08065588E+001
2.81500000E+003, 2.36223944E+001
2.81750000E+003, 4.00569049E+001
2.82000000E+003, 4.09610732E+001
2.82250000E+003, 3.69402630E+001
2.82500000E+003, 3.51237062E+001
2.82750000E+003, 3.41185077E+001
2.83000000E+003, 3.35452026E+001
2.83250000E+003, 3.32057349E+001
2.83500000E+003, 3.27824908E+001
2.83750000E+003, 3.25827064E+001
2.84000000E+003, 3.24235924E+001
2.84250000E+003, 3.23044487E+001
2.84500000E+003, 3.22325007E+001
2.84750000E+003, 3.21966155E+001
2.85000000E+003, 3.20505554E+001
2.85250000E+003, 3.19865444E+001
2.85500000E+003, 3.20401208E+001
2.85750000E+003, 3.19079268E+001
2.86000000E+003, 3.18259135E+001
2.86250000E+003, 3.18533589E+001
2.86500000E+003, 3.17733732E+001
2.86750000E+003, 3.17940338E+001
2.87000000E+003, 3.17921545E+001
2.87250000E+003, 3.18590791E+001
2.87500000E+003, 3.19229028E+001
2.87750000E+003, 3.17665917E+001
2.88000000E+003, 3.18617621E+001
2.88250000E+003, 3.18323480E+001
2.88500000E+003, 3.18897429E+001
2.88750000E+003, 3.18496522E+001
2.89000000E+003, 3.18553949E+001
2.89250000E+003, 3.19153783E+001
2.89500000E+003, 3.19172194E+001
2.89750000E+003, 3.18814660E+001
2.90000000E+003, 3.20369563E+001
2.90250000E+003, 3.20664572E+001
2.90500000E+003, 3.19906115E+001
2.90750000E+003, 3.20104916E+001
2.91000000E+003, 3.20772701E+001
2.91250000E+003, 3.23306856E+001
2.91500000E+003, 3.22805578E+001
2.91750000E+003, 3.24177602E+001
2.92000000E+003, 3.24764610E+001
2.92250000E+003, 3.25314286E+001
2.92500000E+003, 3.25072071E+001
2.92750000E+003, 3.26728846E+001
2.93000000E+003, 3.30474227E+001
2.93250000E+003, 3.34394475E+001
2.93500000E+003, 3.07954076E+001
2.93750000E+003, 3.15225825E+001
2.94000000E+003, 3.16527552E+001
2.94250000E+003, 3.20240317E+001
2.94500000E+003, 3.19943751E+001
2.94750000E+003, 3.22411339E+001
2.95000000E+003, 3.21831612E+001
2.95250000E+003, 3.22952155E+001
2.95500000E+003, 3.24474684E+001
2.95750000E+003, 3.26489685E+001
2.96000000E+003, 3.24955766E+001
2.96250000E+003, 3.27535582E+001
2.96500000E+003, 3.26919585E+001
2.96750000E+003, 3.27358009E+001
2.97000000E+003, 3.28340399E+001
2.97250000E+003, 3.29180538E+001
2.97500000E+003, 3.29115454E+001
2.97750000E+003, 3.29315422E+001
2.98000000E+003, 3.30490561E+001
2.98250000E+003, 3.31668318E+001
2.98500000E+003, 3.32138693E+001
2.98750000E+003, 3.33983855E+001
2.99000000E+003, 3.33485790E+001
2.99250000E+003, 3.35712982E+001
2.99500000E+003, 3.33854841E+001
2.99750000E+003, 3.36293617E+001
3.00000000E+003, 3.36192980E+001
3.00250000E+003, 3.37845907E+001
3.00500000E+003, 3.39523670E+001
3.00750000E+003, 3.39456082E+001
3.01000000E+003, 3.40728017E+001
3.01250000E+003, 3.41639974E+001
3.01500000E+003, 3.41044832E+001
3.01750000E+003, 3.42113401E+001
3.02000000E+003, 3.43387316E+001
3.02250000E+003, 3.45464998E+001
3.02500000E+003, 3.46468697E+001
3.02750000E+003, 3.45108766E+001
3.03000000E+003, 3.46833074E+001
3.03250000E+003, 3.47915482E+001
3.03500000E+003, 3.47943594E+001
3.03750000E+003, 3.50189989E+001
3.04000000E+003, 3.51031529E+001
3.04250000E+003, 3.51856730E+001
3.04500000E+003, 3.52878317E+001
3.04750000E+003, 3.54732206E+001
3.05000000E+003, 3.55821737E+001
3.05250000E+003, 3.55164995E+001
3.05500000E+003, 3.58227504E+001
3.05750000E+003, 3.57430508E+001
3.06000000E+003, 3.56605614E+001
3.06250000E+003, 3.59948896E+001
3.06500000E+003, 3.61750688E+001
3.06750000E+003, 3.61543531E+001
3.07000000E+003, 3.64194629E+001
3.07250000E+003, 3.64796808E+001
3.07500000E+003, 3.64416004E+001
3.07750000E+003, 3.67374773E+001
3.08000000E+003, 3.67516191E+001
3.08250000E+003, 3.69073217E+001
3.08500000E+003, 3.70579700E+001
3.08750000E+003, 3.72095583E+001
3.09000000E+003, 3.72647824E+001
3.09250000E+003, 3.75022713E+001
3.09500000E+003, 3.75321384E+001
3.09750000E+003, 3.77695792E+001
3.10000000E+003, 3.78222330E+001
3.10250000E+003, 3.78945105E+001
3.10500000E+003, 3.81215134E+001
3.10750000E+003, 3.82948102E+001
3.11000000E+003, 3.84248275E+001
3.11250000E+003, 3.85540877E+001
3.11500000E+003, 3.86578342E+001
3.11750000E+003, 3.87775145E+001
3.12000000E+003, 3.89388876E+001
3.12250000E+003, 3.92168414E+001
3.12500000E+003, 3.93349223E+001
3.12750000E+003, 3.95000154E+001
3.13000000E+003, 3.97729897E+001
3.13250000E+003, 3.96908924E+001
3.13500000E+003, 4.00823128E+001
3.13750000E+003, 4.00924921E+001
3.14000000E+003, 4.01012526E+001
3.14250000E+003, 4.04570738E+001
3.14500000E+003, 4.07266627E+001
3.14750000E+003, 4.09553503E+001
3.15000000E+003, 4.10280316E+001
3.15250000E+003, 4.12779805E+001
3.15500000E+003, 4.13859704E+001
3.15750000E+003, 4.17504107E+001
3.16000000E+003, 4.21386420E+001
3.16250000E+003, 4.19709329E+001
3.16500000E+003, 4.24880857E+001
3.16750000E+003, 4.24601924E+001
3.17000000E+003, 4.28246788E+001
3.17250000E+003, 4.32233694E+001
3.17500000E+003, 4.35319785E+001
3.17750000E+003, 4.33863630E+001
3.18000000E+003, 4.39960288E+001
3.18250000E+003, 4.37393615E+001
3.18500000E+003, 4.45333728E+001
3.18750000E+003, 4.48149909E+001
3.19000000E+003, 4.49351929E+001
3.19250000E+003, 4.55886235E+001
3.19500000E+003, 4.54645441E+001
3.19750000E+003, 4.60263501E+001
3.20000000E+003, 4.64531356E+001
3.20250000E+003, 4.68498435E+001
3.20500000E+003, 4.66435826E+001
3.20750000E+003, 4.73931016E+001
3.21000000E+003, 4.75432313E+001
3.21250000E+003, 4.83370895E+001
3.21500000E+003, 4.86710507E+001
3.21750000E+003, 4.94244810E+001
3.22000000E+003, 4.94332171E+001
3.22250000E+003, 5.07248386E+001
3.22500000E+003, 5.07904341E+001
3.22750000E+003, 5.09310102E+001
3.23000000E+003, 5.21299607E+001
3.23250000E+003, 5.28953269E+001
3.23500000E+003, 5.31807404E+001
3.23750000E+003, 5.36512362E+001
3.24000000E+003, 5.44984461E+001
3.24250000E+003, 5.60851122E+001
3.24500000E+003, 5.61024300E+001
3.24750000E+003, 5.66654237E+001
3.25000000E+003, 5.92834486E+001
3.25250000E+003, 5.97362946E+001
3.25500000E+003, 6.15067698E+001
3.25750000E+003, 6.43259954E+001
3.26000000E+003, 6.62739899E+001
3.26250000E+003, 6.95952229E+001
3.26500000E+003, 7.45399363E+001
3.26750000E+003, 7.57188354E+001
3.27000000E+003, 7.14162418E+001
3.27250000E+003, 6.72393358E+001
3.27500000E+003, 6.46260487E+001
3.27750000E+003, 6.30606492E+001
3.28000000E+003, 6.07964501E+001
3.28250000E+003, 5.95262919E+001
3.28500000E+003, 5.84463022E+001
3.28750000E+003, 5.75453066E+001
3.29000000E+003, 5.63734774E+001
3.29250000E+003, 5.53206761E+001
3.29500000E+003, 5.48219344E+001
3.29750000E+003, 5.38210764E+001
3.30000000E+003, 5.33062443E+001
3.30250000E+003, 5.26180035E+001
3.30500000E+003, 5.21320030E+001
3.30750000E+003, 5.15019657E+001
3.31000000E+003, 5.12892309E+001
3.31250000E+003, 5.05852875E+001
3.31500000E+003, 5.02070258E+001
3.31750000E+003, 4.98087198E+001
3.32000000E+003, 4.93310413E+001
3.32250000E+003, 4.92793741E+001
3.32500000E+003, 4.88285752E+001
3.32750000E+003, 4.83083177E+001
3.33000000E+003, 4.78792046E+001
3.33250000E+003, 4.77856815E+001
3.33500000E+003, 4.71941516E+001
3.33750000E+003, 4.69379436E+001
3.34000000E+003, 4.65135692E+001
3.34250000E+003, 4.57936338E+001
3.34500000E+003, 4.54978432E+001
3.34750000E+003, 4.44390540E+001
3.35000000E+003, 4.53829930E+001
3.35250000E+003, 4.84005966E+001
3.35500000E+003, 4.71622246E+001
3.35750000E+003, 4.65773443E+001
3.36000000E+003, 4.61754492E+001
3.36250000E+003, 4.56355881E+001
3.36500000E+003, 4.55974279E+001
3.36750000E+003, 4.51845019E+001
3.37000000E+003, 4.49844272E+001
3.37250000E+003, 4.47455269E+001
3.37500000E+003, 4.48634138E+001
3.37750000E+003, 4.45454901E+001
3.38000000E+003, 4.47683584E+001
3.38250000E+003, 4.41491426E+001
3.38500000E+003, 4.39911113E+001
3.38750000E+003, 4.37940623E+001
3.39000000E+003, 4.36374558E+001
3.39250000E+003, 4.35985648E+001
3.39500000E+003, 4.34345268E+001
3.39750000E+003, 4.32766459E+001
3.40000000E+003, 4.32386010E+001
3.40250000E+003, 4.30316149E+001
3.40500000E+003, 4.29480943E+001
3.40750000E+003, 4.28600273E+001
3.41000000E+003, 4.26927159E+001
3.41250000E+003, 4.26988232E+001
3.41500000E+003, 4.25194500E+001
3.41750000E+003, 4.22543241E+001
3.42000000E+003, 4.24618466E+001
3.42250000E+003, 4.23318977E+001
3.42500000E+003, 4.22809234E+001
3.42750000E+003, 4.22710020E+001
3.43000000E+003, 4.23030899E+001
3.43250000E+003, 4.22542438E+001
3.43500000E+003, 4.18331687E+001
3.43750000E+003, 4.20091470E+001
3.44000000E+003, 4.17364953E+001
3.44250000E+003, 4.18621982E+001
3.44500000E+003, 4.19061902E+001
3.44750000E+003, 4.17660207E+001
3.45000000E+003, 4.18868388E+001
3.45250000E+003, 4.16436253E+001
3.45500000E+003, 4.15763290E+001
3.45750000E+003, 4.15301000E+001
3.46000000E+003, 4.15299923E+001
3.46250000E+003, 4.16928765E+001
3.46500000E+003, 4.13242636E+001
3.46750000E+003, 4.15976349E+001
3.47000000E+003, 4.13146725E+001
3.47250000E+003, 4.12943248E+001
3.47500000E+003, 4.17297080E+001
3.47750000E+003, 4.11935147E+001
3.48000000E+003, 4.14789792E+001
3.48250000E+003, 4.16978105E+001
3.48500000E+003, 4.15237707E+001
3.48750000E+003, 4.15224360E+001
3.49000000E+003, 4.13539906E+001
3.49250000E+003, 4.17465498E+001
3.49500000E+003, 4.17782984E+001
3.49750000E+003, 4.15659940E+001
3.50000000E+003, 4.19379999E+001
3.50250000E+003, 4.18994785E+001
3.50500000E+003, 4.18307017E+001
3.50750000E+003, 4.21394034E+001
3.51000000E+003, 4.19546678E+001
3.51250000E+003, 4.25585156E+001
3.51500000E+003, 4.25634885E+001
3.51750000E+003, 4.25996390E+001
3.52000000E+003, 4.26213880E+001
3.52250000E+003, 4.27404720E+001
3.52500000E+003, 4.31292697E+001
3.52750000E+003, 4.36241057E+001
3.53000000E+003, 4.38946920E+001
3.53250000E+003, 4.39528721E+001
3.53500000E+003, 4.43942516E+001
3.53750000E+003, 4.52636553E+001
3.54000000E+003, 4.57239515E+001
3.54250000E+003, 4.60696311E+001
3.54500000E+003, 4.70301519E+001
3.54750000E+003, 4.78357334E+001
3.55000000E+003, 4.86930503E+001
3.55250000E+003, 4.95895850E+001
3.55500000E+003, 5.01382640E+001
3.55750000E+003, 4.99534790E+001
3.56000000E+003, 4.79234514E+001
3.56250000E+003, 4.57596319E+001
3.56500000E+003, 4.29225508E+001
3.56750000E+003, 4.09343584E+001
3.57000000E+003, 3.81946550E+001
3.57250000E+003, 3.54496833E+001
3.57500000E+003, 3.27566541E+001
3.57750000E+003, 3.08859290E+001
3.58000000E+003, 2.68622486E+001
3.58250000E+003, 2.65315063E+001
3.58500000E+003, 2.57912121E+001
3.58750000E+003, 2.67776480E+001
3.59000000E+003, 2.56793066E+001
3.59250000E+003, 2.71759605E+001
3.59500000E+003, 2.73562092E+001
3.59750000E+003, 2.80671629E+001
3.60000000E+003, 2.82976244E+001
3.60250000E+003, 2.91620699E+001
3.60500000E+003, 2.98360716E+001
3.60750000E+003, 3.03940037E+001
3.61000000E+003, 3.11199786E+001
3.61250000E+003, 3.14813955E+001
3.61500000E+003, 3.16595261E+001
3.61750000E+003, 3.15855198E+001
3.62000000E+003, 3.27176446E+001
3.62250000E+003, 3.19649264E+001
3.62500000E+003, 3.21344282E+001
3.62750000E+003, 3.24697593E+001
3.63000000E+003, 3.31914908E+001
3.63250000E+003, 3.29952706E+001
3.63500000E+003, 3.28988631E+001
3.63750000E+003, 3.39041853E+001
3.64000000E+003, 3.33431172E+001
3.64250000E+003, 3.39813862E+001
3.64500000E+003, 3.38589246E+001
3.64750000E+003, 3.36092196E+001
3.65000000E+003, 3.41091931E+001
3.65250000E+003, 3.38970654E+001
3.65500000E+003, 3.39037969E+001
3.65750000E+003, 3.43299378E+001
3.66000000E+003, 3.45415371E+001
3.66250000E+003, 3.43946970E+001
3.66500000E+003, 3.46517863E+001
3.66750000E+003, 3.42219676E+001
3.67000000E+003, 3.42142143E+001
3.67250000E+003, 3.46083448E+001
3.67500000E+003, 3.46999422E+001
3.67750000E+003, 3.48109991E+001
3.68000000E+003, 3.46996598E+001
3.68250000E+003, 3.49916239E+001
3.68500000E+003, 3.49915315E+001
3.68750000E+003, 3.49968222E+001
3.69000000E+003, 3.51260164E+001
3.69250000E+003, 3.50561874E+001
3.69500000E+003, 3.50564548E+001
3.69750000E+003, 3.51418448E+001
3.70000000E+003, 3.52272698E+001
3.70250000E+003, 3.53462389E+001
3.70500000E+003, 3.51484405E+001
3.70750000E+003, 3.52771654E+001
3.71000000E+003, 3.52949850E+001
3.71250000E+003, 3.53912733E+001
3.71500000E+003, 3.56514778E+001
3.71750000E+003, 3.58724328E+001
3.72000000E+003, 3.63235733E+001
3.72250000E+003, 3.57532439E+001
3.72500000E+003, 3.53062395E+001
3.72750000E+003, 3.54387997E+001
3.73000000E+003, 3.54090083E+001
3.73250000E+003, 3.55247462E+001
3.73500000E+003, 3.55930073E+001
3.73750000E+003, 3.54127735E+001
3.74000000E+003, 3.58240158E+001
3.74250000E+003, 3.54900368E+001
3.74500000E+003, 3.55629440E+001
3.74750000E+003, 3.57816725E+001
3.75000000E+003, 3.54657444E+001
3.75250000E+003, 3.56692800E+001
3.75500000E+003, 3.59476120E+001
3.75750000E+003, 3.55169954E+001
3.76000000E+003, 3.59536178E+001
3.76250000E+003, 3.59350681E+001
3.76500000E+003, 3.57717983E+001
3.76750000E+003, 3.55407369E+001
3.77000000E+003, 3.49829372E+001
3.77250000E+003, 3.73391481E+001
3.77500000E+003, 3.70652539E+001
3.77750000E+003, 3.66981455E+001
3.78000000E+003, 3.67314754E+001
3.78250000E+003, 3.66315940E+001
3.78500000E+003, 3.66965677E+001
3.78750000E+003, 3.67110239E+001
3.79000000E+003, 3.68515650E+001
3.79250000E+003, 3.68535615E+001
3.79500000E+003, 3.68295767E+001
3.79750000E+003, 3.66756043E+001
3.80000000E+003, 3.66873444E+001
3.80250000E+003, 3.66851600E+001
3.80500000E+003, 3.68064738E+001
3.80750000E+003, 3.69388678E+001
3.81000000E+003, 3.69954278E+001
3.81250000E+003, 3.69463673E+001
3.81500000E+003, 3.71135245E+001
3.81750000E+003, 3.73467574E+001
3.82000000E+003, 3.75885141E+001
3.82250000E+003, 3.70401362E+001
3.82500000E+003, 3.73429345E+001
3.82750000E+003, 3.75492469E+001
3.83000000E+003, 3.75709348E+001
3.83250000E+003, 3.75818312E+001
3.83500000E+003, 3.76513353E+001
3.83750000E+003, 3.76123898E+001
3.84000000E+003, 3.77655729E+001
3.84250000E+003, 3.76922175E+001
3.84500000E+003, 3.79536018E+001
3.84750000E+003, 3.78852347E+001
3.85000000E+003, 3.80380107E+001
3.85250000E+003, 3.79049040E+001
3.85500000E+003, 3.81545659E+001
3.85750000E+003, 3.81294689E+001
3.86000000E+003, 3.81252603E+001
3.86250000E+003, 3.83991857E+001
3.86500000E+003, 3.83828794E+001
3.86750000E+003, 3.81684849E+001
3.87000000E+003, 3.83292578E+001
3.87250000E+003, 3.85303067E+001
3.87500000E+003, 3.83639533E+001
3.87750000E+003, 3.83698041E+001
3.88000000E+003, 3.85982362E+001
3.88250000E+003, 3.85480977E+001
3.88500000E+003, 3.84724749E+001
3.88750000E+003, 3.86721516E+001
3.89000000E+003, 3.87361088E+001
3.89250000E+003, 3.89654834E+001
3.89500000E+003, 3.89836215E+001
3.89750000E+003, 3.90547438E+001
3.90000000E+003, 3.90347468E+001
3.90250000E+003, 3.93228168E+001
3.90500000E+003, 3.94775117E+001
3.90750000E+003, 3.94110644E+001
3.91000000E+003, 3.94064915E+001
3.91250000E+003, 3.97125890E+001
3.91500000E+003, 3.98300217E+001
3.91750000E+003, 3.98864882E+001
3.92000000E+003, 3.97324014E+001
3.92250000E+003, 3.97190025E+001
3.92500000E+003, 4.00044501E+001
3.92750000E+003, 4.00687893E+001
3.93000000E+003, 3.99853799E+001
3.93250000E+003, 4.02935500E+001
3.93500000E+003, 4.03664227E+001
3.93750000E+003, 4.04928864E+001
3.94000000E+003, 4.07646305E+001
3.94250000E+003, 4.07601434E+001
3.94500000E+003, 4.08020262E+001
3.94750000E+003, 4.05730761E+001
3.95000000E+003, 4.08337652E+001
3.95250000E+003, 4.10247916E+001
3.95500000E+003, 4.09640855E+001
3.95750000E+003, 4.09495854E+001
3.96000000E+003, 4.08838605E+001
3.96250000E+003, 4.13935333E+001
3.96500000E+003, 4.15173966E+001
3.96750000E+003, 4.17201085E+001
3.97000000E+003, 4.17318328E+001
3.97250000E+003, 4.17989524E+001
3.97500000E+003, 4.16584020E+001
3.97750000E+003, 4.20089058E+001
3.98000000E+003, 4.20806445E+001
3.98250000E+003, 4.21500266E+001
3.98500000E+003, 4.22714078E+001
3.98750000E+003, 4.23427852E+001
3.99000000E+003, 4.23988117E+001
3.99250000E+003, 4.24612739E+001
3.99500000E+003, 4.26350491E+001
3.99750000E+003, 4.26511216E+001
4.00000000E+003, 4.30123454E+001
