Label:, CH1-2: é¸îgêîâûìöä÷êî
DateTime:, Thu Feb 08 16:37:37 2018
DataKind:, CH1-2, FRF, Mag
DataPoints:, 1601
DataCalc:, H1
Frequency:, 0.000 , 4000.000, Hz
Sample:, 4096, Internal
Average:, 3, Power/Sum
Voltage(CH1):, -20.000, dBVrms
Voltage(CH2):, -10.000, dBVrms
EU/V(CH1):, 3.757E+001
EU/V(CH2):, 1.088E+003
Window(CH1):, Rect
Window(CH2):, Rect
X-AxisScale:, Lin
X-AxisUnit:, Hz
Y-AxisScale:, Log
Y-AxisUnit:, m/s2/N
Y-AxisMagniude:
0.00000000E+000, 4.80254145E+001
2.50000000E+000, 1.29608301E+001
5.00000000E+000, 5.80812551E+000
7.50000000E+000, 6.30204918E+000
1.00000000E+001, 1.64020087E+000
1.25000000E+001, 1.72031422E+001
1.50000000E+001, 8.96745634E+000
1.75000000E+001, 5.93357282E+000
2.00000000E+001, 8.24710445E+000
2.25000000E+001, 8.55518987E+000
2.50000000E+001, 3.56699374E-001
2.75000000E+001, 5.52220446E-001
3.00000000E+001, 6.06358191E+000
3.25000000E+001, 2.33847222E+000
3.50000000E+001, 6.43052022E+000
3.75000000E+001, -7.07949633E-001
4.00000000E+001, 6.90613191E+000
4.25000000E+001, 3.66355223E+000
4.50000000E+001, 2.09873436E+000
4.75000000E+001, 7.43588515E+000
5.00000000E+001, 3.52011062E+000
5.25000000E+001, 8.52396067E+000
5.50000000E+001, 6.70596594E+000
5.75000000E+001, 8.24463165E+000
6.00000000E+001, 7.16512664E+000
6.25000000E+001, 9.39730041E+000
6.50000000E+001, 1.20498299E+001
6.75000000E+001, 1.31674240E+001
7.00000000E+001, 1.23253258E+001
7.25000000E+001, 1.15820705E+001
7.50000000E+001, 1.29202175E+001
7.75000000E+001, 1.37857258E+001
8.00000000E+001, 1.58936064E+001
8.25000000E+001, 1.57217227E+001
8.50000000E+001, 1.61821374E+001
8.75000000E+001, 1.75576739E+001
9.00000000E+001, 1.81380263E+001
9.25000000E+001, 1.94073995E+001
9.50000000E+001, 1.99018550E+001
9.75000000E+001, 2.07600973E+001
1.00000000E+002, 2.14529757E+001
1.02500000E+002, 2.23076779E+001
1.05000000E+002, 2.34810664E+001
1.07500000E+002, 2.39399633E+001
1.10000000E+002, 2.45887428E+001
1.12500000E+002, 2.58215911E+001
1.15000000E+002, 2.69798234E+001
1.17500000E+002, 2.79024912E+001
1.20000000E+002, 2.91436789E+001
1.22500000E+002, 3.04203783E+001
1.25000000E+002, 3.20303488E+001
1.27500000E+002, 3.38902805E+001
1.30000000E+002, 3.57446495E+001
1.32500000E+002, 3.78226671E+001
1.35000000E+002, 4.04271468E+001
1.37500000E+002, 4.37890193E+001
1.40000000E+002, 4.98536847E+001
1.42500000E+002, 6.32417207E+001
1.45000000E+002, 4.87296195E+001
1.47500000E+002, 4.36011705E+001
1.50000000E+002, 4.06380590E+001
1.52500000E+002, 3.86033967E+001
1.55000000E+002, 3.71145565E+001
1.57500000E+002, 3.53824933E+001
1.60000000E+002, 3.44466767E+001
1.62500000E+002, 3.33876348E+001
1.65000000E+002, 3.30718398E+001
1.67500000E+002, 3.23709706E+001
1.70000000E+002, 3.19616778E+001
1.72500000E+002, 3.15354930E+001
1.75000000E+002, 3.08672821E+001
1.77500000E+002, 3.06724218E+001
1.80000000E+002, 3.05262491E+001
1.82500000E+002, 2.99389780E+001
1.85000000E+002, 2.99808003E+001
1.87500000E+002, 3.00403752E+001
1.90000000E+002, 2.97051636E+001
1.92500000E+002, 2.96839963E+001
1.95000000E+002, 2.92974868E+001
1.97500000E+002, 2.88348683E+001
2.00000000E+002, 2.95151114E+001
2.02500000E+002, 2.91014320E+001
2.05000000E+002, 2.90816063E+001
2.07500000E+002, 2.91138545E+001
2.10000000E+002, 2.92883631E+001
2.12500000E+002, 2.92211476E+001
2.15000000E+002, 2.89409499E+001
2.17500000E+002, 2.90073704E+001
2.20000000E+002, 2.89453729E+001
2.22500000E+002, 2.91452693E+001
2.25000000E+002, 2.91166134E+001
2.27500000E+002, 2.90593458E+001
2.30000000E+002, 2.92890079E+001
2.32500000E+002, 2.94406661E+001
2.35000000E+002, 2.91400172E+001
2.37500000E+002, 2.95050726E+001
2.40000000E+002, 2.92826727E+001
2.42500000E+002, 2.95412845E+001
2.45000000E+002, 2.95584770E+001
2.47500000E+002, 2.96049270E+001
2.50000000E+002, 2.95405453E+001
2.52500000E+002, 2.98419462E+001
2.55000000E+002, 2.94362416E+001
2.57500000E+002, 2.95892410E+001
2.60000000E+002, 2.96783752E+001
2.62500000E+002, 2.97142470E+001
2.65000000E+002, 2.95749721E+001
2.67500000E+002, 2.97890481E+001
2.70000000E+002, 2.99463574E+001
2.72500000E+002, 3.00996043E+001
2.75000000E+002, 3.01664672E+001
2.77500000E+002, 2.99639256E+001
2.80000000E+002, 3.02337294E+001
2.82500000E+002, 3.01513802E+001
2.85000000E+002, 3.05286619E+001
2.87500000E+002, 3.04441654E+001
2.90000000E+002, 3.03499143E+001
2.92500000E+002, 3.04769360E+001
2.95000000E+002, 3.05239313E+001
2.97500000E+002, 3.04816465E+001
3.00000000E+002, 3.06103668E+001
3.02500000E+002, 3.05848348E+001
3.05000000E+002, 3.07109164E+001
3.07500000E+002, 3.07346063E+001
3.10000000E+002, 3.08428894E+001
3.12500000E+002, 3.08204811E+001
3.15000000E+002, 3.08191840E+001
3.17500000E+002, 3.10439066E+001
3.20000000E+002, 3.11028430E+001
3.22500000E+002, 3.09698418E+001
3.25000000E+002, 3.11047093E+001
3.27500000E+002, 3.10379971E+001
3.30000000E+002, 3.11571401E+001
3.32500000E+002, 3.10784369E+001
3.35000000E+002, 3.11006743E+001
3.37500000E+002, 3.12686906E+001
3.40000000E+002, 3.13462481E+001
3.42500000E+002, 3.13455276E+001
3.45000000E+002, 3.14319173E+001
3.47500000E+002, 3.14539077E+001
3.50000000E+002, 3.13890075E+001
3.52500000E+002, 3.15301974E+001
3.55000000E+002, 3.15404539E+001
3.57500000E+002, 3.15290955E+001
3.60000000E+002, 3.17647453E+001
3.62500000E+002, 3.16237557E+001
3.65000000E+002, 3.17230673E+001
3.67500000E+002, 3.17401421E+001
3.70000000E+002, 3.18713203E+001
3.72500000E+002, 3.19047293E+001
3.75000000E+002, 3.20625670E+001
3.77500000E+002, 3.20264085E+001
3.80000000E+002, 3.21548798E+001
3.82500000E+002, 3.21737871E+001
3.85000000E+002, 3.23562359E+001
3.87500000E+002, 3.23667506E+001
3.90000000E+002, 3.25145954E+001
3.92500000E+002, 3.25360161E+001
3.95000000E+002, 3.25930512E+001
3.97500000E+002, 3.28218846E+001
4.00000000E+002, 3.28662639E+001
4.02500000E+002, 3.30461163E+001
4.05000000E+002, 3.32011255E+001
4.07500000E+002, 3.32952222E+001
4.10000000E+002, 3.34883977E+001
4.12500000E+002, 3.36309631E+001
4.15000000E+002, 3.37138664E+001
4.17500000E+002, 3.39117399E+001
4.20000000E+002, 3.41553294E+001
4.22500000E+002, 3.42923803E+001
4.25000000E+002, 3.45256297E+001
4.27500000E+002, 3.46737261E+001
4.30000000E+002, 3.49105311E+001
4.32500000E+002, 3.51625341E+001
4.35000000E+002, 3.53869211E+001
4.37500000E+002, 3.55653729E+001
4.40000000E+002, 3.58660087E+001
4.42500000E+002, 3.62075485E+001
4.45000000E+002, 3.64769497E+001
4.47500000E+002, 3.67655430E+001
4.50000000E+002, 3.70454474E+001
4.52500000E+002, 3.74031812E+001
4.55000000E+002, 3.76389354E+001
4.57500000E+002, 3.81123915E+001
4.60000000E+002, 3.84289929E+001
4.62500000E+002, 3.88414624E+001
4.65000000E+002, 3.92216848E+001
4.67500000E+002, 3.96473616E+001
4.70000000E+002, 4.00282958E+001
4.72500000E+002, 4.05128230E+001
4.75000000E+002, 4.09488147E+001
4.77500000E+002, 4.14123601E+001
4.80000000E+002, 4.18495029E+001
4.82500000E+002, 4.23568357E+001
4.85000000E+002, 4.28961220E+001
4.87500000E+002, 4.34614652E+001
4.90000000E+002, 4.39805556E+001
4.92500000E+002, 4.46714302E+001
4.95000000E+002, 4.53479112E+001
4.97500000E+002, 4.60004502E+001
5.00000000E+002, 4.68886974E+001
5.02500000E+002, 4.77449304E+001
5.05000000E+002, 4.87811180E+001
5.07500000E+002, 5.00018430E+001
5.10000000E+002, 5.12451936E+001
5.12500000E+002, 5.26179418E+001
5.15000000E+002, 5.40826992E+001
5.17500000E+002, 5.61508066E+001
5.20000000E+002, 5.84944387E+001
5.22500000E+002, 6.15558318E+001
5.25000000E+002, 6.61989861E+001
5.27500000E+002, 7.56954946E+001
5.30000000E+002, 7.33275378E+001
5.32500000E+002, 6.51649726E+001
5.35000000E+002, 6.11240431E+001
5.37500000E+002, 5.84279889E+001
5.40000000E+002, 5.63882564E+001
5.42500000E+002, 5.49518430E+001
5.45000000E+002, 5.36925877E+001
5.47500000E+002, 5.23634403E+001
5.50000000E+002, 5.11412731E+001
5.52500000E+002, 5.01540655E+001
5.55000000E+002, 4.97109293E+001
5.57500000E+002, 4.88939936E+001
5.60000000E+002, 4.83242343E+001
5.62500000E+002, 4.75785691E+001
5.65000000E+002, 4.69511658E+001
5.67500000E+002, 4.61402563E+001
5.70000000E+002, 4.55732958E+001
5.72500000E+002, 4.52440038E+001
5.75000000E+002, 4.47651262E+001
5.77500000E+002, 4.42422976E+001
5.80000000E+002, 4.39243856E+001
5.82500000E+002, 4.34207014E+001
5.85000000E+002, 4.31703850E+001
5.87500000E+002, 4.26592451E+001
5.90000000E+002, 4.21141860E+001
5.92500000E+002, 4.20152999E+001
5.95000000E+002, 4.15471000E+001
5.97500000E+002, 4.12784005E+001
6.00000000E+002, 4.11874368E+001
6.02500000E+002, 4.08628442E+001
6.05000000E+002, 4.05779436E+001
6.07500000E+002, 4.00049068E+001
6.10000000E+002, 3.99934871E+001
6.12500000E+002, 3.97501997E+001
6.15000000E+002, 3.94415887E+001
6.17500000E+002, 3.91457613E+001
6.20000000E+002, 3.89847042E+001
6.22500000E+002, 3.88386369E+001
6.25000000E+002, 3.85164741E+001
6.27500000E+002, 3.82040708E+001
6.30000000E+002, 3.80371624E+001
6.32500000E+002, 3.78458749E+001
6.35000000E+002, 3.76565120E+001
6.37500000E+002, 3.74757296E+001
6.40000000E+002, 3.74365516E+001
6.42500000E+002, 3.71357048E+001
6.45000000E+002, 3.69762551E+001
6.47500000E+002, 3.67090771E+001
6.50000000E+002, 3.67083437E+001
6.52500000E+002, 3.63868708E+001
6.55000000E+002, 3.62354662E+001
6.57500000E+002, 3.61257366E+001
6.60000000E+002, 3.60338899E+001
6.62500000E+002, 3.57706753E+001
6.65000000E+002, 3.56942106E+001
6.67500000E+002, 3.55982092E+001
6.70000000E+002, 3.54017263E+001
6.72500000E+002, 3.53505541E+001
6.75000000E+002, 3.51354197E+001
6.77500000E+002, 3.50311550E+001
6.80000000E+002, 3.49496445E+001
6.82500000E+002, 3.48945615E+001
6.85000000E+002, 3.48636191E+001
6.87500000E+002, 3.46293129E+001
6.90000000E+002, 3.47397297E+001
6.92500000E+002, 3.45791068E+001
6.95000000E+002, 3.44702782E+001
6.97500000E+002, 3.44609683E+001
7.00000000E+002, 3.42996941E+001
7.02500000E+002, 3.43145792E+001
7.05000000E+002, 3.43184969E+001
7.07500000E+002, 3.43434603E+001
7.10000000E+002, 3.42469174E+001
7.12500000E+002, 3.41484246E+001
7.15000000E+002, 3.41287192E+001
7.17500000E+002, 3.41526776E+001
7.20000000E+002, 3.41689133E+001
7.22500000E+002, 3.42195055E+001
7.25000000E+002, 3.42974002E+001
7.27500000E+002, 3.42055977E+001
7.30000000E+002, 3.42535369E+001
7.32500000E+002, 3.42802578E+001
7.35000000E+002, 3.44802800E+001
7.37500000E+002, 3.44260522E+001
7.40000000E+002, 3.44817052E+001
7.42500000E+002, 3.46058316E+001
7.45000000E+002, 3.46658498E+001
7.47500000E+002, 3.47338542E+001
7.50000000E+002, 3.48785546E+001
7.52500000E+002, 3.49453189E+001
7.55000000E+002, 3.51472083E+001
7.57500000E+002, 3.51266870E+001
7.60000000E+002, 3.52689318E+001
7.62500000E+002, 3.54281163E+001
7.65000000E+002, 3.55864729E+001
7.67500000E+002, 3.56185424E+001
7.70000000E+002, 3.58243935E+001
7.72500000E+002, 3.59864346E+001
7.75000000E+002, 3.61782162E+001
7.77500000E+002, 3.63901255E+001
7.80000000E+002, 3.65296995E+001
7.82500000E+002, 3.67264458E+001
7.85000000E+002, 3.69066901E+001
7.87500000E+002, 3.70667708E+001
7.90000000E+002, 3.73761931E+001
7.92500000E+002, 3.75530285E+001
7.95000000E+002, 3.77268853E+001
7.97500000E+002, 3.80050295E+001
8.00000000E+002, 3.82833751E+001
8.02500000E+002, 3.85583317E+001
8.05000000E+002, 3.88573713E+001
8.07500000E+002, 3.91230931E+001
8.10000000E+002, 3.94533012E+001
8.12500000E+002, 3.97247368E+001
8.15000000E+002, 4.01650328E+001
8.17500000E+002, 4.05304508E+001
8.20000000E+002, 4.09067666E+001
8.22500000E+002, 4.13708095E+001
8.25000000E+002, 4.17005953E+001
8.27500000E+002, 4.23026591E+001
8.30000000E+002, 4.27796036E+001
8.32500000E+002, 4.33372405E+001
8.35000000E+002, 4.39841262E+001
8.37500000E+002, 4.45733265E+001
8.40000000E+002, 4.53797091E+001
8.42500000E+002, 4.62414422E+001
8.45000000E+002, 4.72106201E+001
8.47500000E+002, 4.83061774E+001
8.50000000E+002, 4.95799616E+001
8.52500000E+002, 5.09569427E+001
8.55000000E+002, 5.25149887E+001
8.57500000E+002, 5.45780793E+001
8.60000000E+002, 5.70050093E+001
8.62500000E+002, 5.96300516E+001
8.65000000E+002, 6.10117045E+001
8.67500000E+002, 5.92220465E+001
8.70000000E+002, 5.63895244E+001
8.72500000E+002, 5.39004213E+001
8.75000000E+002, 5.18178189E+001
8.77500000E+002, 4.98427704E+001
8.80000000E+002, 4.84502576E+001
8.82500000E+002, 4.71534030E+001
8.85000000E+002, 4.60834402E+001
8.87500000E+002, 4.48688543E+001
8.90000000E+002, 4.40519383E+001
8.92500000E+002, 4.31391523E+001
8.95000000E+002, 4.25510344E+001
8.97500000E+002, 4.18378523E+001
9.00000000E+002, 4.08649011E+001
9.02500000E+002, 4.03174274E+001
9.05000000E+002, 3.96598448E+001
9.07500000E+002, 3.91504912E+001
9.10000000E+002, 3.86468701E+001
9.12500000E+002, 3.84258721E+001
9.15000000E+002, 3.77785384E+001
9.17500000E+002, 3.72347668E+001
9.20000000E+002, 3.66785709E+001
9.22500000E+002, 3.64926910E+001
9.25000000E+002, 3.58871060E+001
9.27500000E+002, 3.55861469E+001
9.30000000E+002, 3.53687567E+001
9.32500000E+002, 3.50404784E+001
9.35000000E+002, 3.48306321E+001
9.37500000E+002, 3.44117822E+001
9.40000000E+002, 3.42679451E+001
9.42500000E+002, 3.38642001E+001
9.45000000E+002, 3.34198224E+001
9.47500000E+002, 3.32128519E+001
9.50000000E+002, 3.30791609E+001
9.52500000E+002, 3.27531268E+001
9.55000000E+002, 3.26153169E+001
9.57500000E+002, 3.23391177E+001
9.60000000E+002, 3.21411931E+001
9.62500000E+002, 3.19434134E+001
9.65000000E+002, 3.17211345E+001
9.67500000E+002, 3.15756629E+001
9.70000000E+002, 3.14190664E+001
9.72500000E+002, 3.13770031E+001
9.75000000E+002, 3.11772302E+001
9.77500000E+002, 3.10009554E+001
9.80000000E+002, 3.08208186E+001
9.82500000E+002, 3.06593212E+001
9.85000000E+002, 3.06057847E+001
9.87500000E+002, 3.03041772E+001
9.90000000E+002, 3.03103488E+001
9.92500000E+002, 3.01161406E+001
9.95000000E+002, 3.00938281E+001
9.97500000E+002, 2.99649676E+001
1.00000000E+003, 2.99268633E+001
1.00250000E+003, 2.96352619E+001
1.00500000E+003, 2.95568564E+001
1.00750000E+003, 2.94735030E+001
1.01000000E+003, 2.93339327E+001
1.01250000E+003, 2.92356468E+001
1.01500000E+003, 2.92335152E+001
1.01750000E+003, 2.90797552E+001
1.02000000E+003, 2.89554168E+001
1.02250000E+003, 2.89260100E+001
1.02500000E+003, 2.88612388E+001
1.02750000E+003, 2.87754417E+001
1.03000000E+003, 2.86360385E+001
1.03250000E+003, 2.86037427E+001
1.03500000E+003, 2.84583647E+001
1.03750000E+003, 2.84633451E+001
1.04000000E+003, 2.84647835E+001
1.04250000E+003, 2.83403387E+001
1.04500000E+003, 2.82372769E+001
1.04750000E+003, 2.82942176E+001
1.05000000E+003, 2.83546576E+001
1.05250000E+003, 2.79955777E+001
1.05500000E+003, 2.80436924E+001
1.05750000E+003, 2.80986372E+001
1.06000000E+003, 2.82285166E+001
1.06250000E+003, 2.80007519E+001
1.06500000E+003, 2.80137012E+001
1.06750000E+003, 2.79579922E+001
1.07000000E+003, 2.79669377E+001
1.07250000E+003, 2.78886408E+001
1.07500000E+003, 2.78430458E+001
1.07750000E+003, 2.76585029E+001
1.08000000E+003, 2.77637854E+001
1.08250000E+003, 2.77875559E+001
1.08500000E+003, 2.76381382E+001
1.08750000E+003, 2.77652876E+001
1.09000000E+003, 2.76688781E+001
1.09250000E+003, 2.74849143E+001
1.09500000E+003, 2.73493635E+001
1.09750000E+003, 2.74549046E+001
1.10000000E+003, 2.73058895E+001
1.10250000E+003, 2.73515331E+001
1.10500000E+003, 2.72819084E+001
1.10750000E+003, 2.73338307E+001
1.11000000E+003, 2.70913904E+001
1.11250000E+003, 2.71229088E+001
1.11500000E+003, 2.71343106E+001
1.11750000E+003, 2.69286818E+001
1.12000000E+003, 2.70810874E+001
1.12250000E+003, 2.70527251E+001
1.12500000E+003, 2.69513248E+001
1.12750000E+003, 2.69341022E+001
1.13000000E+003, 2.69145481E+001
1.13250000E+003, 2.67873366E+001
1.13500000E+003, 2.67936820E+001
1.13750000E+003, 2.68417526E+001
1.14000000E+003, 2.66998039E+001
1.14250000E+003, 2.67093712E+001
1.14500000E+003, 2.67886567E+001
1.14750000E+003, 2.68998735E+001
1.15000000E+003, 2.68444154E+001
1.15250000E+003, 2.66587139E+001
1.15500000E+003, 2.66270588E+001
1.15750000E+003, 2.66667077E+001
1.16000000E+003, 2.65219831E+001
1.16250000E+003, 2.65695723E+001
1.16500000E+003, 2.65417396E+001
1.16750000E+003, 2.64641153E+001
1.17000000E+003, 2.65792895E+001
1.17250000E+003, 2.64375545E+001
1.17500000E+003, 2.66316286E+001
1.17750000E+003, 2.65561665E+001
1.18000000E+003, 2.66537799E+001
1.18250000E+003, 2.64985486E+001
1.18500000E+003, 2.65656320E+001
1.18750000E+003, 2.66327231E+001
1.19000000E+003, 2.66453401E+001
1.19250000E+003, 2.66527662E+001
1.19500000E+003, 2.66593683E+001
1.19750000E+003, 2.66690665E+001
1.20000000E+003, 2.67043369E+001
1.20250000E+003, 2.68946348E+001
1.20500000E+003, 2.67810304E+001
1.20750000E+003, 2.68456347E+001
1.21000000E+003, 2.69950507E+001
1.21250000E+003, 2.69872092E+001
1.21500000E+003, 2.69845591E+001
1.21750000E+003, 2.69365539E+001
1.22000000E+003, 2.71817370E+001
1.22250000E+003, 2.70924811E+001
1.22500000E+003, 2.69635767E+001
1.22750000E+003, 2.72358052E+001
1.23000000E+003, 2.72720005E+001
1.23250000E+003, 2.71919185E+001
1.23500000E+003, 2.71365873E+001
1.23750000E+003, 2.72900052E+001
1.24000000E+003, 2.74288640E+001
1.24250000E+003, 2.74689378E+001
1.24500000E+003, 2.73755340E+001
1.24750000E+003, 2.74806807E+001
1.25000000E+003, 2.75667868E+001
1.25250000E+003, 2.75095432E+001
1.25500000E+003, 2.76508041E+001
1.25750000E+003, 2.76769809E+001
1.26000000E+003, 2.79051486E+001
1.26250000E+003, 2.77213137E+001
1.26500000E+003, 2.78913132E+001
1.26750000E+003, 2.79158195E+001
1.27000000E+003, 2.81347002E+001
1.27250000E+003, 2.81907302E+001
1.27500000E+003, 2.81692675E+001
1.27750000E+003, 2.83304255E+001
1.28000000E+003, 2.82906251E+001
1.28250000E+003, 2.84112627E+001
1.28500000E+003, 2.85111821E+001
1.28750000E+003, 2.84466155E+001
1.29000000E+003, 2.86100595E+001
1.29250000E+003, 2.86640410E+001
1.29500000E+003, 2.86858959E+001
1.29750000E+003, 2.88184562E+001
1.30000000E+003, 2.89513829E+001
1.30250000E+003, 2.89194104E+001
1.30500000E+003, 2.91533603E+001
1.30750000E+003, 2.92090233E+001
1.31000000E+003, 2.92466366E+001
1.31250000E+003, 2.94644081E+001
1.31500000E+003, 2.95595679E+001
1.31750000E+003, 2.97949027E+001
1.32000000E+003, 2.97887676E+001
1.32250000E+003, 3.00604114E+001
1.32500000E+003, 3.04494957E+001
1.32750000E+003, 3.07154537E+001
1.33000000E+003, 3.12350851E+001
1.33250000E+003, 3.20076897E+001
1.33500000E+003, 3.38168757E+001
1.33750000E+003, 3.79152515E+001
1.34000000E+003, 1.65589832E+001
1.34250000E+003, 2.29259593E+001
1.34500000E+003, 2.54932991E+001
1.34750000E+003, 2.67609472E+001
1.35000000E+003, 2.74877481E+001
1.35250000E+003, 2.79298458E+001
1.35500000E+003, 2.83068940E+001
1.35750000E+003, 2.83662270E+001
1.36000000E+003, 2.86680761E+001
1.36250000E+003, 2.88598611E+001
1.36500000E+003, 2.89211390E+001
1.36750000E+003, 2.91321677E+001
1.37000000E+003, 2.91806933E+001
1.37250000E+003, 2.92316114E+001
1.37500000E+003, 2.94478120E+001
1.37750000E+003, 2.95031243E+001
1.38000000E+003, 2.95477215E+001
1.38250000E+003, 2.96392354E+001
1.38500000E+003, 2.97400244E+001
1.38750000E+003, 2.98043263E+001
1.39000000E+003, 2.98281870E+001
1.39250000E+003, 2.99138317E+001
1.39500000E+003, 2.99454073E+001
1.39750000E+003, 2.99688392E+001
1.40000000E+003, 3.01280814E+001
1.40250000E+003, 3.02410633E+001
1.40500000E+003, 3.02533242E+001
1.40750000E+003, 3.03266243E+001
1.41000000E+003, 3.04727686E+001
1.41250000E+003, 3.03913986E+001
1.41500000E+003, 3.05366646E+001
1.41750000E+003, 3.06427208E+001
1.42000000E+003, 3.06468662E+001
1.42250000E+003, 3.07502479E+001
1.42500000E+003, 3.08340262E+001
1.42750000E+003, 3.08820485E+001
1.43000000E+003, 3.09171907E+001
1.43250000E+003, 3.10328128E+001
1.43500000E+003, 3.10755600E+001
1.43750000E+003, 3.11650535E+001
1.44000000E+003, 3.11930664E+001
1.44250000E+003, 3.13109372E+001
1.44500000E+003, 3.13688639E+001
1.44750000E+003, 3.13952048E+001
1.45000000E+003, 3.15112458E+001
1.45250000E+003, 3.15269237E+001
1.45500000E+003, 3.15572920E+001
1.45750000E+003, 3.17313033E+001
1.46000000E+003, 3.18202457E+001
1.46250000E+003, 3.18650579E+001
1.46500000E+003, 3.19987909E+001
1.46750000E+003, 3.19842698E+001
1.47000000E+003, 3.21360111E+001
1.47250000E+003, 3.22088635E+001
1.47500000E+003, 3.22025867E+001
1.47750000E+003, 3.23903176E+001
1.48000000E+003, 3.24801397E+001
1.48250000E+003, 3.25689812E+001
1.48500000E+003, 3.26615291E+001
1.48750000E+003, 3.27205154E+001
1.49000000E+003, 3.28442129E+001
1.49250000E+003, 3.28360364E+001
1.49500000E+003, 3.29453334E+001
1.49750000E+003, 3.30286057E+001
1.50000000E+003, 3.31438918E+001
1.50250000E+003, 3.32330151E+001
1.50500000E+003, 3.33152190E+001
1.50750000E+003, 3.33549448E+001
1.51000000E+003, 3.34677340E+001
1.51250000E+003, 3.36008358E+001
1.51500000E+003, 3.36672748E+001
1.51750000E+003, 3.38006273E+001
1.52000000E+003, 3.38358077E+001
1.52250000E+003, 3.39044706E+001
1.52500000E+003, 3.40730225E+001
1.52750000E+003, 3.41653906E+001
1.53000000E+003, 3.42226354E+001
1.53250000E+003, 3.43447386E+001
1.53500000E+003, 3.44885504E+001
1.53750000E+003, 3.45806440E+001
1.54000000E+003, 3.47789267E+001
1.54250000E+003, 3.47878716E+001
1.54500000E+003, 3.48492281E+001
1.54750000E+003, 3.49900407E+001
1.55000000E+003, 3.50575763E+001
1.55250000E+003, 3.52102616E+001
1.55500000E+003, 3.52449006E+001
1.55750000E+003, 3.53053576E+001
1.56000000E+003, 3.54406417E+001
1.56250000E+003, 3.55855887E+001
1.56500000E+003, 3.56857562E+001
1.56750000E+003, 3.57398156E+001
1.57000000E+003, 3.59047093E+001
1.57250000E+003, 3.59959766E+001
1.57500000E+003, 3.61101540E+001
1.57750000E+003, 3.62346811E+001
1.58000000E+003, 3.62878029E+001
1.58250000E+003, 3.64065508E+001
1.58500000E+003, 3.65460768E+001
1.58750000E+003, 3.66017134E+001
1.59000000E+003, 3.67530749E+001
1.59250000E+003, 3.68697879E+001
1.59500000E+003, 3.69419275E+001
1.59750000E+003, 3.71231780E+001
1.60000000E+003, 3.72731290E+001
1.60250000E+003, 3.73330324E+001
1.60500000E+003, 3.74662899E+001
1.60750000E+003, 3.75563810E+001
1.61000000E+003, 3.76421701E+001
1.61250000E+003, 3.77765546E+001
1.61500000E+003, 3.78930026E+001
1.61750000E+003, 3.79510594E+001
1.62000000E+003, 3.81163839E+001
1.62250000E+003, 3.81623774E+001
1.62500000E+003, 3.83485637E+001
1.62750000E+003, 3.84685794E+001
1.63000000E+003, 3.85871979E+001
1.63250000E+003, 3.87712142E+001
1.63500000E+003, 3.88662824E+001
1.63750000E+003, 3.90072868E+001
1.64000000E+003, 3.91074462E+001
1.64250000E+003, 3.92614828E+001
1.64500000E+003, 3.94504551E+001
1.64750000E+003, 3.95009637E+001
1.65000000E+003, 3.96093478E+001
1.65250000E+003, 3.97431236E+001
1.65500000E+003, 3.98762001E+001
1.65750000E+003, 4.00904381E+001
1.66000000E+003, 4.02078103E+001
1.66250000E+003, 4.03101554E+001
1.66500000E+003, 4.04896655E+001
1.66750000E+003, 4.06280772E+001
1.67000000E+003, 4.07770430E+001
1.67250000E+003, 4.08998410E+001
1.67500000E+003, 4.10669479E+001
1.67750000E+003, 4.11705779E+001
1.68000000E+003, 4.13629720E+001
1.68250000E+003, 4.15081743E+001
1.68500000E+003, 4.16687164E+001
1.68750000E+003, 4.18292452E+001
1.69000000E+003, 4.20785218E+001
1.69250000E+003, 4.21478121E+001
1.69500000E+003, 4.23985461E+001
1.69750000E+003, 4.25599464E+001
1.70000000E+003, 4.27574587E+001
1.70250000E+003, 4.28889815E+001
1.70500000E+003, 4.30970600E+001
1.70750000E+003, 4.32283923E+001
1.71000000E+003, 4.34506186E+001
1.71250000E+003, 4.36701588E+001
1.71500000E+003, 4.38683050E+001
1.71750000E+003, 4.40523087E+001
1.72000000E+003, 4.41738157E+001
1.72250000E+003, 4.44191252E+001
1.72500000E+003, 4.46440402E+001
1.72750000E+003, 4.49251111E+001
1.73000000E+003, 4.50444617E+001
1.73250000E+003, 4.52578146E+001
1.73500000E+003, 4.54955091E+001
1.73750000E+003, 4.57665618E+001
1.74000000E+003, 4.59322491E+001
1.74250000E+003, 4.61721939E+001
1.74500000E+003, 4.65194582E+001
1.74750000E+003, 4.67462716E+001
1.75000000E+003, 4.70200359E+001
1.75250000E+003, 4.72527151E+001
1.75500000E+003, 4.75165478E+001
1.75750000E+003, 4.78492066E+001
1.76000000E+003, 4.81543731E+001
1.76250000E+003, 4.84587133E+001
1.76500000E+003, 4.88157312E+001
1.76750000E+003, 4.92471018E+001
1.77000000E+003, 4.94675622E+001
1.77250000E+003, 4.98341600E+001
1.77500000E+003, 5.01946814E+001
1.77750000E+003, 5.05339000E+001
1.78000000E+003, 5.09506870E+001
1.78250000E+003, 5.14612934E+001
1.78500000E+003, 5.19701835E+001
1.78750000E+003, 5.25331843E+001
1.79000000E+003, 5.31676167E+001
1.79250000E+003, 5.39542469E+001
1.79500000E+003, 5.53711807E+001
1.79750000E+003, 5.13206903E+001
1.80000000E+003, 5.39318737E+001
1.80250000E+003, 5.53747998E+001
1.80500000E+003, 5.65570288E+001
1.80750000E+003, 5.76719141E+001
1.81000000E+003, 5.92383937E+001
1.81250000E+003, 6.10151264E+001
1.81500000E+003, 6.31747826E+001
1.81750000E+003, 6.59232760E+001
1.82000000E+003, 6.78197423E+001
1.82250000E+003, 6.57979477E+001
1.82500000E+003, 6.10730153E+001
1.82750000E+003, 5.62467334E+001
1.83000000E+003, 5.09646094E+001
1.83250000E+003, 4.38486527E+001
1.83500000E+003, 4.14690033E+001
1.83750000E+003, 5.74967478E+001
1.84000000E+003, 4.65934311E+001
1.84250000E+003, 2.57621621E+001
1.84500000E+003, 4.16792781E+001
1.84750000E+003, 4.66665466E+001
1.85000000E+003, 4.96110382E+001
1.85250000E+003, 5.18843391E+001
1.85500000E+003, 5.38591834E+001
1.85750000E+003, 5.56277300E+001
1.86000000E+003, 5.74936605E+001
1.86250000E+003, 5.92908596E+001
1.86500000E+003, 6.12173108E+001
1.86750000E+003, 6.33842850E+001
1.87000000E+003, 6.56340971E+001
1.87250000E+003, 6.80394368E+001
1.87500000E+003, 7.02795101E+001
1.87750000E+003, 7.10842548E+001
1.88000000E+003, 6.95622377E+001
1.88250000E+003, 6.73164162E+001
1.88500000E+003, 6.53040626E+001
1.88750000E+003, 6.35223482E+001
1.89000000E+003, 6.19438535E+001
1.89250000E+003, 6.08511649E+001
1.89500000E+003, 5.96926753E+001
1.89750000E+003, 5.87781308E+001
1.90000000E+003, 5.79031358E+001
1.90250000E+003, 5.72450576E+001
1.90500000E+003, 5.65293677E+001
1.90750000E+003, 5.59847992E+001
1.91000000E+003, 5.54135385E+001
1.91250000E+003, 5.50335404E+001
1.91500000E+003, 5.44865271E+001
1.91750000E+003, 5.39430978E+001
1.92000000E+003, 5.35849753E+001
1.92250000E+003, 5.31588127E+001
1.92500000E+003, 5.27291940E+001
1.92750000E+003, 5.24615646E+001
1.93000000E+003, 5.20662913E+001
1.93250000E+003, 5.17512515E+001
1.93500000E+003, 5.15035918E+001
1.93750000E+003, 5.11296485E+001
1.94000000E+003, 5.07490228E+001
1.94250000E+003, 5.05247120E+001
1.94500000E+003, 5.02999914E+001
1.94750000E+003, 4.99804907E+001
1.95000000E+003, 4.97158676E+001
1.95250000E+003, 4.96004569E+001
1.95500000E+003, 4.92952860E+001
1.95750000E+003, 4.90768103E+001
1.96000000E+003, 4.89332731E+001
1.96250000E+003, 4.86691206E+001
1.96500000E+003, 4.84689036E+001
1.96750000E+003, 4.82032869E+001
1.97000000E+003, 4.79075601E+001
1.97250000E+003, 4.77408719E+001
1.97500000E+003, 4.73815083E+001
1.97750000E+003, 4.69714587E+001
1.98000000E+003, 4.62544831E+001
1.98250000E+003, 4.55622516E+001
1.98500000E+003, 4.98751226E+001
1.98750000E+003, 4.85758840E+001
1.99000000E+003, 4.80587922E+001
1.99250000E+003, 4.77161067E+001
1.99500000E+003, 4.74309654E+001
1.99750000E+003, 4.71177847E+001
2.00000000E+003, 4.71175129E+001
2.00250000E+003, 4.67853157E+001
2.00500000E+003, 4.67871949E+001
2.00750000E+003, 4.66560913E+001
2.01000000E+003, 4.64471486E+001
2.01250000E+003, 4.63506516E+001
2.01500000E+003, 4.61569867E+001
2.01750000E+003, 4.60838653E+001
2.02000000E+003, 4.59388703E+001
2.02250000E+003, 4.58310991E+001
2.02500000E+003, 4.57392811E+001
2.02750000E+003, 4.56418987E+001
2.03000000E+003, 4.55055935E+001
2.03250000E+003, 4.54624457E+001
2.03500000E+003, 4.53893982E+001
2.03750000E+003, 4.52559775E+001
2.04000000E+003, 4.51734974E+001
2.04250000E+003, 4.50835465E+001
2.04500000E+003, 4.50366452E+001
2.04750000E+003, 4.49689696E+001
2.05000000E+003, 4.49430825E+001
2.05250000E+003, 4.47361315E+001
2.05500000E+003, 4.46937726E+001
2.05750000E+003, 4.47147467E+001
2.06000000E+003, 4.46076043E+001
2.06250000E+003, 4.44806433E+001
2.06500000E+003, 4.44118270E+001
2.06750000E+003, 4.43844494E+001
2.07000000E+003, 4.42832136E+001
2.07250000E+003, 4.42366201E+001
2.07500000E+003, 4.41938354E+001
2.07750000E+003, 4.40821425E+001
2.08000000E+003, 4.40803044E+001
2.08250000E+003, 4.39764968E+001
2.08500000E+003, 4.39502369E+001
2.08750000E+003, 4.39613809E+001
2.09000000E+003, 4.38437424E+001
2.09250000E+003, 4.37758931E+001
2.09500000E+003, 4.37117220E+001
2.09750000E+003, 4.36635057E+001
2.10000000E+003, 4.36787696E+001
2.10250000E+003, 4.36041597E+001
2.10500000E+003, 4.34953037E+001
2.10750000E+003, 4.35652909E+001
2.11000000E+003, 4.34445947E+001
2.11250000E+003, 4.34665403E+001
2.11500000E+003, 4.34573558E+001
2.11750000E+003, 4.33895410E+001
2.12000000E+003, 4.33858169E+001
2.12250000E+003, 4.32811880E+001
2.12500000E+003, 4.33381640E+001
2.12750000E+003, 4.33420219E+001
2.13000000E+003, 4.31851332E+001
2.13250000E+003, 4.32640619E+001
2.13500000E+003, 4.31897028E+001
2.13750000E+003, 4.31754605E+001
2.14000000E+003, 4.31796394E+001
2.14250000E+003, 4.30724258E+001
2.14500000E+003, 4.30529312E+001
2.14750000E+003, 4.30460651E+001
2.15000000E+003, 4.31388357E+001
2.15250000E+003, 4.30194334E+001
2.15500000E+003, 4.30658053E+001
2.15750000E+003, 4.30166045E+001
2.16000000E+003, 4.29352142E+001
2.16250000E+003, 4.29796737E+001
2.16500000E+003, 4.29444982E+001
2.16750000E+003, 4.29794413E+001
2.17000000E+003, 4.29273125E+001
2.17250000E+003, 4.29402721E+001
2.17500000E+003, 4.29568992E+001
2.17750000E+003, 4.29787139E+001
2.18000000E+003, 4.29392047E+001
2.18250000E+003, 4.28692424E+001
2.18500000E+003, 4.30377117E+001
2.18750000E+003, 4.30033538E+001
2.19000000E+003, 4.29474115E+001
2.19250000E+003, 4.30055332E+001
2.19500000E+003, 4.30488678E+001
2.19750000E+003, 4.30449877E+001
2.20000000E+003, 4.31165595E+001
2.20250000E+003, 4.30802204E+001
2.20500000E+003, 4.31247463E+001
2.20750000E+003, 4.31280551E+001
2.21000000E+003, 4.32041094E+001
2.21250000E+003, 4.31681501E+001
2.21500000E+003, 4.32525783E+001
2.21750000E+003, 4.33013515E+001
2.22000000E+003, 4.32827151E+001
2.22250000E+003, 4.33263323E+001
2.22500000E+003, 4.33817431E+001
2.22750000E+003, 4.34646254E+001
2.23000000E+003, 4.35408081E+001
2.23250000E+003, 4.36028226E+001
2.23500000E+003, 4.37178430E+001
2.23750000E+003, 4.37084911E+001
2.24000000E+003, 4.37986754E+001
2.24250000E+003, 4.38722634E+001
2.24500000E+003, 4.40334714E+001
2.24750000E+003, 4.40436540E+001
2.25000000E+003, 4.41798387E+001
2.25250000E+003, 4.42865956E+001
2.25500000E+003, 4.43553727E+001
2.25750000E+003, 4.44582338E+001
2.26000000E+003, 4.45890366E+001
2.26250000E+003, 4.47365162E+001
2.26500000E+003, 4.48220528E+001
2.26750000E+003, 4.49717122E+001
2.27000000E+003, 4.50978182E+001
2.27250000E+003, 4.51945502E+001
2.27500000E+003, 4.54305067E+001
2.27750000E+003, 4.56226470E+001
2.28000000E+003, 4.58389023E+001
2.28250000E+003, 4.59960793E+001
2.28500000E+003, 4.61901409E+001
2.28750000E+003, 4.64459209E+001
2.29000000E+003, 4.67223276E+001
2.29250000E+003, 4.70032063E+001
2.29500000E+003, 4.73072151E+001
2.29750000E+003, 4.75519350E+001
2.30000000E+003, 4.79086822E+001
2.30250000E+003, 4.83145258E+001
2.30500000E+003, 4.87498725E+001
2.30750000E+003, 4.91809557E+001
2.31000000E+003, 4.96830568E+001
2.31250000E+003, 5.01526942E+001
2.31500000E+003, 5.06944608E+001
2.31750000E+003, 5.12348577E+001
2.32000000E+003, 5.18085365E+001
2.32250000E+003, 5.24465140E+001
2.32500000E+003, 5.30477651E+001
2.32750000E+003, 5.35743780E+001
2.33000000E+003, 5.39191098E+001
2.33250000E+003, 5.40176249E+001
2.33500000E+003, 5.38078046E+001
2.33750000E+003, 5.31709956E+001
2.34000000E+003, 5.22981834E+001
2.34250000E+003, 5.13091616E+001
2.34500000E+003, 5.01666472E+001
2.34750000E+003, 4.91282418E+001
2.35000000E+003, 4.79012308E+001
2.35250000E+003, 4.68438353E+001
2.35500000E+003, 4.57123042E+001
2.35750000E+003, 4.46759319E+001
2.36000000E+003, 4.35803521E+001
2.36250000E+003, 4.26297255E+001
2.36500000E+003, 4.15743127E+001
2.36750000E+003, 4.06374060E+001
2.37000000E+003, 3.96952520E+001
2.37250000E+003, 3.87587221E+001
2.37500000E+003, 3.78388645E+001
2.37750000E+003, 3.69487317E+001
2.38000000E+003, 3.59910709E+001
2.38250000E+003, 3.50381275E+001
2.38500000E+003, 3.41286077E+001
2.38750000E+003, 3.32344528E+001
2.39000000E+003, 3.22378301E+001
2.39250000E+003, 3.12422358E+001
2.39500000E+003, 3.03576655E+001
2.39750000E+003, 2.93817995E+001
2.40000000E+003, 2.83933690E+001
2.40250000E+003, 2.74318318E+001
2.40500000E+003, 2.65388010E+001
2.40750000E+003, 2.54919042E+001
2.41000000E+003, 2.42722939E+001
2.41250000E+003, 2.26588286E+001
2.41500000E+003, 2.12548683E+001
2.41750000E+003, 1.91806349E+001
2.42000000E+003, 1.54922164E+001
2.42250000E+003, 1.25190169E+001
2.42500000E+003, 1.35010913E+001
2.42750000E+003, 1.71953410E+001
2.43000000E+003, 2.03724237E+001
2.43250000E+003, 2.22080897E+001
2.43500000E+003, 2.36349985E+001
2.43750000E+003, 2.43998857E+001
2.44000000E+003, 2.52533625E+001
2.44250000E+003, 2.56028596E+001
2.44500000E+003, 2.57717265E+001
2.44750000E+003, 2.62259701E+001
2.45000000E+003, 2.66503814E+001
2.45250000E+003, 2.70151536E+001
2.45500000E+003, 2.72674750E+001
2.45750000E+003, 2.74266895E+001
2.46000000E+003, 2.78002836E+001
2.46250000E+003, 2.80509547E+001
2.46500000E+003, 2.82024356E+001
2.46750000E+003, 2.84799792E+001
2.47000000E+003, 2.86413417E+001
2.47250000E+003, 2.87952909E+001
2.47500000E+003, 2.88524689E+001
2.47750000E+003, 2.92854181E+001
2.48000000E+003, 2.92276384E+001
2.48250000E+003, 2.95746377E+001
2.48500000E+003, 2.97203707E+001
2.48750000E+003, 2.98680086E+001
2.49000000E+003, 3.01833361E+001
2.49250000E+003, 3.01860009E+001
2.49500000E+003, 3.03445004E+001
2.49750000E+003, 3.04947563E+001
2.50000000E+003, 3.05964725E+001
2.50250000E+003, 3.07173035E+001
2.50500000E+003, 3.06895887E+001
2.50750000E+003, 3.10607094E+001
2.51000000E+003, 3.10124344E+001
2.51250000E+003, 3.11628013E+001
2.51500000E+003, 3.12463411E+001
2.51750000E+003, 3.13361811E+001
2.52000000E+003, 3.15300144E+001
2.52250000E+003, 3.15057226E+001
2.52500000E+003, 3.16672331E+001
2.52750000E+003, 3.16325560E+001
2.53000000E+003, 3.17527963E+001
2.53250000E+003, 3.18742584E+001
2.53500000E+003, 3.19415061E+001
2.53750000E+003, 3.20217574E+001
2.54000000E+003, 3.20432772E+001
2.54250000E+003, 3.21444059E+001
2.54500000E+003, 3.23088149E+001
2.54750000E+003, 3.24124692E+001
2.55000000E+003, 3.24570887E+001
2.55250000E+003, 3.25062016E+001
2.55500000E+003, 3.24732718E+001
2.55750000E+003, 3.25678182E+001
2.56000000E+003, 3.25924836E+001
2.56250000E+003, 3.27373322E+001
2.56500000E+003, 3.26722250E+001
2.56750000E+003, 3.28002812E+001
2.57000000E+003, 3.28767721E+001
2.57250000E+003, 3.30319864E+001
2.57500000E+003, 3.30816072E+001
2.57750000E+003, 3.30124584E+001
2.58000000E+003, 3.30747402E+001
2.58250000E+003, 3.31845368E+001
2.58500000E+003, 3.32125938E+001
2.58750000E+003, 3.32896600E+001
2.59000000E+003, 3.32927659E+001
2.59250000E+003, 3.33240448E+001
2.59500000E+003, 3.34372027E+001
2.59750000E+003, 3.34749706E+001
2.60000000E+003, 3.35022033E+001
2.60250000E+003, 3.36151480E+001
2.60500000E+003, 3.35852509E+001
2.60750000E+003, 3.36477623E+001
2.61000000E+003, 3.36845791E+001
2.61250000E+003, 3.37043940E+001
2.61500000E+003, 3.36953184E+001
2.61750000E+003, 3.37357674E+001
2.62000000E+003, 3.37433683E+001
2.62250000E+003, 3.39140298E+001
2.62500000E+003, 3.38749867E+001
2.62750000E+003, 3.39102143E+001
2.63000000E+003, 3.39686843E+001
2.63250000E+003, 3.40017283E+001
2.63500000E+003, 3.39626679E+001
2.63750000E+003, 3.40146112E+001
2.64000000E+003, 3.40919293E+001
2.64250000E+003, 3.41951686E+001
2.64500000E+003, 3.41736804E+001
2.64750000E+003, 3.41992696E+001
2.65000000E+003, 3.42796052E+001
2.65250000E+003, 3.42724554E+001
2.65500000E+003, 3.43154527E+001
2.65750000E+003, 3.43606383E+001
2.66000000E+003, 3.44038546E+001
2.66250000E+003, 3.43702544E+001
2.66500000E+003, 3.44696407E+001
2.66750000E+003, 3.44654157E+001
2.67000000E+003, 3.45415975E+001
2.67250000E+003, 3.45584941E+001
2.67500000E+003, 3.45584362E+001
2.67750000E+003, 3.45917824E+001
2.68000000E+003, 3.46616563E+001
2.68250000E+003, 3.46282056E+001
2.68500000E+003, 3.46339134E+001
2.68750000E+003, 3.47279497E+001
2.69000000E+003, 3.47760215E+001
2.69250000E+003, 3.47683927E+001
2.69500000E+003, 3.48728420E+001
2.69750000E+003, 3.48280755E+001
2.70000000E+003, 3.48663166E+001
2.70250000E+003, 3.48545412E+001
2.70500000E+003, 3.49506274E+001
2.70750000E+003, 3.49408016E+001
2.71000000E+003, 3.49732468E+001
2.71250000E+003, 3.50085940E+001
2.71500000E+003, 3.49965229E+001
2.71750000E+003, 3.50882479E+001
2.72000000E+003, 3.50902207E+001
2.72250000E+003, 3.51347297E+001
2.72500000E+003, 3.52151432E+001
2.72750000E+003, 3.51766997E+001
2.73000000E+003, 3.51328485E+001
2.73250000E+003, 3.52691763E+001
2.73500000E+003, 3.52651816E+001
2.73750000E+003, 3.52537163E+001
2.74000000E+003, 3.53068556E+001
2.74250000E+003, 3.52773777E+001
2.74500000E+003, 3.53569289E+001
2.74750000E+003, 3.53776423E+001
2.75000000E+003, 3.53480865E+001
2.75250000E+003, 3.53473496E+001
2.75500000E+003, 3.55229422E+001
2.75750000E+003, 3.53767171E+001
2.76000000E+003, 3.54746492E+001
2.76250000E+003, 3.54536460E+001
2.76500000E+003, 3.54774923E+001
2.76750000E+003, 3.55459098E+001
2.77000000E+003, 3.55729068E+001
2.77250000E+003, 3.55352350E+001
2.77500000E+003, 3.55835270E+001
2.77750000E+003, 3.55139049E+001
2.78000000E+003, 3.55837826E+001
2.78250000E+003, 3.55899057E+001
2.78500000E+003, 3.55768571E+001
2.78750000E+003, 3.55356613E+001
2.79000000E+003, 3.55753998E+001
2.79250000E+003, 3.54905933E+001
2.79500000E+003, 3.54433852E+001
2.79750000E+003, 3.54044484E+001
2.80000000E+003, 3.52778222E+001
2.80250000E+003, 3.51605716E+001
2.80500000E+003, 3.49317159E+001
2.80750000E+003, 3.45481112E+001
2.81000000E+003, 3.39207957E+001
2.81250000E+003, 3.27589671E+001
2.81500000E+003, 3.00198227E+001
2.81750000E+003, 3.96757713E+001
2.82000000E+003, 4.31133977E+001
2.82250000E+003, 4.03547793E+001
2.82500000E+003, 3.91777149E+001
2.82750000E+003, 3.86400036E+001
2.83000000E+003, 3.83092135E+001
2.83250000E+003, 3.81250843E+001
2.83500000E+003, 3.80325408E+001
2.83750000E+003, 3.79589359E+001
2.84000000E+003, 3.78849110E+001
2.84250000E+003, 3.78143956E+001
2.84500000E+003, 3.78282150E+001
2.84750000E+003, 3.77972255E+001
2.85000000E+003, 3.77097294E+001
2.85250000E+003, 3.78060130E+001
2.85500000E+003, 3.78431641E+001
2.85750000E+003, 3.77597060E+001
2.86000000E+003, 3.77972152E+001
2.86250000E+003, 3.77627033E+001
2.86500000E+003, 3.78816122E+001
2.86750000E+003, 3.78538135E+001
2.87000000E+003, 3.78588757E+001
2.87250000E+003, 3.78708161E+001
2.87500000E+003, 3.79683811E+001
2.87750000E+003, 3.80167980E+001
2.88000000E+003, 3.79639923E+001
2.88250000E+003, 3.80157232E+001
2.88500000E+003, 3.80406039E+001
2.88750000E+003, 3.81014956E+001
2.89000000E+003, 3.81264021E+001
2.89250000E+003, 3.81624528E+001
2.89500000E+003, 3.82883045E+001
2.89750000E+003, 3.82866043E+001
2.90000000E+003, 3.83069813E+001
2.90250000E+003, 3.83599431E+001
2.90500000E+003, 3.83627360E+001
2.90750000E+003, 3.83492996E+001
2.91000000E+003, 3.83827453E+001
2.91250000E+003, 3.83323043E+001
2.91500000E+003, 3.83951806E+001
2.91750000E+003, 3.83218931E+001
2.92000000E+003, 3.82503961E+001
2.92250000E+003, 3.82198441E+001
2.92500000E+003, 3.80375113E+001
2.92750000E+003, 3.75904849E+001
2.93000000E+003, 3.67386242E+001
2.93250000E+003, 3.93562169E+001
2.93500000E+003, 4.20780280E+001
2.93750000E+003, 4.11382112E+001
2.94000000E+003, 4.07348787E+001
2.94250000E+003, 4.04356366E+001
2.94500000E+003, 4.03534878E+001
2.94750000E+003, 4.02826314E+001
2.95000000E+003, 4.02719825E+001
2.95250000E+003, 4.02541580E+001
2.95500000E+003, 4.03620578E+001
2.95750000E+003, 4.02942662E+001
2.96000000E+003, 4.03551631E+001
2.96250000E+003, 4.04278295E+001
2.96500000E+003, 4.04780505E+001
2.96750000E+003, 4.05682437E+001
2.97000000E+003, 4.05273387E+001
2.97250000E+003, 4.06124111E+001
2.97500000E+003, 4.07033786E+001
2.97750000E+003, 4.07380234E+001
2.98000000E+003, 4.08200138E+001
2.98250000E+003, 4.09028934E+001
2.98500000E+003, 4.09572777E+001
2.98750000E+003, 4.10964363E+001
2.99000000E+003, 4.11337986E+001
2.99250000E+003, 4.11900196E+001
2.99500000E+003, 4.12602211E+001
2.99750000E+003, 4.13736045E+001
3.00000000E+003, 4.14619147E+001
3.00250000E+003, 4.15601543E+001
3.00500000E+003, 4.16066188E+001
3.00750000E+003, 4.17833302E+001
3.01000000E+003, 4.18014120E+001
3.01250000E+003, 4.19005131E+001
3.01500000E+003, 4.19154088E+001
3.01750000E+003, 4.20132433E+001
3.02000000E+003, 4.22032551E+001
3.02250000E+003, 4.23067853E+001
3.02500000E+003, 4.23389297E+001
3.02750000E+003, 4.25179211E+001
3.03000000E+003, 4.26345358E+001
3.03250000E+003, 4.26015275E+001
3.03500000E+003, 4.27837057E+001
3.03750000E+003, 4.29238415E+001
3.04000000E+003, 4.30880444E+001
3.04250000E+003, 4.31843843E+001
3.04500000E+003, 4.31932138E+001
3.04750000E+003, 4.33852586E+001
3.05000000E+003, 4.34497517E+001
3.05250000E+003, 4.35579446E+001
3.05500000E+003, 4.37264843E+001
3.05750000E+003, 4.39160435E+001
3.06000000E+003, 4.39808174E+001
3.06250000E+003, 4.40641496E+001
3.06500000E+003, 4.42006791E+001
3.06750000E+003, 4.43174260E+001
3.07000000E+003, 4.44593240E+001
3.07250000E+003, 4.46576468E+001
3.07500000E+003, 4.47691410E+001
3.07750000E+003, 4.48537268E+001
3.08000000E+003, 4.51112600E+001
3.08250000E+003, 4.52220162E+001
3.08500000E+003, 4.53251467E+001
3.08750000E+003, 4.54818027E+001
3.09000000E+003, 4.56390097E+001
3.09250000E+003, 4.58265654E+001
3.09500000E+003, 4.59430923E+001
3.09750000E+003, 4.61096480E+001
3.10000000E+003, 4.63467757E+001
3.10250000E+003, 4.64559606E+001
3.10500000E+003, 4.66953301E+001
3.10750000E+003, 4.67972546E+001
3.11000000E+003, 4.70315900E+001
3.11250000E+003, 4.72124726E+001
3.11500000E+003, 4.73600349E+001
3.11750000E+003, 4.76409539E+001
3.12000000E+003, 4.78427023E+001
3.12250000E+003, 4.80934491E+001
3.12500000E+003, 4.81009825E+001
3.12750000E+003, 4.84073975E+001
3.13000000E+003, 4.86897479E+001
3.13250000E+003, 4.88729811E+001
3.13500000E+003, 4.90728579E+001
3.13750000E+003, 4.93139434E+001
3.14000000E+003, 4.96052730E+001
3.14250000E+003, 4.97673446E+001
3.14500000E+003, 5.00154395E+001
3.14750000E+003, 5.03205110E+001
3.15000000E+003, 5.05774189E+001
3.15250000E+003, 5.09269705E+001
3.15500000E+003, 5.12169739E+001
3.15750000E+003, 5.15179580E+001
3.16000000E+003, 5.17190427E+001
3.16250000E+003, 5.20233627E+001
3.16500000E+003, 5.22243223E+001
3.16750000E+003, 5.26221430E+001
3.17000000E+003, 5.29471158E+001
3.17250000E+003, 5.32576608E+001
3.17500000E+003, 5.36827881E+001
3.17750000E+003, 5.40972295E+001
3.18000000E+003, 5.43165897E+001
3.18250000E+003, 5.47514611E+001
3.18500000E+003, 5.50795015E+001
3.18750000E+003, 5.53350853E+001
3.19000000E+003, 5.58398172E+001
3.19250000E+003, 5.66064092E+001
3.19500000E+003, 5.68666227E+001
3.19750000E+003, 5.73393723E+001
3.20000000E+003, 5.77001588E+001
3.20250000E+003, 5.82727075E+001
3.20500000E+003, 5.93075695E+001
3.20750000E+003, 5.96098536E+001
3.21000000E+003, 6.01656217E+001
3.21250000E+003, 6.10258226E+001
3.21500000E+003, 6.17237511E+001
3.21750000E+003, 6.21501694E+001
3.22000000E+003, 6.34763630E+001
3.22250000E+003, 6.42445395E+001
3.22500000E+003, 6.53608896E+001
3.22750000E+003, 6.64726499E+001
3.23000000E+003, 6.78632462E+001
3.23250000E+003, 6.97263997E+001
3.23500000E+003, 7.14800404E+001
3.23750000E+003, 7.31200267E+001
3.24000000E+003, 7.38347117E+001
3.24250000E+003, 7.48652481E+001
3.24500000E+003, 7.43144556E+001
3.24750000E+003, 7.28409219E+001
3.25000000E+003, 7.16905949E+001
3.25250000E+003, 7.00444184E+001
3.25500000E+003, 6.83361645E+001
3.25750000E+003, 6.76784310E+001
3.26000000E+003, 6.71796725E+001
3.26250000E+003, 6.67273649E+001
3.26500000E+003, 6.55244475E+001
3.26750000E+003, 6.40108056E+001
3.27000000E+003, 6.34969976E+001
3.27250000E+003, 6.32519891E+001
3.27500000E+003, 6.22566501E+001
3.27750000E+003, 6.19874514E+001
3.28000000E+003, 6.20537264E+001
3.28250000E+003, 6.09167017E+001
3.28500000E+003, 6.09199748E+001
3.28750000E+003, 6.04118205E+001
3.29000000E+003, 5.98249762E+001
3.29250000E+003, 5.97917381E+001
3.29500000E+003, 5.92169639E+001
3.29750000E+003, 5.92293993E+001
3.30000000E+003, 5.89080271E+001
3.30250000E+003, 5.86452391E+001
3.30500000E+003, 5.82781061E+001
3.30750000E+003, 5.83082872E+001
3.31000000E+003, 5.79755325E+001
3.31250000E+003, 5.77343115E+001
3.31500000E+003, 5.77294002E+001
3.31750000E+003, 5.75485177E+001
3.32000000E+003, 5.75754781E+001
3.32250000E+003, 5.73203109E+001
3.32500000E+003, 5.72003541E+001
3.32750000E+003, 5.69398056E+001
3.33000000E+003, 5.70497388E+001
3.33250000E+003, 5.69044919E+001
3.33500000E+003, 5.67724156E+001
3.33750000E+003, 5.70721648E+001
3.34000000E+003, 5.71902950E+001
3.34250000E+003, 5.72151559E+001
3.34500000E+003, 5.76517821E+001
3.34750000E+003, 5.83079827E+001
3.35000000E+003, 5.72585734E+001
3.35250000E+003, 5.26742907E+001
3.35500000E+003, 5.40751582E+001
3.35750000E+003, 5.46725015E+001
3.36000000E+003, 5.51517007E+001
3.36250000E+003, 5.56142635E+001
3.36500000E+003, 5.57638016E+001
3.36750000E+003, 5.62905270E+001
3.37000000E+003, 5.68873375E+001
3.37250000E+003, 5.72381772E+001
3.37500000E+003, 5.82295473E+001
3.37750000E+003, 5.91169551E+001
3.38000000E+003, 6.02231607E+001
3.38250000E+003, 5.57856622E+001
3.38500000E+003, 4.69228573E+001
3.38750000E+003, 4.63087905E+001
3.39000000E+003, 4.87304990E+001
3.39250000E+003, 5.04351169E+001
3.39500000E+003, 5.12786284E+001
3.39750000E+003, 5.20033390E+001
3.40000000E+003, 5.21205874E+001
3.40250000E+003, 5.24091584E+001
3.40500000E+003, 5.29647984E+001
3.40750000E+003, 5.30595174E+001
3.41000000E+003, 5.32129906E+001
3.41250000E+003, 5.34242873E+001
3.41500000E+003, 5.37667138E+001
3.41750000E+003, 5.37870231E+001
3.42000000E+003, 5.40897579E+001
3.42250000E+003, 5.40485963E+001
3.42500000E+003, 5.41051080E+001
3.42750000E+003, 5.43519081E+001
3.43000000E+003, 5.44746682E+001
3.43250000E+003, 5.48024690E+001
3.43500000E+003, 5.47512448E+001
3.43750000E+003, 5.49752324E+001
3.44000000E+003, 5.48272905E+001
3.44250000E+003, 5.51043341E+001
3.44500000E+003, 5.53162762E+001
3.44750000E+003, 5.55783851E+001
3.45000000E+003, 5.55133699E+001
3.45250000E+003, 5.58286676E+001
3.45500000E+003, 5.62068235E+001
3.45750000E+003, 5.65290550E+001
3.46000000E+003, 5.66591254E+001
3.46250000E+003, 5.67398987E+001
3.46500000E+003, 5.69333597E+001
3.46750000E+003, 5.70114271E+001
3.47000000E+003, 5.76377225E+001
3.47250000E+003, 5.78784173E+001
3.47500000E+003, 5.84346852E+001
3.47750000E+003, 5.82057589E+001
3.48000000E+003, 5.87247630E+001
3.48250000E+003, 5.87232435E+001
3.48500000E+003, 5.97163680E+001
3.48750000E+003, 5.95310676E+001
3.49000000E+003, 6.01594967E+001
3.49250000E+003, 6.06580301E+001
3.49500000E+003, 6.08708404E+001
3.49750000E+003, 6.10656738E+001
3.50000000E+003, 6.19097961E+001
3.50250000E+003, 6.22624111E+001
3.50500000E+003, 6.32411570E+001
3.50750000E+003, 6.29429967E+001
3.51000000E+003, 6.37705998E+001
3.51250000E+003, 6.45242915E+001
3.51500000E+003, 6.51784616E+001
3.51750000E+003, 6.59624330E+001
3.52000000E+003, 6.65185065E+001
3.52250000E+003, 6.69717326E+001
3.52500000E+003, 6.76961276E+001
3.52750000E+003, 6.80962697E+001
3.53000000E+003, 6.89536041E+001
3.53250000E+003, 6.97711668E+001
3.53500000E+003, 6.96520791E+001
3.53750000E+003, 6.97771963E+001
3.54000000E+003, 6.97629646E+001
3.54250000E+003, 6.90765169E+001
3.54500000E+003, 6.86958541E+001
3.54750000E+003, 6.81408617E+001
3.55000000E+003, 6.72303082E+001
3.55250000E+003, 6.62100744E+001
3.55500000E+003, 6.54114811E+001
3.55750000E+003, 6.48557437E+001
3.56000000E+003, 6.41602440E+001
3.56250000E+003, 6.35058079E+001
3.56500000E+003, 6.24971431E+001
3.56750000E+003, 6.19945115E+001
3.57000000E+003, 6.13895503E+001
3.57250000E+003, 6.07656258E+001
3.57500000E+003, 6.01323184E+001
3.57750000E+003, 5.97671029E+001
3.58000000E+003, 5.91812448E+001
3.58250000E+003, 5.87075754E+001
3.58500000E+003, 5.83607584E+001
3.58750000E+003, 5.78296831E+001
3.59000000E+003, 5.73865691E+001
3.59250000E+003, 5.68338865E+001
3.59500000E+003, 5.66820196E+001
3.59750000E+003, 5.63856223E+001
3.60000000E+003, 5.58178473E+001
3.60250000E+003, 5.54583694E+001
3.60500000E+003, 5.52520209E+001
3.60750000E+003, 5.47494806E+001
3.61000000E+003, 5.44554685E+001
3.61250000E+003, 5.40688296E+001
3.61500000E+003, 5.38482937E+001
3.61750000E+003, 5.36011080E+001
3.62000000E+003, 5.33700239E+001
3.62250000E+003, 5.30301614E+001
3.62500000E+003, 5.27583749E+001
3.62750000E+003, 5.23129676E+001
3.63000000E+003, 5.21149552E+001
3.63250000E+003, 5.20501767E+001
3.63500000E+003, 5.17438393E+001
3.63750000E+003, 5.14533016E+001
3.64000000E+003, 5.12551705E+001
3.64250000E+003, 5.10537511E+001
3.64500000E+003, 5.07677876E+001
3.64750000E+003, 5.06123112E+001
3.65000000E+003, 5.02578308E+001
3.65250000E+003, 5.00609721E+001
3.65500000E+003, 4.97342391E+001
3.65750000E+003, 4.95357095E+001
3.66000000E+003, 4.93118039E+001
3.66250000E+003, 4.90607313E+001
3.66500000E+003, 4.88017543E+001
3.66750000E+003, 4.85390882E+001
3.67000000E+003, 4.82228947E+001
3.67250000E+003, 4.80513776E+001
3.67500000E+003, 4.77774663E+001
3.67750000E+003, 4.73870864E+001
3.68000000E+003, 4.72012023E+001
3.68250000E+003, 4.66800313E+001
3.68500000E+003, 4.62021949E+001
3.68750000E+003, 4.58396368E+001
3.69000000E+003, 4.53334202E+001
3.69250000E+003, 4.47567859E+001
3.69500000E+003, 4.41628853E+001
3.69750000E+003, 4.31835021E+001
3.70000000E+003, 4.20399421E+001
3.70250000E+003, 4.01648711E+001
3.70500000E+003, 3.76476183E+001
3.70750000E+003, 3.30700288E+001
3.71000000E+003, 3.44255012E+001
3.71250000E+003, 4.29039811E+001
3.71500000E+003, 5.01463173E+001
3.71750000E+003, 5.74124391E+001
3.72000000E+003, 6.19385383E+001
3.72250000E+003, 5.93248014E+001
3.72500000E+003, 5.63834166E+001
3.72750000E+003, 5.46169802E+001
3.73000000E+003, 5.32614450E+001
3.73250000E+003, 5.24812257E+001
3.73500000E+003, 5.16645301E+001
3.73750000E+003, 5.11694141E+001
3.74000000E+003, 5.07885082E+001
3.74250000E+003, 5.02791587E+001
3.74500000E+003, 4.98612646E+001
3.74750000E+003, 4.95759741E+001
3.75000000E+003, 4.92859838E+001
3.75250000E+003, 4.89762164E+001
3.75500000E+003, 4.87328808E+001
3.75750000E+003, 4.84538760E+001
3.76000000E+003, 4.81742302E+001
3.76250000E+003, 4.78039813E+001
3.76500000E+003, 4.73764393E+001
3.76750000E+003, 4.64560090E+001
3.77000000E+003, 4.61528883E+001
3.77250000E+003, 4.98856286E+001
3.77500000E+003, 4.90235063E+001
3.77750000E+003, 4.85133576E+001
3.78000000E+003, 4.82582740E+001
3.78250000E+003, 4.78868479E+001
3.78500000E+003, 4.79085661E+001
3.78750000E+003, 4.76905800E+001
3.79000000E+003, 4.75429738E+001
3.79250000E+003, 4.75031080E+001
3.79500000E+003, 4.72866303E+001
3.79750000E+003, 4.71609618E+001
3.80000000E+003, 4.70666675E+001
3.80250000E+003, 4.69794165E+001
3.80500000E+003, 4.70212055E+001
3.80750000E+003, 4.68094737E+001
3.81000000E+003, 4.67704098E+001
3.81250000E+003, 4.66843251E+001
3.81500000E+003, 4.66403306E+001
3.81750000E+003, 4.65987585E+001
3.82000000E+003, 4.64843743E+001
3.82250000E+003, 4.64106533E+001
3.82500000E+003, 4.62464481E+001
3.82750000E+003, 4.63182024E+001
3.83000000E+003, 4.62018113E+001
3.83250000E+003, 4.61094323E+001
3.83500000E+003, 4.61526612E+001
3.83750000E+003, 4.60608085E+001
3.84000000E+003, 4.60084881E+001
3.84250000E+003, 4.59986244E+001
3.84500000E+003, 4.59926095E+001
3.84750000E+003, 4.58683753E+001
3.85000000E+003, 4.58918500E+001
3.85250000E+003, 4.58291888E+001
3.85500000E+003, 4.56732234E+001
3.85750000E+003, 4.57295764E+001
3.86000000E+003, 4.56799631E+001
3.86250000E+003, 4.56240821E+001
3.86500000E+003, 4.56521187E+001
3.86750000E+003, 4.56357026E+001
3.87000000E+003, 4.55557085E+001
3.87250000E+003, 4.54906949E+001
3.87500000E+003, 4.55249179E+001
3.87750000E+003, 4.54855409E+001
3.88000000E+003, 4.55777447E+001
3.88250000E+003, 4.55054359E+001
3.88500000E+003, 4.54040916E+001
3.88750000E+003, 4.52718905E+001
3.89000000E+003, 4.53241470E+001
3.89250000E+003, 4.52477891E+001
3.89500000E+003, 4.52995191E+001
3.89750000E+003, 4.51356193E+001
3.90000000E+003, 4.52940258E+001
3.90250000E+003, 4.51798669E+001
3.90500000E+003, 4.51192642E+001
3.90750000E+003, 4.53580602E+001
3.91000000E+003, 4.51965493E+001
3.91250000E+003, 4.51705928E+001
3.91500000E+003, 4.51450059E+001
3.91750000E+003, 4.52085179E+001
3.92000000E+003, 4.50863507E+001
3.92250000E+003, 4.51438306E+001
3.92500000E+003, 4.51302616E+001
3.92750000E+003, 4.52369821E+001
3.93000000E+003, 4.50911470E+001
3.93250000E+003, 4.51340292E+001
3.93500000E+003, 4.51065569E+001
3.93750000E+003, 4.52087418E+001
3.94000000E+003, 4.51291942E+001
3.94250000E+003, 4.52866477E+001
3.94500000E+003, 4.50372678E+001
3.94750000E+003, 4.52251311E+001
3.95000000E+003, 4.51798581E+001
3.95250000E+003, 4.51556258E+001
3.95500000E+003, 4.52239334E+001
3.95750000E+003, 4.52610474E+001
3.96000000E+003, 4.52028697E+001
3.96250000E+003, 4.52174144E+001
3.96500000E+003, 4.51548571E+001
3.96750000E+003, 4.51425612E+001
3.97000000E+003, 4.52943617E+001
3.97250000E+003, 4.53004218E+001
3.97500000E+003, 4.52348613E+001
3.97750000E+003, 4.53342478E+001
3.98000000E+003, 4.54317688E+001
3.98250000E+003, 4.52758892E+001
3.98500000E+003, 4.53177186E+001
3.98750000E+003, 4.53274811E+001
3.99000000E+003, 4.53708580E+001
3.99250000E+003, 4.54174457E+001
3.99500000E+003, 4.54490655E+001
3.99750000E+003, 4.54729871E+001
4.00000000E+003, 4.54907246E+001
