Label:, CH1-2: é¸îgêîâûìöä÷êî
DateTime:, Thu Feb 08 16:38:53 2018
DataKind:, CH1-2, FRF, Mag
DataPoints:, 1601
DataCalc:, H1
Frequency:, 0.000 , 4000.000, Hz
Sample:, 4096, Internal
Average:, 3, Power/Sum
Voltage(CH1):, -20.000, dBVrms
Voltage(CH2):, -10.000, dBVrms
EU/V(CH1):, 3.757E+001
EU/V(CH2):, 1.088E+003
Window(CH1):, Rect
Window(CH2):, Rect
X-AxisScale:, Lin
X-AxisUnit:, Hz
Y-AxisScale:, Log
Y-AxisUnit:, m/s2/N
Y-AxisMagniude:
0.00000000E+000, 5.23894491E+001
2.50000000E+000, 1.16905134E+001
5.00000000E+000, 9.04557672E+000
7.50000000E+000, 1.23590284E+001
1.00000000E+001, 1.15139107E+001
1.25000000E+001, 2.24307584E+001
1.50000000E+001, 2.01452586E+001
1.75000000E+001, 1.75127480E+001
2.00000000E+001, 1.48311471E+001
2.25000000E+001, 1.59979298E+001
2.50000000E+001, 1.48607404E+001
2.75000000E+001, 1.28415482E+001
3.00000000E+001, 1.34996787E+001
3.25000000E+001, 1.15050194E+001
3.50000000E+001, 1.30490738E+001
3.75000000E+001, 1.28064518E+001
4.00000000E+001, 1.24123071E+001
4.25000000E+001, 1.40576555E+001
4.50000000E+001, 1.28422435E+001
4.75000000E+001, 1.14165605E+001
5.00000000E+001, 8.37951299E+000
5.25000000E+001, 1.01595908E+001
5.50000000E+001, 9.85952808E+000
5.75000000E+001, 7.96944402E+000
6.00000000E+001, 6.38711322E+000
6.25000000E+001, 9.92824772E+000
6.50000000E+001, 4.78774014E+000
6.75000000E+001, 5.41394673E+000
7.00000000E+001, 9.51698987E+000
7.25000000E+001, 5.63793878E+000
7.50000000E+001, 6.47805248E+000
7.75000000E+001, 7.36699565E+000
8.00000000E+001, 6.97916224E+000
8.25000000E+001, 9.69689958E+000
8.50000000E+001, 5.40704611E+000
8.75000000E+001, 4.49813812E+000
9.00000000E+001, 4.24954398E+000
9.25000000E+001, 5.82885047E+000
9.50000000E+001, 1.74339115E+000
9.75000000E+001, 6.42479508E+000
1.00000000E+002, 4.82930251E+000
1.02500000E+002, 5.54954675E+000
1.05000000E+002, 2.94685958E+000
1.07500000E+002, 3.26848956E+000
1.10000000E+002, 3.64835240E-001
1.12500000E+002, -1.22801680E+000
1.15000000E+002, 5.36711662E+000
1.17500000E+002, 5.26426620E+000
1.20000000E+002, 6.55934075E+000
1.22500000E+002, 6.19257898E-001
1.25000000E+002, 2.14005119E+000
1.27500000E+002, -2.23114977E+000
1.30000000E+002, -5.26720712E+000
1.32500000E+002, -3.02939186E+000
1.35000000E+002, 2.89589952E+000
1.37500000E+002, 4.32864289E+000
1.40000000E+002, 8.58867453E+000
1.42500000E+002, 2.23821163E+001
1.45000000E+002, 1.66683804E+001
1.47500000E+002, 1.11372997E+001
1.50000000E+002, 7.95007883E+000
1.52500000E+002, 8.02346712E+000
1.55000000E+002, 2.77274380E+000
1.57500000E+002, 2.27780364E-001
1.60000000E+002, -3.66033518E+000
1.62500000E+002, -2.09632247E+000
1.65000000E+002, 1.79046471E+000
1.67500000E+002, -2.27599175E+001
1.70000000E+002, -1.29777749E+001
1.72500000E+002, -2.35615738E+000
1.75000000E+002, -3.39887701E+000
1.77500000E+002, 1.56716462E+000
1.80000000E+002, -3.50181345E+000
1.82500000E+002, -5.50265465E+000
1.85000000E+002, 7.02566900E-001
1.87500000E+002, -2.86331980E+000
1.90000000E+002, -4.71816538E+000
1.92500000E+002, -1.43939372E-001
1.95000000E+002, -8.17940706E+000
1.97500000E+002, -1.13135579E+000
2.00000000E+002, -5.65766339E+000
2.02500000E+002, 3.65912027E+000
2.05000000E+002, 2.17905565E+000
2.07500000E+002, 2.25840037E+000
2.10000000E+002, -5.08984018E+000
2.12500000E+002, -5.38476993E+000
2.15000000E+002, -3.08515146E+000
2.17500000E+002, -1.41541828E+000
2.20000000E+002, -2.52724207E+000
2.22500000E+002, 1.29262695E+000
2.25000000E+002, -5.28811927E+000
2.27500000E+002, 4.77140836E-001
2.30000000E+002, 6.68166007E-001
2.32500000E+002, -3.37182120E+000
2.35000000E+002, 2.76580148E+000
2.37500000E+002, -9.52165540E+000
2.40000000E+002, -1.29079815E+001
2.42500000E+002, -9.25362136E+000
2.45000000E+002, -8.14213232E+000
2.47500000E+002, -2.35903604E+000
2.50000000E+002, -3.98611096E+000
2.52500000E+002, -6.56811713E+000
2.55000000E+002, -3.68800429E+000
2.57500000E+002, -1.84361523E+001
2.60000000E+002, -5.76763869E+000
2.62500000E+002, -1.70171876E+000
2.65000000E+002, -1.32101487E+000
2.67500000E+002, -9.83705191E-001
2.70000000E+002, 2.01916691E+000
2.72500000E+002, -8.66587643E-001
2.75000000E+002, -1.36719699E+001
2.77500000E+002, -1.79717513E+000
2.80000000E+002, -5.50286925E+000
2.82500000E+002, -2.67485918E+000
2.85000000E+002, 1.45411580E+000
2.87500000E+002, 9.35692135E-001
2.90000000E+002, 1.53368874E+000
2.92500000E+002, -3.64106424E+000
2.95000000E+002, -1.60989697E+000
2.97500000E+002, -4.10242253E-001
3.00000000E+002, 8.14734032E-001
3.02500000E+002, -2.33809685E+000
3.05000000E+002, -6.56144839E+000
3.07500000E+002, -2.58404715E+000
3.10000000E+002, -8.03329591E+000
3.12500000E+002, -5.49584171E+000
3.15000000E+002, -9.55285879E+000
3.17500000E+002, -5.48613712E+000
3.20000000E+002, -2.82165323E+000
3.22500000E+002, -7.05057861E-001
3.25000000E+002, 1.41518881E+000
3.27500000E+002, -5.47531473E+000
3.30000000E+002, -4.82700261E+000
3.32500000E+002, -5.38770194E+000
3.35000000E+002, -6.48376040E+000
3.37500000E+002, -5.57137468E+000
3.40000000E+002, -3.73076908E+000
3.42500000E+002, -5.27075556E+000
3.45000000E+002, -4.37179477E+000
3.47500000E+002, -8.03713041E+000
3.50000000E+002, -6.78342962E+000
3.52500000E+002, -2.50992483E+000
3.55000000E+002, -2.73628255E+000
3.57500000E+002, 8.44233207E-002
3.60000000E+002, -1.92549197E+000
3.62500000E+002, -1.99090120E-001
3.65000000E+002, 2.98247493E-001
3.67500000E+002, 1.41850603E+000
3.70000000E+002, -2.21966242E-001
3.72500000E+002, 2.12148471E+000
3.75000000E+002, 9.64210522E-001
3.77500000E+002, 3.36546250E+000
3.80000000E+002, 2.86381031E+000
3.82500000E+002, 2.21259724E+000
3.85000000E+002, 3.69768343E+000
3.87500000E+002, 5.50853885E+000
3.90000000E+002, 2.46072970E+000
3.92500000E+002, 5.86686641E+000
3.95000000E+002, 5.87592436E+000
3.97500000E+002, 6.23996412E+000
4.00000000E+002, 6.15757174E+000
4.02500000E+002, 8.46528640E+000
4.05000000E+002, 7.33091667E+000
4.07500000E+002, 8.34334793E+000
4.10000000E+002, 9.44612939E+000
4.12500000E+002, 9.85089224E+000
4.15000000E+002, 9.17919362E+000
4.17500000E+002, 1.04572184E+001
4.20000000E+002, 1.10297627E+001
4.22500000E+002, 1.10567647E+001
4.25000000E+002, 1.08628102E+001
4.27500000E+002, 1.14085171E+001
4.30000000E+002, 1.22144020E+001
4.32500000E+002, 1.29132805E+001
4.35000000E+002, 1.28981749E+001
4.37500000E+002, 1.40044437E+001
4.40000000E+002, 1.41300074E+001
4.42500000E+002, 1.48236305E+001
4.45000000E+002, 1.43795814E+001
4.47500000E+002, 1.54256932E+001
4.50000000E+002, 1.56384625E+001
4.52500000E+002, 1.55277458E+001
4.55000000E+002, 1.68376907E+001
4.57500000E+002, 1.72848017E+001
4.60000000E+002, 1.77378146E+001
4.62500000E+002, 1.82939723E+001
4.65000000E+002, 1.89042885E+001
4.67500000E+002, 1.90326283E+001
4.70000000E+002, 2.01037092E+001
4.72500000E+002, 2.02506501E+001
4.75000000E+002, 2.09003308E+001
4.77500000E+002, 2.12776317E+001
4.80000000E+002, 2.14573896E+001
4.82500000E+002, 2.26761478E+001
4.85000000E+002, 2.30309186E+001
4.87500000E+002, 2.38834231E+001
4.90000000E+002, 2.44458462E+001
4.92500000E+002, 2.47548697E+001
4.95000000E+002, 2.55305029E+001
4.97500000E+002, 2.63416658E+001
5.00000000E+002, 2.71102417E+001
5.02500000E+002, 2.78825980E+001
5.05000000E+002, 2.85918434E+001
5.07500000E+002, 2.95613480E+001
5.10000000E+002, 3.07671292E+001
5.12500000E+002, 3.22709032E+001
5.15000000E+002, 3.35782829E+001
5.17500000E+002, 3.50847175E+001
5.20000000E+002, 3.68666891E+001
5.22500000E+002, 3.90127291E+001
5.25000000E+002, 4.17014329E+001
5.27500000E+002, 4.56013664E+001
5.30000000E+002, 5.22703744E+001
5.32500000E+002, 6.28373420E+001
5.35000000E+002, 4.94373327E+001
5.37500000E+002, 4.44965687E+001
5.40000000E+002, 4.12754000E+001
5.42500000E+002, 3.89425615E+001
5.45000000E+002, 3.72831969E+001
5.47500000E+002, 3.56975122E+001
5.50000000E+002, 3.47461405E+001
5.52500000E+002, 3.36312099E+001
5.55000000E+002, 3.28077480E+001
5.57500000E+002, 3.21090892E+001
5.60000000E+002, 3.13266157E+001
5.62500000E+002, 3.04791395E+001
5.65000000E+002, 3.00414306E+001
5.67500000E+002, 2.95639424E+001
5.70000000E+002, 2.91682598E+001
5.72500000E+002, 2.88763522E+001
5.75000000E+002, 2.87295243E+001
5.77500000E+002, 2.81251532E+001
5.80000000E+002, 2.76771008E+001
5.82500000E+002, 2.74241201E+001
5.85000000E+002, 2.71498698E+001
5.87500000E+002, 2.67439070E+001
5.90000000E+002, 2.65901992E+001
5.92500000E+002, 2.62031807E+001
5.95000000E+002, 2.62334783E+001
5.97500000E+002, 2.58567559E+001
6.00000000E+002, 2.55851525E+001
6.02500000E+002, 2.55693696E+001
6.05000000E+002, 2.57183943E+001
6.07500000E+002, 2.53119980E+001
6.10000000E+002, 2.51382079E+001
6.12500000E+002, 2.50512028E+001
6.15000000E+002, 2.49825476E+001
6.17500000E+002, 2.49983641E+001
6.20000000E+002, 2.47186455E+001
6.22500000E+002, 2.44370111E+001
6.25000000E+002, 2.45385767E+001
6.27500000E+002, 2.43960058E+001
6.30000000E+002, 2.43842742E+001
6.32500000E+002, 2.44573401E+001
6.35000000E+002, 2.44071518E+001
6.37500000E+002, 2.41618213E+001
6.40000000E+002, 2.42852417E+001
6.42500000E+002, 2.41752638E+001
6.45000000E+002, 2.41965731E+001
6.47500000E+002, 2.43357662E+001
6.50000000E+002, 2.42370226E+001
6.52500000E+002, 2.43936344E+001
6.55000000E+002, 2.42471838E+001
6.57500000E+002, 2.41182144E+001
6.60000000E+002, 2.41431389E+001
6.62500000E+002, 2.40855768E+001
6.65000000E+002, 2.40924922E+001
6.67500000E+002, 2.42453880E+001
6.70000000E+002, 2.39841950E+001
6.72500000E+002, 2.43088043E+001
6.75000000E+002, 2.41824984E+001
6.77500000E+002, 2.42729470E+001
6.80000000E+002, 2.42029034E+001
6.82500000E+002, 2.42438255E+001
6.85000000E+002, 2.44343991E+001
6.87500000E+002, 2.41162058E+001
6.90000000E+002, 2.44612805E+001
6.92500000E+002, 2.43550282E+001
6.95000000E+002, 2.43190128E+001
6.97500000E+002, 2.46883825E+001
7.00000000E+002, 2.45224394E+001
7.02500000E+002, 2.46519136E+001
7.05000000E+002, 2.46991483E+001
7.07500000E+002, 2.47126010E+001
7.10000000E+002, 2.47402756E+001
7.12500000E+002, 2.47656433E+001
7.15000000E+002, 2.48635597E+001
7.17500000E+002, 2.48611829E+001
7.20000000E+002, 2.47884552E+001
7.22500000E+002, 2.52521592E+001
7.25000000E+002, 2.49540759E+001
7.27500000E+002, 2.50400294E+001
7.30000000E+002, 2.52639280E+001
7.32500000E+002, 2.52523170E+001
7.35000000E+002, 2.53278979E+001
7.37500000E+002, 2.54849097E+001
7.40000000E+002, 2.55275931E+001
7.42500000E+002, 2.55879010E+001
7.45000000E+002, 2.58696741E+001
7.47500000E+002, 2.59757341E+001
7.50000000E+002, 2.59891051E+001
7.52500000E+002, 2.62433910E+001
7.55000000E+002, 2.63476565E+001
7.57500000E+002, 2.64051270E+001
7.60000000E+002, 2.65134457E+001
7.62500000E+002, 2.67140372E+001
7.65000000E+002, 2.67995467E+001
7.67500000E+002, 2.69323948E+001
7.70000000E+002, 2.71135508E+001
7.72500000E+002, 2.73242542E+001
7.75000000E+002, 2.73727648E+001
7.77500000E+002, 2.77091495E+001
7.80000000E+002, 2.77523665E+001
7.82500000E+002, 2.79921380E+001
7.85000000E+002, 2.81353709E+001
7.87500000E+002, 2.84389693E+001
7.90000000E+002, 2.84495878E+001
7.92500000E+002, 2.88121374E+001
7.95000000E+002, 2.89439906E+001
7.97500000E+002, 2.92488667E+001
8.00000000E+002, 2.95108904E+001
8.02500000E+002, 2.97274886E+001
8.05000000E+002, 3.00829391E+001
8.07500000E+002, 3.02325879E+001
8.10000000E+002, 3.05520096E+001
8.12500000E+002, 3.09845114E+001
8.15000000E+002, 3.12585836E+001
8.17500000E+002, 3.17413302E+001
8.20000000E+002, 3.20496276E+001
8.22500000E+002, 3.24641923E+001
8.25000000E+002, 3.29077556E+001
8.27500000E+002, 3.33448487E+001
8.30000000E+002, 3.38649931E+001
8.32500000E+002, 3.43999458E+001
8.35000000E+002, 3.49794937E+001
8.37500000E+002, 3.55243694E+001
8.40000000E+002, 3.62378471E+001
8.42500000E+002, 3.70622223E+001
8.45000000E+002, 3.78624264E+001
8.47500000E+002, 3.87689683E+001
8.50000000E+002, 3.97870221E+001
8.52500000E+002, 4.10408418E+001
8.55000000E+002, 4.24625058E+001
8.57500000E+002, 4.40588828E+001
8.60000000E+002, 4.60832417E+001
8.62500000E+002, 4.85165070E+001
8.65000000E+002, 5.12550460E+001
8.67500000E+002, 5.32319823E+001
8.70000000E+002, 5.19349114E+001
8.72500000E+002, 4.89020800E+001
8.75000000E+002, 4.62275101E+001
8.77500000E+002, 4.40168023E+001
8.80000000E+002, 4.21334105E+001
8.82500000E+002, 4.06656740E+001
8.85000000E+002, 3.93170621E+001
8.87500000E+002, 3.81906783E+001
8.90000000E+002, 3.70310393E+001
8.92500000E+002, 3.61464092E+001
8.95000000E+002, 3.53173216E+001
8.97500000E+002, 3.45210160E+001
9.00000000E+002, 3.35715157E+001
9.02500000E+002, 3.30790922E+001
9.05000000E+002, 3.23736585E+001
9.07500000E+002, 3.17466892E+001
9.10000000E+002, 3.10741026E+001
9.12500000E+002, 3.06033705E+001
9.15000000E+002, 3.00493323E+001
9.17500000E+002, 2.93755817E+001
9.20000000E+002, 2.92082259E+001
9.22500000E+002, 2.85812078E+001
9.25000000E+002, 2.82062609E+001
9.27500000E+002, 2.77931675E+001
9.30000000E+002, 2.74626256E+001
9.32500000E+002, 2.68387976E+001
9.35000000E+002, 2.65699638E+001
9.37500000E+002, 2.59465087E+001
9.40000000E+002, 2.60098897E+001
9.42500000E+002, 2.54687166E+001
9.45000000E+002, 2.52175055E+001
9.47500000E+002, 2.47867176E+001
9.50000000E+002, 2.40598213E+001
9.52500000E+002, 2.40411720E+001
9.55000000E+002, 2.34260482E+001
9.57500000E+002, 2.34531159E+001
9.60000000E+002, 2.31953768E+001
9.62500000E+002, 2.25373845E+001
9.65000000E+002, 2.23180009E+001
9.67500000E+002, 2.20363936E+001
9.70000000E+002, 2.18974614E+001
9.72500000E+002, 2.12933733E+001
9.75000000E+002, 2.09355059E+001
9.77500000E+002, 2.05327873E+001
9.80000000E+002, 2.05517419E+001
9.82500000E+002, 2.02857189E+001
9.85000000E+002, 2.01342311E+001
9.87500000E+002, 1.94244569E+001
9.90000000E+002, 1.92145749E+001
9.92500000E+002, 1.90997533E+001
9.95000000E+002, 1.86611474E+001
9.97500000E+002, 1.86416034E+001
1.00000000E+003, 1.81061318E+001
1.00250000E+003, 1.78741093E+001
1.00500000E+003, 1.77053063E+001
1.00750000E+003, 1.72999666E+001
1.01000000E+003, 1.73442139E+001
1.01250000E+003, 1.68308492E+001
1.01500000E+003, 1.66019902E+001
1.01750000E+003, 1.63461676E+001
1.02000000E+003, 1.58709713E+001
1.02250000E+003, 1.53570645E+001
1.02500000E+003, 1.58539317E+001
1.02750000E+003, 1.51888584E+001
1.03000000E+003, 1.49717974E+001
1.03250000E+003, 1.43722466E+001
1.03500000E+003, 1.39552752E+001
1.03750000E+003, 1.38684304E+001
1.04000000E+003, 1.38326113E+001
1.04250000E+003, 1.39632870E+001
1.04500000E+003, 1.31994913E+001
1.04750000E+003, 1.32728311E+001
1.05000000E+003, 1.29447192E+001
1.05250000E+003, 1.22794943E+001
1.05500000E+003, 1.09249115E+001
1.05750000E+003, 1.12343871E+001
1.06000000E+003, 1.21392704E+001
1.06250000E+003, 1.13771230E+001
1.06500000E+003, 1.12884036E+001
1.06750000E+003, 1.09316511E+001
1.07000000E+003, 1.02485838E+001
1.07250000E+003, 9.89775741E+000
1.07500000E+003, 1.00613533E+001
1.07750000E+003, 9.58131411E+000
1.08000000E+003, 8.87324128E+000
1.08250000E+003, 8.46942435E+000
1.08500000E+003, 7.81654126E+000
1.08750000E+003, 8.32286066E+000
1.09000000E+003, 7.42354104E+000
1.09250000E+003, 7.54154134E+000
1.09500000E+003, 7.38393421E+000
1.09750000E+003, 7.55388276E+000
1.10000000E+003, 6.47609454E+000
1.10250000E+003, 6.07877042E+000
1.10500000E+003, 5.16006217E+000
1.10750000E+003, 5.49227457E+000
1.11000000E+003, 5.11515545E+000
1.11250000E+003, 5.77739108E+000
1.11500000E+003, 3.67015768E+000
1.11750000E+003, 3.41102856E+000
1.12000000E+003, 5.63382774E+000
1.12250000E+003, 1.04872562E-001
1.12500000E+003, 9.79170306E-001
1.12750000E+003, 1.33595021E+000
1.13000000E+003, 7.45083470E-003
1.13250000E+003, -1.01092350E+000
1.13500000E+003, -1.28580240E+000
1.13750000E+003, -2.37414531E+000
1.14000000E+003, -2.11705701E+000
1.14250000E+003, -5.95604055E+000
1.14500000E+003, -4.78084063E+000
1.14750000E+003, -4.07731589E+000
1.15000000E+003, -8.59181465E+000
1.15250000E+003, -7.33041003E+000
1.15500000E+003, -1.05298982E+001
1.15750000E+003, -9.34391428E+000
1.16000000E+003, -2.16451351E+001
1.16250000E+003, -2.09423289E+001
1.16500000E+003, -1.54208212E+001
1.16750000E+003, -1.04185463E+001
1.17000000E+003, -2.36566204E+001
1.17250000E+003, -1.31279502E+001
1.17500000E+003, -4.81086876E+000
1.17750000E+003, -4.96148291E+000
1.18000000E+003, -2.74344428E+000
1.18250000E+003, -1.59494496E-001
1.18500000E+003, -4.05226213E-001
1.18750000E+003, 1.62233494E+000
1.19000000E+003, -6.18979163E-001
1.19250000E+003, -8.51228148E-001
1.19500000E+003, 1.06936332E+000
1.19750000E+003, 1.57217128E+000
1.20000000E+003, 3.56492396E-001
1.20250000E+003, 2.13432473E+000
1.20500000E+003, 3.63227252E+000
1.20750000E+003, 4.58876421E+000
1.21000000E+003, 4.19052777E+000
1.21250000E+003, 4.64794321E+000
1.21500000E+003, 5.22204110E+000
1.21750000E+003, 5.18893899E+000
1.22000000E+003, 6.04325256E+000
1.22250000E+003, 6.66296631E+000
1.22500000E+003, 5.94869283E+000
1.22750000E+003, 7.08700734E+000
1.23000000E+003, 7.02118762E+000
1.23250000E+003, 8.04585231E+000
1.23500000E+003, 8.47026885E+000
1.23750000E+003, 8.22893395E+000
1.24000000E+003, 8.65915346E+000
1.24250000E+003, 9.34697085E+000
1.24500000E+003, 8.69852293E+000
1.24750000E+003, 9.37572403E+000
1.25000000E+003, 9.89455514E+000
1.25250000E+003, 9.53755350E+000
1.25500000E+003, 1.13122676E+001
1.25750000E+003, 1.08230988E+001
1.26000000E+003, 1.09113795E+001
1.26250000E+003, 1.02071297E+001
1.26500000E+003, 1.12156972E+001
1.26750000E+003, 1.12208457E+001
1.27000000E+003, 1.16590837E+001
1.27250000E+003, 1.17493649E+001
1.27500000E+003, 1.19981202E+001
1.27750000E+003, 1.22816075E+001
1.28000000E+003, 1.27482392E+001
1.28250000E+003, 1.28924428E+001
1.28500000E+003, 1.37198439E+001
1.28750000E+003, 1.35703889E+001
1.29000000E+003, 1.37994795E+001
1.29250000E+003, 1.43334568E+001
1.29500000E+003, 1.45749920E+001
1.29750000E+003, 1.40102655E+001
1.30000000E+003, 1.47411637E+001
1.30250000E+003, 1.55879214E+001
1.30500000E+003, 1.54333659E+001
1.30750000E+003, 1.57034107E+001
1.31000000E+003, 1.66776672E+001
1.31250000E+003, 1.67906899E+001
1.31500000E+003, 1.69493270E+001
1.31750000E+003, 1.76486859E+001
1.32000000E+003, 1.80839126E+001
1.32250000E+003, 1.86574735E+001
1.32500000E+003, 1.96646693E+001
1.32750000E+003, 2.03284051E+001
1.33000000E+003, 2.17060259E+001
1.33250000E+003, 2.30697711E+001
1.33500000E+003, 2.50738095E+001
1.33750000E+003, 2.86817796E+001
1.34000000E+003, 3.66699681E+001
1.34250000E+003, 2.87580008E+001
1.34500000E+003, 2.06474590E+001
1.34750000E+003, 1.43647275E+001
1.35000000E+003, 8.91830735E+000
1.35250000E+003, 7.78596309E-001
1.35500000E+003, -1.91063292E+000
1.35750000E+003, 2.29556199E+000
1.36000000E+003, 6.42610576E+000
1.36250000E+003, 7.75876901E+000
1.36500000E+003, 1.08641730E+001
1.36750000E+003, 1.15474464E+001
1.37000000E+003, 1.20148223E+001
1.37250000E+003, 1.20816385E+001
1.37500000E+003, 1.27446197E+001
1.37750000E+003, 1.23670251E+001
1.38000000E+003, 1.36603002E+001
1.38250000E+003, 1.40902955E+001
1.38500000E+003, 1.43365216E+001
1.38750000E+003, 1.44894371E+001
1.39000000E+003, 1.48066836E+001
1.39250000E+003, 1.48998466E+001
1.39500000E+003, 1.51792536E+001
1.39750000E+003, 1.54607530E+001
1.40000000E+003, 1.59564956E+001
1.40250000E+003, 1.57449415E+001
1.40500000E+003, 1.62332490E+001
1.40750000E+003, 1.63467113E+001
1.41000000E+003, 1.69104544E+001
1.41250000E+003, 1.69542461E+001
1.41500000E+003, 1.69974607E+001
1.41750000E+003, 1.70349791E+001
1.42000000E+003, 1.72695753E+001
1.42250000E+003, 1.75339927E+001
1.42500000E+003, 1.76289830E+001
1.42750000E+003, 1.76569185E+001
1.43000000E+003, 1.81794020E+001
1.43250000E+003, 1.80935907E+001
1.43500000E+003, 1.81713172E+001
1.43750000E+003, 1.84759300E+001
1.44000000E+003, 1.84522701E+001
1.44250000E+003, 1.86219479E+001
1.44500000E+003, 1.86052370E+001
1.44750000E+003, 1.88428750E+001
1.45000000E+003, 1.90397592E+001
1.45250000E+003, 1.91569446E+001
1.45500000E+003, 1.92741841E+001
1.45750000E+003, 1.97099319E+001
1.46000000E+003, 1.95541681E+001
1.46250000E+003, 1.98814010E+001
1.46500000E+003, 1.98161078E+001
1.46750000E+003, 2.02338463E+001
1.47000000E+003, 2.02539435E+001
1.47250000E+003, 2.04198078E+001
1.47500000E+003, 2.04937648E+001
1.47750000E+003, 2.07428059E+001
1.48000000E+003, 2.09153467E+001
1.48250000E+003, 2.11446263E+001
1.48500000E+003, 2.10629287E+001
1.48750000E+003, 2.12749714E+001
1.49000000E+003, 2.14203875E+001
1.49250000E+003, 2.16335497E+001
1.49500000E+003, 2.15554966E+001
1.49750000E+003, 2.17674722E+001
1.50000000E+003, 2.20229602E+001
1.50250000E+003, 2.20359491E+001
1.50500000E+003, 2.23761223E+001
1.50750000E+003, 2.21845158E+001
1.51000000E+003, 2.23313851E+001
1.51250000E+003, 2.26366947E+001
1.51500000E+003, 2.25535191E+001
1.51750000E+003, 2.29819676E+001
1.52000000E+003, 2.31139156E+001
1.52250000E+003, 2.32302056E+001
1.52500000E+003, 2.32274146E+001
1.52750000E+003, 2.33282850E+001
1.53000000E+003, 2.35434427E+001
1.53250000E+003, 2.37259897E+001
1.53500000E+003, 2.37978747E+001
1.53750000E+003, 2.40837403E+001
1.54000000E+003, 2.40585404E+001
1.54250000E+003, 2.42471638E+001
1.54500000E+003, 2.44210592E+001
1.54750000E+003, 2.45224506E+001
1.55000000E+003, 2.47160610E+001
1.55250000E+003, 2.48880530E+001
1.55500000E+003, 2.50149683E+001
1.55750000E+003, 2.52293235E+001
1.56000000E+003, 2.51805271E+001
1.56250000E+003, 2.52988674E+001
1.56500000E+003, 2.55327293E+001
1.56750000E+003, 2.56931435E+001
1.57000000E+003, 2.58351986E+001
1.57250000E+003, 2.59508395E+001
1.57500000E+003, 2.61737308E+001
1.57750000E+003, 2.61458091E+001
1.58000000E+003, 2.63117428E+001
1.58250000E+003, 2.64783145E+001
1.58500000E+003, 2.66266816E+001
1.58750000E+003, 2.67250444E+001
1.59000000E+003, 2.69623517E+001
1.59250000E+003, 2.69877855E+001
1.59500000E+003, 2.72702709E+001
1.59750000E+003, 2.73747539E+001
1.60000000E+003, 2.74380058E+001
1.60250000E+003, 2.75968444E+001
1.60500000E+003, 2.77316415E+001
1.60750000E+003, 2.79885848E+001
1.61000000E+003, 2.80283905E+001
1.61250000E+003, 2.81442193E+001
1.61500000E+003, 2.82734269E+001
1.61750000E+003, 2.85031449E+001
1.62000000E+003, 2.86362425E+001
1.62250000E+003, 2.87807010E+001
1.62500000E+003, 2.88145470E+001
1.62750000E+003, 2.91256317E+001
1.63000000E+003, 2.91310482E+001
1.63250000E+003, 2.92952906E+001
1.63500000E+003, 2.94845947E+001
1.63750000E+003, 2.97369592E+001
1.64000000E+003, 2.97230303E+001
1.64250000E+003, 2.99712932E+001
1.64500000E+003, 3.01962706E+001
1.64750000E+003, 3.02528341E+001
1.65000000E+003, 3.05044971E+001
1.65250000E+003, 3.05564565E+001
1.65500000E+003, 3.07470843E+001
1.65750000E+003, 3.09111448E+001
1.66000000E+003, 3.10129857E+001
1.66250000E+003, 3.12156806E+001
1.66500000E+003, 3.14380327E+001
1.66750000E+003, 3.16425684E+001
1.67000000E+003, 3.17816134E+001
1.67250000E+003, 3.18940247E+001
1.67500000E+003, 3.21697130E+001
1.67750000E+003, 3.22372217E+001
1.68000000E+003, 3.24383786E+001
1.68250000E+003, 3.25369254E+001
1.68500000E+003, 3.27811646E+001
1.68750000E+003, 3.29506420E+001
1.69000000E+003, 3.31710552E+001
1.69250000E+003, 3.32294836E+001
1.69500000E+003, 3.35807745E+001
1.69750000E+003, 3.37100663E+001
1.70000000E+003, 3.38511005E+001
1.70250000E+003, 3.40815704E+001
1.70500000E+003, 3.43481449E+001
1.70750000E+003, 3.45730967E+001
1.71000000E+003, 3.47741312E+001
1.71250000E+003, 3.49492676E+001
1.71500000E+003, 3.51552355E+001
1.71750000E+003, 3.53730727E+001
1.72000000E+003, 3.55708276E+001
1.72250000E+003, 3.58166213E+001
1.72500000E+003, 3.60311373E+001
1.72750000E+003, 3.61830224E+001
1.73000000E+003, 3.64389358E+001
1.73250000E+003, 3.65476985E+001
1.73500000E+003, 3.68453825E+001
1.73750000E+003, 3.70787435E+001
1.74000000E+003, 3.73642203E+001
1.74250000E+003, 3.75837987E+001
1.74500000E+003, 3.78223181E+001
1.74750000E+003, 3.81202906E+001
1.75000000E+003, 3.84569908E+001
1.75250000E+003, 3.86792054E+001
1.75500000E+003, 3.90168134E+001
1.75750000E+003, 3.92879068E+001
1.76000000E+003, 3.95659079E+001
1.76250000E+003, 3.98839995E+001
1.76500000E+003, 4.02499058E+001
1.76750000E+003, 4.06144777E+001
1.77000000E+003, 4.08930504E+001
1.77250000E+003, 4.13524614E+001
1.77500000E+003, 4.16372707E+001
1.77750000E+003, 4.20058679E+001
1.78000000E+003, 4.24718504E+001
1.78250000E+003, 4.27739914E+001
1.78500000E+003, 4.32769187E+001
1.78750000E+003, 4.37040368E+001
1.79000000E+003, 4.41747156E+001
1.79250000E+003, 4.45941546E+001
1.79500000E+003, 4.49969935E+001
1.79750000E+003, 4.60852708E+001
1.80000000E+003, 4.70650759E+001
1.80250000E+003, 4.77162858E+001
1.80500000E+003, 4.86452364E+001
1.80750000E+003, 4.96147408E+001
1.81000000E+003, 5.09100655E+001
1.81250000E+003, 5.24781528E+001
1.81500000E+003, 5.45917411E+001
1.81750000E+003, 5.74319981E+001
1.82000000E+003, 6.19057498E+001
1.82250000E+003, 6.57860171E+001
1.82500000E+003, 5.85388012E+001
1.82750000E+003, 5.23041423E+001
1.83000000E+003, 4.69781556E+001
1.83250000E+003, 4.07371663E+001
1.83500000E+003, 3.29816524E+001
1.83750000E+003, 4.95552112E+001
1.84000000E+003, 4.48865792E+001
1.84250000E+003, 3.36062503E+001
1.84500000E+003, 2.11788296E+001
1.84750000E+003, 3.44861734E+001
1.85000000E+003, 3.90954091E+001
1.85250000E+003, 4.18896420E+001
1.85500000E+003, 4.42356572E+001
1.85750000E+003, 4.62463881E+001
1.86000000E+003, 4.81083914E+001
1.86250000E+003, 4.99162480E+001
1.86500000E+003, 5.16933547E+001
1.86750000E+003, 5.36465284E+001
1.87000000E+003, 5.58128898E+001
1.87250000E+003, 5.83557644E+001
1.87500000E+003, 6.15364710E+001
1.87750000E+003, 6.55609613E+001
1.88000000E+003, 6.96459331E+001
1.88250000E+003, 6.86802914E+001
1.88500000E+003, 6.43964946E+001
1.88750000E+003, 6.12587740E+001
1.89000000E+003, 5.89629499E+001
1.89250000E+003, 5.71371257E+001
1.89500000E+003, 5.57253062E+001
1.89750000E+003, 5.45264482E+001
1.90000000E+003, 5.35054437E+001
1.90250000E+003, 5.25226613E+001
1.90500000E+003, 5.17738308E+001
1.90750000E+003, 5.11332885E+001
1.91000000E+003, 5.05020180E+001
1.91250000E+003, 4.98508357E+001
1.91500000E+003, 4.93751766E+001
1.91750000E+003, 4.88534421E+001
1.92000000E+003, 4.84319203E+001
1.92250000E+003, 4.80269306E+001
1.92500000E+003, 4.76455500E+001
1.92750000E+003, 4.72389986E+001
1.93000000E+003, 4.69106822E+001
1.93250000E+003, 4.66086026E+001
1.93500000E+003, 4.63098203E+001
1.93750000E+003, 4.60964355E+001
1.94000000E+003, 4.57602066E+001
1.94250000E+003, 4.55220603E+001
1.94500000E+003, 4.52636558E+001
1.94750000E+003, 4.49723968E+001
1.95000000E+003, 4.47734561E+001
1.95250000E+003, 4.45854313E+001
1.95500000E+003, 4.44649967E+001
1.95750000E+003, 4.42295062E+001
1.96000000E+003, 4.41105546E+001
1.96250000E+003, 4.39681073E+001
1.96500000E+003, 4.38247478E+001
1.96750000E+003, 4.36942413E+001
1.97000000E+003, 4.36629466E+001
1.97250000E+003, 4.36255142E+001
1.97500000E+003, 4.36320045E+001
1.97750000E+003, 4.37991624E+001
1.98000000E+003, 4.41777750E+001
1.98250000E+003, 4.53894316E+001
1.98500000E+003, 4.39933298E+001
1.98750000E+003, 3.84965777E+001
1.99000000E+003, 3.97732882E+001
1.99250000E+003, 4.03364389E+001
1.99500000E+003, 4.06085757E+001
1.99750000E+003, 4.06293865E+001
2.00000000E+003, 4.07312078E+001
2.00250000E+003, 4.06893771E+001
2.00500000E+003, 4.06591665E+001
2.00750000E+003, 4.06178038E+001
2.01000000E+003, 4.05741951E+001
2.01250000E+003, 4.04954534E+001
2.01500000E+003, 4.04394739E+001
2.01750000E+003, 4.03698328E+001
2.02000000E+003, 4.04004561E+001
2.02250000E+003, 4.03844031E+001
2.02500000E+003, 4.02260849E+001
2.02750000E+003, 4.01677214E+001
2.03000000E+003, 4.00934373E+001
2.03250000E+003, 4.00063804E+001
2.03500000E+003, 3.99937168E+001
2.03750000E+003, 3.99871056E+001
2.04000000E+003, 3.98346674E+001
2.04250000E+003, 3.98240454E+001
2.04500000E+003, 3.98690319E+001
2.04750000E+003, 3.97770780E+001
2.05000000E+003, 3.96720430E+001
2.05250000E+003, 3.96148417E+001
2.05500000E+003, 3.95886435E+001
2.05750000E+003, 3.96434523E+001
2.06000000E+003, 3.95322788E+001
2.06250000E+003, 3.95396698E+001
2.06500000E+003, 3.93941024E+001
2.06750000E+003, 3.94219879E+001
2.07000000E+003, 3.94261467E+001
2.07250000E+003, 3.93140294E+001
2.07500000E+003, 3.93317893E+001
2.07750000E+003, 3.93228466E+001
2.08000000E+003, 3.92292080E+001
2.08250000E+003, 3.91976931E+001
2.08500000E+003, 3.91940617E+001
2.08750000E+003, 3.92127537E+001
2.09000000E+003, 3.90680416E+001
2.09250000E+003, 3.91898887E+001
2.09500000E+003, 3.91052793E+001
2.09750000E+003, 3.90801043E+001
2.10000000E+003, 3.90165998E+001
2.10250000E+003, 3.90517649E+001
2.10500000E+003, 3.90517314E+001
2.10750000E+003, 3.90010933E+001
2.11000000E+003, 3.90272785E+001
2.11250000E+003, 3.90151209E+001
2.11500000E+003, 3.90295420E+001
2.11750000E+003, 3.89872623E+001
2.12000000E+003, 3.89697704E+001
2.12250000E+003, 3.89790381E+001
2.12500000E+003, 3.89771226E+001
2.12750000E+003, 3.89401204E+001
2.13000000E+003, 3.89927511E+001
2.13250000E+003, 3.89285121E+001
2.13500000E+003, 3.90644674E+001
2.13750000E+003, 3.90736997E+001
2.14000000E+003, 3.90023417E+001
2.14250000E+003, 3.90665882E+001
2.14500000E+003, 3.90367845E+001
2.14750000E+003, 3.90289702E+001
2.15000000E+003, 3.90534052E+001
2.15250000E+003, 3.90519206E+001
2.15500000E+003, 3.90650878E+001
2.15750000E+003, 3.90347102E+001
2.16000000E+003, 3.90876832E+001
2.16250000E+003, 3.91796067E+001
2.16500000E+003, 3.91852501E+001
2.16750000E+003, 3.92466980E+001
2.17000000E+003, 3.91282145E+001
2.17250000E+003, 3.92605220E+001
2.17500000E+003, 3.92182364E+001
2.17750000E+003, 3.93549137E+001
2.18000000E+003, 3.93308018E+001
2.18250000E+003, 3.94584806E+001
2.18500000E+003, 3.93908512E+001
2.18750000E+003, 3.95144116E+001
2.19000000E+003, 3.94690177E+001
2.19250000E+003, 3.96119966E+001
2.19500000E+003, 3.96647759E+001
2.19750000E+003, 3.97414089E+001
2.20000000E+003, 3.96940167E+001
2.20250000E+003, 3.98386026E+001
2.20500000E+003, 3.98197381E+001
2.20750000E+003, 3.99230260E+001
2.21000000E+003, 3.99271304E+001
2.21250000E+003, 4.01231863E+001
2.21500000E+003, 4.02102010E+001
2.21750000E+003, 4.02048413E+001
2.22000000E+003, 4.03027161E+001
2.22250000E+003, 4.03420288E+001
2.22500000E+003, 4.05340208E+001
2.22750000E+003, 4.06011342E+001
2.23000000E+003, 4.07608864E+001
2.23250000E+003, 4.08807792E+001
2.23500000E+003, 4.08818843E+001
2.23750000E+003, 4.10516047E+001
2.24000000E+003, 4.12116514E+001
2.24250000E+003, 4.13753516E+001
2.24500000E+003, 4.14530635E+001
2.24750000E+003, 4.15385034E+001
2.25000000E+003, 4.16474330E+001
2.25250000E+003, 4.18034692E+001
2.25500000E+003, 4.19923136E+001
2.25750000E+003, 4.21666620E+001
2.26000000E+003, 4.23146491E+001
2.26250000E+003, 4.25220453E+001
2.26500000E+003, 4.27746613E+001
2.26750000E+003, 4.29374006E+001
2.27000000E+003, 4.31338692E+001
2.27250000E+003, 4.33353449E+001
2.27500000E+003, 4.35238578E+001
2.27750000E+003, 4.37717412E+001
2.28000000E+003, 4.39825828E+001
2.28250000E+003, 4.42918786E+001
2.28500000E+003, 4.45719278E+001
2.28750000E+003, 4.48748524E+001
2.29000000E+003, 4.51763969E+001
2.29250000E+003, 4.55153629E+001
2.29500000E+003, 4.58404649E+001
2.29750000E+003, 4.62248602E+001
2.30000000E+003, 4.66523445E+001
2.30250000E+003, 4.71021236E+001
2.30500000E+003, 4.74937043E+001
2.30750000E+003, 4.81050752E+001
2.31000000E+003, 4.85951919E+001
2.31250000E+003, 4.91498589E+001
2.31500000E+003, 4.97364277E+001
2.31750000E+003, 5.05032017E+001
2.32000000E+003, 5.11509357E+001
2.32250000E+003, 5.19528174E+001
2.32500000E+003, 5.26488811E+001
2.32750000E+003, 5.33184674E+001
2.33000000E+003, 5.40846403E+001
2.33250000E+003, 5.44203368E+001
2.33500000E+003, 5.45367841E+001
2.33750000E+003, 5.43137397E+001
2.34000000E+003, 5.37317795E+001
2.34250000E+003, 5.28417114E+001
2.34500000E+003, 5.19160020E+001
2.34750000E+003, 5.08819727E+001
2.35000000E+003, 4.98176302E+001
2.35250000E+003, 4.87677051E+001
2.35500000E+003, 4.77070445E+001
2.35750000E+003, 4.68290362E+001
2.36000000E+003, 4.59303533E+001
2.36250000E+003, 4.51102117E+001
2.36500000E+003, 4.42969981E+001
2.36750000E+003, 4.35084935E+001
2.37000000E+003, 4.27334016E+001
2.37250000E+003, 4.20113292E+001
2.37500000E+003, 4.12885653E+001
2.37750000E+003, 4.05869068E+001
2.38000000E+003, 4.00064422E+001
2.38250000E+003, 3.93319862E+001
2.38500000E+003, 3.87835273E+001
2.38750000E+003, 3.82579404E+001
2.39000000E+003, 3.76968052E+001
2.39250000E+003, 3.70385257E+001
2.39500000E+003, 3.64400950E+001
2.39750000E+003, 3.59444680E+001
2.40000000E+003, 3.53514337E+001
2.40250000E+003, 3.48671402E+001
2.40500000E+003, 3.43524731E+001
2.40750000E+003, 3.38066569E+001
2.41000000E+003, 3.33231422E+001
2.41250000E+003, 3.26371675E+001
2.41500000E+003, 3.21711712E+001
2.41750000E+003, 3.16110713E+001
2.42000000E+003, 3.10639838E+001
2.42250000E+003, 3.01624015E+001
2.42500000E+003, 2.93191477E+001
2.42750000E+003, 2.80352867E+001
2.43000000E+003, 2.64924317E+001
2.43250000E+003, 2.48621244E+001
2.43500000E+003, 2.35916580E+001
2.43750000E+003, 2.25188670E+001
2.44000000E+003, 2.18349227E+001
2.44250000E+003, 2.12305230E+001
2.44500000E+003, 2.05393223E+001
2.44750000E+003, 1.97820162E+001
2.45000000E+003, 1.92183212E+001
2.45250000E+003, 1.80135463E+001
2.45500000E+003, 1.73647665E+001
2.45750000E+003, 1.64894802E+001
2.46000000E+003, 1.55692465E+001
2.46250000E+003, 1.47375641E+001
2.46500000E+003, 1.35637747E+001
2.46750000E+003, 1.28305647E+001
2.47000000E+003, 1.12677242E+001
2.47250000E+003, 1.05076011E+001
2.47500000E+003, 1.04886642E+001
2.47750000E+003, 1.01107430E+001
2.48000000E+003, 1.00455167E+001
2.48250000E+003, 1.12465326E+001
2.48500000E+003, 1.24957196E+001
2.48750000E+003, 1.29187754E+001
2.49000000E+003, 1.42239753E+001
2.49250000E+003, 1.55381980E+001
2.49500000E+003, 1.56338455E+001
2.49750000E+003, 1.67436219E+001
2.50000000E+003, 1.71753637E+001
2.50250000E+003, 1.79901737E+001
2.50500000E+003, 1.83772401E+001
2.50750000E+003, 1.90098611E+001
2.51000000E+003, 1.91188213E+001
2.51250000E+003, 1.97278408E+001
2.51500000E+003, 2.04079559E+001
2.51750000E+003, 2.06249359E+001
2.52000000E+003, 2.09224844E+001
2.52250000E+003, 2.13381710E+001
2.52500000E+003, 2.15081896E+001
2.52750000E+003, 2.21483330E+001
2.53000000E+003, 2.26038608E+001
2.53250000E+003, 2.23665305E+001
2.53500000E+003, 2.31504182E+001
2.53750000E+003, 2.33531594E+001
2.54000000E+003, 2.34627980E+001
2.54250000E+003, 2.39156691E+001
2.54500000E+003, 2.39113166E+001
2.54750000E+003, 2.42035192E+001
2.55000000E+003, 2.43350727E+001
2.55250000E+003, 2.46826947E+001
2.55500000E+003, 2.48247531E+001
2.55750000E+003, 2.52053882E+001
2.56000000E+003, 2.49694138E+001
2.56250000E+003, 2.53023719E+001
2.56500000E+003, 2.53690679E+001
2.56750000E+003, 2.56953653E+001
2.57000000E+003, 2.59106546E+001
2.57250000E+003, 2.60992133E+001
2.57500000E+003, 2.60346769E+001
2.57750000E+003, 2.59201141E+001
2.58000000E+003, 2.64224912E+001
2.58250000E+003, 2.65035229E+001
2.58500000E+003, 2.64907538E+001
2.58750000E+003, 2.67244668E+001
2.59000000E+003, 2.67545477E+001
2.59250000E+003, 2.69318909E+001
2.59500000E+003, 2.70787701E+001
2.59750000E+003, 2.74657847E+001
2.60000000E+003, 2.73786965E+001
2.60250000E+003, 2.75756621E+001
2.60500000E+003, 2.77313465E+001
2.60750000E+003, 2.80404217E+001
2.61000000E+003, 2.81102086E+001
2.61250000E+003, 2.80516265E+001
2.61500000E+003, 2.81061437E+001
2.61750000E+003, 2.81407108E+001
2.62000000E+003, 2.82998724E+001
2.62250000E+003, 2.84260905E+001
2.62500000E+003, 2.86491925E+001
2.62750000E+003, 2.85352206E+001
2.63000000E+003, 2.88011558E+001
2.63250000E+003, 2.88132422E+001
2.63500000E+003, 2.89784235E+001
2.63750000E+003, 2.90898653E+001
2.64000000E+003, 2.91241068E+001
2.64250000E+003, 2.93598696E+001
2.64500000E+003, 2.93219467E+001
2.64750000E+003, 2.93142758E+001
2.65000000E+003, 2.95619288E+001
2.65250000E+003, 2.95872832E+001
2.65500000E+003, 2.96614993E+001
2.65750000E+003, 2.98017773E+001
2.66000000E+003, 2.98402528E+001
2.66250000E+003, 2.99080427E+001
2.66500000E+003, 2.99940976E+001
2.66750000E+003, 2.99281983E+001
2.67000000E+003, 3.01196877E+001
2.67250000E+003, 3.01154314E+001
2.67500000E+003, 3.03256722E+001
2.67750000E+003, 3.04476042E+001
2.68000000E+003, 3.04634939E+001
2.68250000E+003, 3.06245643E+001
2.68500000E+003, 3.05720502E+001
2.68750000E+003, 3.07607705E+001
2.69000000E+003, 3.06834728E+001
2.69250000E+003, 3.08471436E+001
2.69500000E+003, 3.08870805E+001
2.69750000E+003, 3.09947030E+001
2.70000000E+003, 3.09838183E+001
2.70250000E+003, 3.10934039E+001
2.70500000E+003, 3.13098951E+001
2.70750000E+003, 3.12912820E+001
2.71000000E+003, 3.14166216E+001
2.71250000E+003, 3.13198965E+001
2.71500000E+003, 3.14339866E+001
2.71750000E+003, 3.15554597E+001
2.72000000E+003, 3.16602862E+001
2.72250000E+003, 3.15682390E+001
2.72500000E+003, 3.17809429E+001
2.72750000E+003, 3.18706466E+001
2.73000000E+003, 3.18074949E+001
2.73250000E+003, 3.18564157E+001
2.73500000E+003, 3.21236749E+001
2.73750000E+003, 3.21092696E+001
2.74000000E+003, 3.22646135E+001
2.74250000E+003, 3.23000668E+001
2.74500000E+003, 3.23593206E+001
2.74750000E+003, 3.25067755E+001
2.75000000E+003, 3.24897029E+001
2.75250000E+003, 3.26866494E+001
2.75500000E+003, 3.26639057E+001
2.75750000E+003, 3.28247989E+001
2.76000000E+003, 3.28322593E+001
2.76250000E+003, 3.30142954E+001
2.76500000E+003, 3.30062793E+001
2.76750000E+003, 3.31603975E+001
2.77000000E+003, 3.32810489E+001
2.77250000E+003, 3.33348540E+001
2.77500000E+003, 3.34757808E+001
2.77750000E+003, 3.36049616E+001
2.78000000E+003, 3.37562973E+001
2.78250000E+003, 3.38783700E+001
2.78500000E+003, 3.40448752E+001
2.78750000E+003, 3.40508190E+001
2.79000000E+003, 3.43124201E+001
2.79250000E+003, 3.44173455E+001
2.79500000E+003, 3.47271753E+001
2.79750000E+003, 3.50035917E+001
2.80000000E+003, 3.53278140E+001
2.80250000E+003, 3.56550681E+001
2.80500000E+003, 3.61161854E+001
2.80750000E+003, 3.67893727E+001
2.81000000E+003, 3.76312911E+001
2.81250000E+003, 3.90836230E+001
2.81500000E+003, 4.16331366E+001
2.81750000E+003, 4.76028162E+001
2.82000000E+003, 3.96491548E+001
2.82250000E+003, 2.49295084E+001
2.82500000E+003, 1.97256792E+001
2.82750000E+003, 2.56414735E+001
2.83000000E+003, 2.83110426E+001
2.83250000E+003, 2.95539866E+001
2.83500000E+003, 3.05531883E+001
2.83750000E+003, 3.09169662E+001
2.84000000E+003, 3.14811456E+001
2.84250000E+003, 3.17368702E+001
2.84500000E+003, 3.19035899E+001
2.84750000E+003, 3.21730035E+001
2.85000000E+003, 3.24588819E+001
2.85250000E+003, 3.27661061E+001
2.85500000E+003, 3.29029066E+001
2.85750000E+003, 3.30680363E+001
2.86000000E+003, 3.31006184E+001
2.86250000E+003, 3.34277364E+001
2.86500000E+003, 3.34659443E+001
2.86750000E+003, 3.35956982E+001
2.87000000E+003, 3.37200743E+001
2.87250000E+003, 3.37629705E+001
2.87500000E+003, 3.38485780E+001
2.87750000E+003, 3.41451298E+001
2.88000000E+003, 3.42643354E+001
2.88250000E+003, 3.43452906E+001
2.88500000E+003, 3.43979212E+001
2.88750000E+003, 3.44937213E+001
2.89000000E+003, 3.46145903E+001
2.89250000E+003, 3.47896401E+001
2.89500000E+003, 3.47986083E+001
2.89750000E+003, 3.47592913E+001
2.90000000E+003, 3.50064515E+001
2.90250000E+003, 3.50995546E+001
2.90500000E+003, 3.52162012E+001
2.90750000E+003, 3.52979638E+001
2.91000000E+003, 3.53437261E+001
2.91250000E+003, 3.55221514E+001
2.91500000E+003, 3.56787171E+001
2.91750000E+003, 3.58465830E+001
2.92000000E+003, 3.59847669E+001
2.92250000E+003, 3.62056449E+001
2.92500000E+003, 3.62069884E+001
2.92750000E+003, 3.67796316E+001
2.93000000E+003, 3.73420421E+001
2.93250000E+003, 3.80417835E+001
2.93500000E+003, 3.36508740E+001
2.93750000E+003, 3.46205982E+001
2.94000000E+003, 3.51779347E+001
2.94250000E+003, 3.55147290E+001
2.94500000E+003, 3.57161917E+001
2.94750000E+003, 3.58965063E+001
2.95000000E+003, 3.60078881E+001
2.95250000E+003, 3.62625137E+001
2.95500000E+003, 3.63631327E+001
2.95750000E+003, 3.64318931E+001
2.96000000E+003, 3.65808475E+001
2.96250000E+003, 3.66497224E+001
2.96500000E+003, 3.66780373E+001
2.96750000E+003, 3.67837956E+001
2.97000000E+003, 3.70454005E+001
2.97250000E+003, 3.70559137E+001
2.97500000E+003, 3.70984590E+001
2.97750000E+003, 3.71293917E+001
2.98000000E+003, 3.73085984E+001
2.98250000E+003, 3.74107781E+001
2.98500000E+003, 3.74592360E+001
2.98750000E+003, 3.75538711E+001
2.99000000E+003, 3.76002112E+001
2.99250000E+003, 3.77339321E+001
2.99500000E+003, 3.77531500E+001
2.99750000E+003, 3.77958966E+001
3.00000000E+003, 3.80228097E+001
3.00250000E+003, 3.80705969E+001
3.00500000E+003, 3.81633751E+001
3.00750000E+003, 3.83323302E+001
3.01000000E+003, 3.83314406E+001
3.01250000E+003, 3.84154582E+001
3.01500000E+003, 3.84461583E+001
3.01750000E+003, 3.86042820E+001
3.02000000E+003, 3.86315263E+001
3.02250000E+003, 3.87286135E+001
3.02500000E+003, 3.87891449E+001
3.02750000E+003, 3.89027670E+001
3.03000000E+003, 3.90075293E+001
3.03250000E+003, 3.91333535E+001
3.03500000E+003, 3.92284462E+001
3.03750000E+003, 3.92692150E+001
3.04000000E+003, 3.93033022E+001
3.04250000E+003, 3.94143849E+001
3.04500000E+003, 3.95398896E+001
3.04750000E+003, 3.96772600E+001
3.05000000E+003, 3.96570236E+001
3.05250000E+003, 3.98542472E+001
3.05500000E+003, 3.98498670E+001
3.05750000E+003, 4.00351102E+001
3.06000000E+003, 4.01018898E+001
3.06250000E+003, 4.01820326E+001
3.06500000E+003, 4.02526749E+001
3.06750000E+003, 4.03394507E+001
3.07000000E+003, 4.04464337E+001
3.07250000E+003, 4.05897569E+001
3.07500000E+003, 4.06560765E+001
3.07750000E+003, 4.07314199E+001
3.08000000E+003, 4.08784035E+001
3.08250000E+003, 4.08844086E+001
3.08500000E+003, 4.11269077E+001
3.08750000E+003, 4.12412229E+001
3.09000000E+003, 4.12159225E+001
3.09250000E+003, 4.13923758E+001
3.09500000E+003, 4.14487624E+001
3.09750000E+003, 4.16439753E+001
3.10000000E+003, 4.16397229E+001
3.10250000E+003, 4.17774639E+001
3.10500000E+003, 4.19501454E+001
3.10750000E+003, 4.19725034E+001
3.11000000E+003, 4.20930034E+001
3.11250000E+003, 4.22188242E+001
3.11500000E+003, 4.23046763E+001
3.11750000E+003, 4.25256188E+001
3.12000000E+003, 4.25672986E+001
3.12250000E+003, 4.27771081E+001
3.12500000E+003, 4.28697124E+001
3.12750000E+003, 4.30587159E+001
3.13000000E+003, 4.30134017E+001
3.13250000E+003, 4.31704283E+001
3.13500000E+003, 4.34261122E+001
3.13750000E+003, 4.35223137E+001
3.14000000E+003, 4.35838250E+001
3.14250000E+003, 4.37948055E+001
3.14500000E+003, 4.39148804E+001
3.14750000E+003, 4.42255518E+001
3.15000000E+003, 4.42591811E+001
3.15250000E+003, 4.44121888E+001
3.15500000E+003, 4.46088419E+001
3.15750000E+003, 4.45764338E+001
3.16000000E+003, 4.47247507E+001
3.16250000E+003, 4.50824691E+001
3.16500000E+003, 4.51834210E+001
3.16750000E+003, 4.53451597E+001
3.17000000E+003, 4.54919553E+001
3.17250000E+003, 4.56099171E+001
3.17500000E+003, 4.58118734E+001
3.17750000E+003, 4.60196579E+001
3.18000000E+003, 4.61324885E+001
3.18250000E+003, 4.62363228E+001
3.18500000E+003, 4.65017327E+001
3.18750000E+003, 4.67434063E+001
3.19000000E+003, 4.70588028E+001
3.19250000E+003, 4.72124978E+001
3.19500000E+003, 4.74412404E+001
3.19750000E+003, 4.78322340E+001
3.20000000E+003, 4.78803111E+001
3.20250000E+003, 4.80492636E+001
3.20500000E+003, 4.85100911E+001
3.20750000E+003, 4.88718691E+001
3.21000000E+003, 4.91932231E+001
3.21250000E+003, 4.93806367E+001
3.21500000E+003, 4.97770471E+001
3.21750000E+003, 5.01183106E+001
3.22000000E+003, 5.02575612E+001
3.22250000E+003, 5.11261869E+001
3.22500000E+003, 5.12016283E+001
3.22750000E+003, 5.17413975E+001
3.23000000E+003, 5.18814778E+001
3.23250000E+003, 5.26796557E+001
3.23500000E+003, 5.31271011E+001
3.23750000E+003, 5.36738592E+001
3.24000000E+003, 5.42600215E+001
3.24250000E+003, 5.51911742E+001
3.24500000E+003, 5.58484064E+001
3.24750000E+003, 5.65353404E+001
3.25000000E+003, 5.75627254E+001
3.25250000E+003, 5.86833161E+001
3.25500000E+003, 6.01204053E+001
3.25750000E+003, 6.14733250E+001
3.26000000E+003, 6.36583986E+001
3.26250000E+003, 6.59901118E+001
3.26500000E+003, 6.91515404E+001
3.26750000E+003, 7.13524711E+001
3.27000000E+003, 7.02569021E+001
3.27250000E+003, 6.67390469E+001
3.27500000E+003, 6.36054944E+001
3.27750000E+003, 6.10778596E+001
3.28000000E+003, 5.89573489E+001
3.28250000E+003, 5.71794487E+001
3.28500000E+003, 5.55500624E+001
3.28750000E+003, 5.40043623E+001
3.29000000E+003, 5.27880903E+001
3.29250000E+003, 5.13891033E+001
3.29500000E+003, 5.03786978E+001
3.29750000E+003, 4.93895972E+001
3.30000000E+003, 4.81626953E+001
3.30250000E+003, 4.71136744E+001
3.30500000E+003, 4.61821526E+001
3.30750000E+003, 4.50906605E+001
3.31000000E+003, 4.41637078E+001
3.31250000E+003, 4.29517253E+001
3.31500000E+003, 4.17279602E+001
3.31750000E+003, 4.06969656E+001
3.32000000E+003, 3.92224691E+001
3.32250000E+003, 3.78471850E+001
3.32500000E+003, 3.64919476E+001
3.32750000E+003, 3.42479090E+001
3.33000000E+003, 3.24742597E+001
3.33250000E+003, 2.94155607E+001
3.33500000E+003, 2.54280883E+001
3.33750000E+003, 2.26996896E+001
3.34000000E+003, 2.70866637E+001
3.34250000E+003, 3.18946735E+001
3.34500000E+003, 3.63157039E+001
3.34750000E+003, 4.11592869E+001
3.35000000E+003, 4.67476060E+001
3.35250000E+003, 4.19272986E+001
3.35500000E+003, 3.23085585E+001
3.35750000E+003, 2.64736422E+001
3.36000000E+003, 3.13230015E+001
3.36250000E+003, 3.51271510E+001
3.36500000E+003, 3.79193018E+001
3.36750000E+003, 4.01886715E+001
3.37000000E+003, 4.24154240E+001
3.37250000E+003, 4.46065866E+001
3.37500000E+003, 4.71540522E+001
3.37750000E+003, 5.06931768E+001
3.38000000E+003, 5.58369784E+001
3.38250000E+003, 6.00316770E+001
3.38500000E+003, 5.25426526E+001
3.38750000E+003, 4.69495703E+001
3.39000000E+003, 4.26507922E+001
3.39250000E+003, 3.86089567E+001
3.39500000E+003, 3.43161667E+001
3.39750000E+003, 2.94301797E+001
3.40000000E+003, 2.27949312E+001
3.40250000E+003, 2.28698515E+001
3.40500000E+003, 2.78594467E+001
3.40750000E+003, 3.10068936E+001
3.41000000E+003, 3.33031388E+001
3.41250000E+003, 3.50769354E+001
3.41500000E+003, 3.64967487E+001
3.41750000E+003, 3.76351409E+001
3.42000000E+003, 3.85329904E+001
3.42250000E+003, 3.94330913E+001
3.42500000E+003, 4.01494736E+001
3.42750000E+003, 4.09482485E+001
3.43000000E+003, 4.15682441E+001
3.43250000E+003, 4.21144127E+001
3.43500000E+003, 4.26404298E+001
3.43750000E+003, 4.32313144E+001
3.44000000E+003, 4.37681689E+001
3.44250000E+003, 4.42808238E+001
3.44500000E+003, 4.47795492E+001
3.44750000E+003, 4.51848633E+001
3.45000000E+003, 4.57803590E+001
3.45250000E+003, 4.61162674E+001
3.45500000E+003, 4.66392409E+001
3.45750000E+003, 4.68567793E+001
3.46000000E+003, 4.73744319E+001
3.46250000E+003, 4.77504118E+001
3.46500000E+003, 4.82233289E+001
3.46750000E+003, 4.87975859E+001
3.47000000E+003, 4.90628360E+001
3.47250000E+003, 4.94893649E+001
3.47500000E+003, 4.99399245E+001
3.47750000E+003, 5.03720129E+001
3.48000000E+003, 5.09367263E+001
3.48250000E+003, 5.13243796E+001
3.48500000E+003, 5.19474227E+001
3.48750000E+003, 5.23368300E+001
3.49000000E+003, 5.26051478E+001
3.49250000E+003, 5.32404106E+001
3.49500000E+003, 5.37807905E+001
3.49750000E+003, 5.41874872E+001
3.50000000E+003, 5.49324599E+001
3.50250000E+003, 5.54048323E+001
3.50500000E+003, 5.60400740E+001
3.50750000E+003, 5.65689269E+001
3.51000000E+003, 5.71595939E+001
3.51250000E+003, 5.79115214E+001
3.51500000E+003, 5.85886813E+001
3.51750000E+003, 5.94409142E+001
3.52000000E+003, 6.02564472E+001
3.52250000E+003, 6.10705883E+001
3.52500000E+003, 6.21226437E+001
3.52750000E+003, 6.28664113E+001
3.53000000E+003, 6.42191181E+001
3.53250000E+003, 6.53937871E+001
3.53500000E+003, 6.67356357E+001
3.53750000E+003, 6.79698533E+001
3.54000000E+003, 6.95556355E+001
3.54250000E+003, 7.06466442E+001
3.54500000E+003, 7.16806064E+001
3.54750000E+003, 7.16402624E+001
3.55000000E+003, 7.09086187E+001
3.55250000E+003, 6.96750403E+001
3.55500000E+003, 6.81862014E+001
3.55750000E+003, 6.71078277E+001
3.56000000E+003, 6.58207078E+001
3.56250000E+003, 6.46785282E+001
3.56500000E+003, 6.37063289E+001
3.56750000E+003, 6.29513804E+001
3.57000000E+003, 6.22997976E+001
3.57250000E+003, 6.12743404E+001
3.57500000E+003, 6.06035778E+001
3.57750000E+003, 5.99922058E+001
3.58000000E+003, 5.94770492E+001
3.58250000E+003, 5.92003089E+001
3.58500000E+003, 5.84768951E+001
3.58750000E+003, 5.81947286E+001
3.59000000E+003, 5.74981494E+001
3.59250000E+003, 5.68964242E+001
3.59500000E+003, 5.68031109E+001
3.59750000E+003, 5.65018032E+001
3.60000000E+003, 5.63109235E+001
3.60250000E+003, 5.56943650E+001
3.60500000E+003, 5.52242271E+001
3.60750000E+003, 5.49392734E+001
3.61000000E+003, 5.46970050E+001
3.61250000E+003, 5.43002434E+001
3.61500000E+003, 5.40974155E+001
3.61750000E+003, 5.39101592E+001
3.62000000E+003, 5.36222864E+001
3.62250000E+003, 5.33382485E+001
3.62500000E+003, 5.28923820E+001
3.62750000E+003, 5.27013683E+001
3.63000000E+003, 5.25628186E+001
3.63250000E+003, 5.23478025E+001
3.63500000E+003, 5.23205642E+001
3.63750000E+003, 5.19944688E+001
3.64000000E+003, 5.17782497E+001
3.64250000E+003, 5.15774487E+001
3.64500000E+003, 5.13552665E+001
3.64750000E+003, 5.11209474E+001
3.65000000E+003, 5.09847288E+001
3.65250000E+003, 5.06763693E+001
3.65500000E+003, 5.05723012E+001
3.65750000E+003, 5.05558714E+001
3.66000000E+003, 5.00349951E+001
3.66250000E+003, 5.00783309E+001
3.66500000E+003, 4.97224328E+001
3.66750000E+003, 4.95770581E+001
3.67000000E+003, 4.93919977E+001
3.67250000E+003, 4.91108358E+001
3.67500000E+003, 4.90622579E+001
3.67750000E+003, 4.88202772E+001
3.68000000E+003, 4.86806565E+001
3.68250000E+003, 4.83555706E+001
3.68500000E+003, 4.82230362E+001
3.68750000E+003, 4.79043730E+001
3.69000000E+003, 4.75587233E+001
3.69250000E+003, 4.74036775E+001
3.69500000E+003, 4.70117826E+001
3.69750000E+003, 4.66580239E+001
3.70000000E+003, 4.60477183E+001
3.70250000E+003, 4.57148478E+001
3.70500000E+003, 4.49071949E+001
3.70750000E+003, 4.38353855E+001
3.71000000E+003, 4.21033096E+001
3.71250000E+003, 3.92893881E+001
3.71500000E+003, 3.74557098E+001
3.71750000E+003, 4.64092606E+001
3.72000000E+003, 5.58329596E+001
3.72250000E+003, 5.73683277E+001
3.72500000E+003, 5.49694815E+001
3.72750000E+003, 5.31137786E+001
3.73000000E+003, 5.20271389E+001
3.73250000E+003, 5.12147438E+001
3.73500000E+003, 5.06099245E+001
3.73750000E+003, 5.03168577E+001
3.74000000E+003, 4.98852708E+001
3.74250000E+003, 4.95720324E+001
3.74500000E+003, 4.92280393E+001
3.74750000E+003, 4.91714831E+001
3.75000000E+003, 4.88173696E+001
3.75250000E+003, 4.85781690E+001
3.75500000E+003, 4.85126891E+001
3.75750000E+003, 4.82477037E+001
3.76000000E+003, 4.80957820E+001
3.76250000E+003, 4.78266781E+001
3.76500000E+003, 4.75349494E+001
3.76750000E+003, 4.69047092E+001
3.77000000E+003, 4.64200871E+001
3.77250000E+003, 4.91466340E+001
3.77500000E+003, 4.85254265E+001
3.77750000E+003, 4.80887393E+001
3.78000000E+003, 4.78423758E+001
3.78250000E+003, 4.78683219E+001
3.78500000E+003, 4.75542771E+001
3.78750000E+003, 4.75632502E+001
3.79000000E+003, 4.72228967E+001
3.79250000E+003, 4.71207618E+001
3.79500000E+003, 4.72019662E+001
3.79750000E+003, 4.71206827E+001
3.80000000E+003, 4.70962544E+001
3.80250000E+003, 4.70784488E+001
3.80500000E+003, 4.69075828E+001
3.80750000E+003, 4.67796399E+001
3.81000000E+003, 4.67699608E+001
3.81250000E+003, 4.66328957E+001
3.81500000E+003, 4.66483585E+001
3.81750000E+003, 4.65314344E+001
3.82000000E+003, 4.63842288E+001
3.82250000E+003, 4.63897900E+001
3.82500000E+003, 4.62543227E+001
3.82750000E+003, 4.62819333E+001
3.83000000E+003, 4.63041345E+001
3.83250000E+003, 4.61073866E+001
3.83500000E+003, 4.61570989E+001
3.83750000E+003, 4.59939641E+001
3.84000000E+003, 4.60957970E+001
3.84250000E+003, 4.60333708E+001
3.84500000E+003, 4.59012506E+001
3.84750000E+003, 4.58210093E+001
3.85000000E+003, 4.56813643E+001
3.85250000E+003, 4.57036706E+001
3.85500000E+003, 4.56196214E+001
3.85750000E+003, 4.56140697E+001
3.86000000E+003, 4.55025378E+001
3.86250000E+003, 4.57399517E+001
3.86500000E+003, 4.54523031E+001
3.86750000E+003, 4.55848690E+001
3.87000000E+003, 4.56671929E+001
3.87250000E+003, 4.54338699E+001
3.87500000E+003, 4.53484311E+001
3.87750000E+003, 4.51671944E+001
3.88000000E+003, 4.51663916E+001
3.88250000E+003, 4.53366732E+001
3.88500000E+003, 4.52344471E+001
3.88750000E+003, 4.53641797E+001
3.89000000E+003, 4.52101400E+001
3.89250000E+003, 4.52282753E+001
3.89500000E+003, 4.51179892E+001
3.89750000E+003, 4.51640418E+001
3.90000000E+003, 4.50921258E+001
3.90250000E+003, 4.49541985E+001
3.90500000E+003, 4.48605153E+001
3.90750000E+003, 4.48504381E+001
3.91000000E+003, 4.49180118E+001
3.91250000E+003, 4.51082510E+001
3.91500000E+003, 4.50326968E+001
3.91750000E+003, 4.49403278E+001
3.92000000E+003, 4.47553156E+001
3.92250000E+003, 4.48045874E+001
3.92500000E+003, 4.50275695E+001
3.92750000E+003, 4.46965631E+001
3.93000000E+003, 4.49871961E+001
3.93250000E+003, 4.44573826E+001
3.93500000E+003, 4.46351809E+001
3.93750000E+003, 4.47334747E+001
3.94000000E+003, 4.47010635E+001
3.94250000E+003, 4.48156674E+001
3.94500000E+003, 4.46764099E+001
3.94750000E+003, 4.45627023E+001
3.95000000E+003, 4.44923564E+001
3.95250000E+003, 4.45259911E+001
3.95500000E+003, 4.45740997E+001
3.95750000E+003, 4.46377393E+001
3.96000000E+003, 4.46046441E+001
3.96250000E+003, 4.45463227E+001
3.96500000E+003, 4.46035625E+001
3.96750000E+003, 4.48288915E+001
3.97000000E+003, 4.45492575E+001
3.97250000E+003, 4.46005375E+001
3.97500000E+003, 4.46592947E+001
3.97750000E+003, 4.44901287E+001
3.98000000E+003, 4.44475045E+001
3.98250000E+003, 4.46338968E+001
3.98500000E+003, 4.47019499E+001
3.98750000E+003, 4.45928503E+001
3.99000000E+003, 4.44587103E+001
3.99250000E+003, 4.45920301E+001
3.99500000E+003, 4.46008866E+001
3.99750000E+003, 4.46534215E+001
4.00000000E+003, 4.45822767E+001
