Label:, CH1-2: é¸îgêîâûìöä÷êî
DateTime:, Thu Feb 08 16:44:48 2018
DataKind:, CH1-2, FRF, Mag
DataPoints:, 1601
DataCalc:, H1
Frequency:, 0.000 , 4000.000, Hz
Sample:, 4096, Internal
Average:, 3, Power/Sum
Voltage(CH1):, -20.000, dBVrms
Voltage(CH2):, -10.000, dBVrms
EU/V(CH1):, 3.757E+001
EU/V(CH2):, 1.088E+003
Window(CH1):, Rect
Window(CH2):, Rect
X-AxisScale:, Lin
X-AxisUnit:, Hz
Y-AxisScale:, Log
Y-AxisUnit:, m/s2/N
Y-AxisMagniude:
0.00000000E+000, 3.51393978E+001
2.50000000E+000, 1.85263008E+000
5.00000000E+000, -5.60994485E-001
7.50000000E+000, 5.20950564E+000
1.00000000E+001, 5.80117228E+000
1.25000000E+001, -4.95643270E+000
1.50000000E+001, 6.41473365E+000
1.75000000E+001, 8.46851038E-001
2.00000000E+001, 6.88176903E+000
2.25000000E+001, 7.45278549E+000
2.50000000E+001, 5.34849780E+000
2.75000000E+001, 1.08995616E+001
3.00000000E+001, 6.24689493E+000
3.25000000E+001, 3.72785036E+000
3.50000000E+001, 8.39653742E+000
3.75000000E+001, 6.44010523E+000
4.00000000E+001, 3.94012821E+000
4.25000000E+001, 4.20908506E+000
4.50000000E+001, -2.67297666E+000
4.75000000E+001, 4.29336452E+000
5.00000000E+001, -8.54679060E+000
5.25000000E+001, -1.09581981E+001
5.50000000E+001, -6.92944961E+000
5.75000000E+001, 2.21597055E+000
6.00000000E+001, -5.79824208E+000
6.25000000E+001, 1.22933114E+000
6.50000000E+001, 9.33344190E-001
6.75000000E+001, 5.17258329E+000
7.00000000E+001, -6.68051540E-002
7.25000000E+001, -2.78112069E+000
7.50000000E+001, -6.13375407E+000
7.75000000E+001, 2.09624778E+000
8.00000000E+001, 7.94611219E+000
8.25000000E+001, 3.28210035E+000
8.50000000E+001, 4.87291699E+000
8.75000000E+001, 8.06124905E+000
9.00000000E+001, 8.66728755E+000
9.25000000E+001, 9.53193149E+000
9.50000000E+001, 1.25175571E+001
9.75000000E+001, 1.22803019E+001
1.00000000E+002, 1.27328167E+001
1.02500000E+002, 1.46516375E+001
1.05000000E+002, 1.52014598E+001
1.07500000E+002, 1.54627455E+001
1.10000000E+002, 1.66258550E+001
1.12500000E+002, 1.82050211E+001
1.15000000E+002, 2.05174344E+001
1.17500000E+002, 2.10457962E+001
1.20000000E+002, 2.27931881E+001
1.22500000E+002, 2.40423985E+001
1.25000000E+002, 2.58952177E+001
1.27500000E+002, 2.71808112E+001
1.30000000E+002, 2.93036725E+001
1.32500000E+002, 3.19677580E+001
1.35000000E+002, 3.48193669E+001
1.37500000E+002, 3.80888248E+001
1.40000000E+002, 4.27632225E+001
1.42500000E+002, 5.57971230E+001
1.45000000E+002, 4.71935800E+001
1.47500000E+002, 4.13500294E+001
1.50000000E+002, 3.64308508E+001
1.52500000E+002, 3.50532502E+001
1.55000000E+002, 3.30386803E+001
1.57500000E+002, 3.09839730E+001
1.60000000E+002, 2.96042789E+001
1.62500000E+002, 2.88313804E+001
1.65000000E+002, 2.83478754E+001
1.67500000E+002, 2.72464022E+001
1.70000000E+002, 2.65298676E+001
1.72500000E+002, 2.62830553E+001
1.75000000E+002, 2.58723210E+001
1.77500000E+002, 2.54567553E+001
1.80000000E+002, 2.49671095E+001
1.82500000E+002, 2.48365397E+001
1.85000000E+002, 2.47852237E+001
1.87500000E+002, 2.39904634E+001
1.90000000E+002, 2.39626540E+001
1.92500000E+002, 2.40598002E+001
1.95000000E+002, 2.39584953E+001
1.97500000E+002, 2.35402659E+001
2.00000000E+002, 2.31476118E+001
2.02500000E+002, 2.29690563E+001
2.05000000E+002, 2.32239616E+001
2.07500000E+002, 2.26615140E+001
2.10000000E+002, 2.26474816E+001
2.12500000E+002, 2.25011141E+001
2.15000000E+002, 2.23300022E+001
2.17500000E+002, 2.23298665E+001
2.20000000E+002, 2.23296569E+001
2.22500000E+002, 2.19492201E+001
2.25000000E+002, 2.18906310E+001
2.27500000E+002, 2.22479307E+001
2.30000000E+002, 2.19670872E+001
2.32500000E+002, 2.14812728E+001
2.35000000E+002, 2.14131334E+001
2.37500000E+002, 2.12436753E+001
2.40000000E+002, 2.13947582E+001
2.42500000E+002, 2.09414562E+001
2.45000000E+002, 2.08334528E+001
2.47500000E+002, 2.08956141E+001
2.50000000E+002, 2.09530724E+001
2.52500000E+002, 2.05051022E+001
2.55000000E+002, 2.10337650E+001
2.57500000E+002, 2.06787109E+001
2.60000000E+002, 2.06978558E+001
2.62500000E+002, 2.07849909E+001
2.65000000E+002, 2.08019129E+001
2.67500000E+002, 2.10777056E+001
2.70000000E+002, 2.04954655E+001
2.72500000E+002, 2.09413084E+001
2.75000000E+002, 2.07925753E+001
2.77500000E+002, 2.02611377E+001
2.80000000E+002, 2.06878390E+001
2.82500000E+002, 2.04439809E+001
2.85000000E+002, 2.05119691E+001
2.87500000E+002, 2.00465560E+001
2.90000000E+002, 2.07270918E+001
2.92500000E+002, 2.03634023E+001
2.95000000E+002, 2.02422883E+001
2.97500000E+002, 2.02613430E+001
3.00000000E+002, 2.05232245E+001
3.02500000E+002, 2.02965623E+001
3.05000000E+002, 1.98534987E+001
3.07500000E+002, 2.07161657E+001
3.10000000E+002, 2.00107304E+001
3.12500000E+002, 2.00842599E+001
3.15000000E+002, 2.03915817E+001
3.17500000E+002, 2.02631809E+001
3.20000000E+002, 2.00377376E+001
3.22500000E+002, 2.00726285E+001
3.25000000E+002, 1.99910874E+001
3.27500000E+002, 1.98207490E+001
3.30000000E+002, 1.99670077E+001
3.32500000E+002, 1.97097002E+001
3.35000000E+002, 2.03833776E+001
3.37500000E+002, 2.00086976E+001
3.40000000E+002, 2.05602143E+001
3.42500000E+002, 1.94287190E+001
3.45000000E+002, 2.04853777E+001
3.47500000E+002, 2.01415075E+001
3.50000000E+002, 2.02327435E+001
3.52500000E+002, 1.98235230E+001
3.55000000E+002, 1.97480349E+001
3.57500000E+002, 1.97183975E+001
3.60000000E+002, 1.99095297E+001
3.62500000E+002, 2.01750632E+001
3.65000000E+002, 2.02672976E+001
3.67500000E+002, 1.99141213E+001
3.70000000E+002, 2.04027394E+001
3.72500000E+002, 1.98421976E+001
3.75000000E+002, 2.02166015E+001
3.77500000E+002, 2.03267858E+001
3.80000000E+002, 1.98698360E+001
3.82500000E+002, 2.00931933E+001
3.85000000E+002, 2.00509029E+001
3.87500000E+002, 2.02724770E+001
3.90000000E+002, 2.00917629E+001
3.92500000E+002, 2.00201702E+001
3.95000000E+002, 2.03239219E+001
3.97500000E+002, 2.00103302E+001
4.00000000E+002, 2.01431003E+001
4.02500000E+002, 1.98854311E+001
4.05000000E+002, 2.00463970E+001
4.07500000E+002, 2.02667932E+001
4.10000000E+002, 2.02002850E+001
4.12500000E+002, 2.03561775E+001
4.15000000E+002, 2.02410877E+001
4.17500000E+002, 2.03992901E+001
4.20000000E+002, 2.02985693E+001
4.22500000E+002, 2.03252572E+001
4.25000000E+002, 2.04577241E+001
4.27500000E+002, 2.05891541E+001
4.30000000E+002, 2.05025382E+001
4.32500000E+002, 2.06012447E+001
4.35000000E+002, 2.03357234E+001
4.37500000E+002, 2.08013347E+001
4.40000000E+002, 2.05105770E+001
4.42500000E+002, 2.03169539E+001
4.45000000E+002, 2.05559962E+001
4.47500000E+002, 2.05993722E+001
4.50000000E+002, 2.05752892E+001
4.52500000E+002, 2.05994242E+001
4.55000000E+002, 2.05870193E+001
4.57500000E+002, 2.08200476E+001
4.60000000E+002, 2.04263968E+001
4.62500000E+002, 2.04225750E+001
4.65000000E+002, 2.07211052E+001
4.67500000E+002, 2.07811030E+001
4.70000000E+002, 2.08185256E+001
4.72500000E+002, 2.06955051E+001
4.75000000E+002, 2.06709469E+001
4.77500000E+002, 2.07134462E+001
4.80000000E+002, 2.07276102E+001
4.82500000E+002, 2.07147680E+001
4.85000000E+002, 2.06483513E+001
4.87500000E+002, 2.09253230E+001
4.90000000E+002, 2.07685284E+001
4.92500000E+002, 2.06755436E+001
4.95000000E+002, 2.07843896E+001
4.97500000E+002, 2.07554084E+001
5.00000000E+002, 2.06930353E+001
5.02500000E+002, 2.05979944E+001
5.05000000E+002, 2.04559913E+001
5.07500000E+002, 2.00137487E+001
5.10000000E+002, 1.99055439E+001
5.12500000E+002, 1.99733949E+001
5.15000000E+002, 1.96030524E+001
5.17500000E+002, 1.78217523E+001
5.20000000E+002, 1.66386723E+001
5.22500000E+002, 1.73933854E+001
5.25000000E+002, 1.44272807E+001
5.27500000E+002, -9.58039433E+000
5.30000000E+002, 2.46045199E+001
5.32500000E+002, 3.64982355E+001
5.35000000E+002, 2.81028221E+001
5.37500000E+002, 2.82938015E+001
5.40000000E+002, 2.67480241E+001
5.42500000E+002, 2.57905208E+001
5.45000000E+002, 2.55214678E+001
5.47500000E+002, 2.47211833E+001
5.50000000E+002, 2.47157138E+001
5.52500000E+002, 2.49941715E+001
5.55000000E+002, 2.42264840E+001
5.57500000E+002, 2.47321076E+001
5.60000000E+002, 2.45058295E+001
5.62500000E+002, 2.40862901E+001
5.65000000E+002, 2.42935217E+001
5.67500000E+002, 2.44366514E+001
5.70000000E+002, 2.45230779E+001
5.72500000E+002, 2.41575965E+001
5.75000000E+002, 2.44755016E+001
5.77500000E+002, 2.45260037E+001
5.80000000E+002, 2.47799749E+001
5.82500000E+002, 2.44996402E+001
5.85000000E+002, 2.46836369E+001
5.87500000E+002, 2.43570839E+001
5.90000000E+002, 2.47511516E+001
5.92500000E+002, 2.46609628E+001
5.95000000E+002, 2.46588416E+001
5.97500000E+002, 2.47260818E+001
6.00000000E+002, 2.47052725E+001
6.02500000E+002, 2.47636235E+001
6.05000000E+002, 2.48858807E+001
6.07500000E+002, 2.46729523E+001
6.10000000E+002, 2.46282734E+001
6.12500000E+002, 2.47883391E+001
6.15000000E+002, 2.49118675E+001
6.17500000E+002, 2.49714701E+001
6.20000000E+002, 2.45659749E+001
6.22500000E+002, 2.49786142E+001
6.25000000E+002, 2.49586700E+001
6.27500000E+002, 2.52656674E+001
6.30000000E+002, 2.50725118E+001
6.32500000E+002, 2.53936306E+001
6.35000000E+002, 2.52483567E+001
6.37500000E+002, 2.50521492E+001
6.40000000E+002, 2.57320076E+001
6.42500000E+002, 2.59257408E+001
6.45000000E+002, 2.56984318E+001
6.47500000E+002, 2.56804322E+001
6.50000000E+002, 2.58737045E+001
6.52500000E+002, 2.60556392E+001
6.55000000E+002, 2.60579640E+001
6.57500000E+002, 2.59290499E+001
6.60000000E+002, 2.59812304E+001
6.62500000E+002, 2.60502179E+001
6.65000000E+002, 2.64309776E+001
6.67500000E+002, 2.63171294E+001
6.70000000E+002, 2.62490627E+001
6.72500000E+002, 2.65996185E+001
6.75000000E+002, 2.63817709E+001
6.77500000E+002, 2.67493121E+001
6.80000000E+002, 2.66809965E+001
6.82500000E+002, 2.67928949E+001
6.85000000E+002, 2.70062994E+001
6.87500000E+002, 2.71053126E+001
6.90000000E+002, 2.71532938E+001
6.92500000E+002, 2.72740562E+001
6.95000000E+002, 2.72787356E+001
6.97500000E+002, 2.74250688E+001
7.00000000E+002, 2.76632437E+001
7.02500000E+002, 2.75497598E+001
7.05000000E+002, 2.77110039E+001
7.07500000E+002, 2.78798166E+001
7.10000000E+002, 2.80154493E+001
7.12500000E+002, 2.82292045E+001
7.15000000E+002, 2.83149035E+001
7.17500000E+002, 2.83939422E+001
7.20000000E+002, 2.85788861E+001
7.22500000E+002, 2.85432094E+001
7.25000000E+002, 2.87884022E+001
7.27500000E+002, 2.90705182E+001
7.30000000E+002, 2.93362360E+001
7.32500000E+002, 2.92925789E+001
7.35000000E+002, 2.95195979E+001
7.37500000E+002, 2.94098309E+001
7.40000000E+002, 2.96436409E+001
7.42500000E+002, 2.97537489E+001
7.45000000E+002, 2.98903047E+001
7.47500000E+002, 3.01448993E+001
7.50000000E+002, 3.03083410E+001
7.52500000E+002, 3.04356872E+001
7.55000000E+002, 3.07667559E+001
7.57500000E+002, 3.08475047E+001
7.60000000E+002, 3.10101949E+001
7.62500000E+002, 3.13440981E+001
7.65000000E+002, 3.14522578E+001
7.67500000E+002, 3.16346443E+001
7.70000000E+002, 3.17699714E+001
7.72500000E+002, 3.20991692E+001
7.75000000E+002, 3.22973248E+001
7.77500000E+002, 3.25091817E+001
7.80000000E+002, 3.28367140E+001
7.82500000E+002, 3.29870826E+001
7.85000000E+002, 3.32696822E+001
7.87500000E+002, 3.34781367E+001
7.90000000E+002, 3.38007767E+001
7.92500000E+002, 3.40865510E+001
7.95000000E+002, 3.43462195E+001
7.97500000E+002, 3.45884145E+001
8.00000000E+002, 3.49674000E+001
8.02500000E+002, 3.52049166E+001
8.05000000E+002, 3.55389813E+001
8.07500000E+002, 3.59300137E+001
8.10000000E+002, 3.61919333E+001
8.12500000E+002, 3.65869504E+001
8.15000000E+002, 3.69797006E+001
8.17500000E+002, 3.74014553E+001
8.20000000E+002, 3.78670735E+001
8.22500000E+002, 3.83093271E+001
8.25000000E+002, 3.87634370E+001
8.27500000E+002, 3.93157312E+001
8.30000000E+002, 3.97947702E+001
8.32500000E+002, 4.03389733E+001
8.35000000E+002, 4.09298288E+001
8.37500000E+002, 4.15812934E+001
8.40000000E+002, 4.22226220E+001
8.42500000E+002, 4.29623070E+001
8.45000000E+002, 4.38341665E+001
8.47500000E+002, 4.46765564E+001
8.50000000E+002, 4.56792259E+001
8.52500000E+002, 4.68123961E+001
8.55000000E+002, 4.80468805E+001
8.57500000E+002, 4.94646175E+001
8.60000000E+002, 5.14209716E+001
8.62500000E+002, 5.32508508E+001
8.65000000E+002, 5.58944391E+001
8.67500000E+002, 5.74658808E+001
8.70000000E+002, 5.80078987E+001
8.72500000E+002, 5.55872188E+001
8.75000000E+002, 5.31001612E+001
8.77500000E+002, 5.10964018E+001
8.80000000E+002, 4.92143423E+001
8.82500000E+002, 4.73764154E+001
8.85000000E+002, 4.63098886E+001
8.87500000E+002, 4.50110729E+001
8.90000000E+002, 4.39869296E+001
8.92500000E+002, 4.29789027E+001
8.95000000E+002, 4.22473589E+001
8.97500000E+002, 4.12997677E+001
9.00000000E+002, 4.06764657E+001
9.02500000E+002, 4.00067344E+001
9.05000000E+002, 3.94183440E+001
9.07500000E+002, 3.86487265E+001
9.10000000E+002, 3.83930428E+001
9.12500000E+002, 3.76828067E+001
9.15000000E+002, 3.73006427E+001
9.17500000E+002, 3.66913094E+001
9.20000000E+002, 3.62286989E+001
9.22500000E+002, 3.58413751E+001
9.25000000E+002, 3.54235254E+001
9.27500000E+002, 3.50307638E+001
9.30000000E+002, 3.46005764E+001
9.32500000E+002, 3.43200096E+001
9.35000000E+002, 3.39927105E+001
9.37500000E+002, 3.36253760E+001
9.40000000E+002, 3.33406043E+001
9.42500000E+002, 3.29102447E+001
9.45000000E+002, 3.26746378E+001
9.47500000E+002, 3.23817739E+001
9.50000000E+002, 3.18803851E+001
9.52500000E+002, 3.17170128E+001
9.55000000E+002, 3.13954297E+001
9.57500000E+002, 3.11697286E+001
9.60000000E+002, 3.08803663E+001
9.62500000E+002, 3.06545033E+001
9.65000000E+002, 3.03987769E+001
9.67500000E+002, 3.00736961E+001
9.70000000E+002, 2.98180224E+001
9.72500000E+002, 2.97858610E+001
9.75000000E+002, 2.95087233E+001
9.77500000E+002, 2.92611940E+001
9.80000000E+002, 2.87719399E+001
9.82500000E+002, 2.88952564E+001
9.85000000E+002, 2.85236848E+001
9.87500000E+002, 2.80624255E+001
9.90000000E+002, 2.81735689E+001
9.92500000E+002, 2.77538424E+001
9.95000000E+002, 2.76036380E+001
9.97500000E+002, 2.72981556E+001
1.00000000E+003, 2.69980183E+001
1.00250000E+003, 2.70431100E+001
1.00500000E+003, 2.67476723E+001
1.00750000E+003, 2.66170243E+001
1.01000000E+003, 2.63433530E+001
1.01250000E+003, 2.63042126E+001
1.01500000E+003, 2.64760026E+001
1.01750000E+003, 2.58353234E+001
1.02000000E+003, 2.56616428E+001
1.02250000E+003, 2.54832346E+001
1.02500000E+003, 2.54480738E+001
1.02750000E+003, 2.54331523E+001
1.03000000E+003, 2.49062417E+001
1.03250000E+003, 2.48146174E+001
1.03500000E+003, 2.45634180E+001
1.03750000E+003, 2.46128565E+001
1.04000000E+003, 2.44317892E+001
1.04250000E+003, 2.45464755E+001
1.04500000E+003, 2.40985865E+001
1.04750000E+003, 2.40139426E+001
1.05000000E+003, 2.36733678E+001
1.05250000E+003, 2.36755846E+001
1.05500000E+003, 2.34352239E+001
1.05750000E+003, 2.33012079E+001
1.06000000E+003, 2.30907765E+001
1.06250000E+003, 2.30157590E+001
1.06500000E+003, 2.27521178E+001
1.06750000E+003, 2.25541890E+001
1.07000000E+003, 2.22155662E+001
1.07250000E+003, 2.25297985E+001
1.07500000E+003, 2.22905877E+001
1.07750000E+003, 2.18480009E+001
1.08000000E+003, 2.19735099E+001
1.08250000E+003, 2.19549151E+001
1.08500000E+003, 2.15517989E+001
1.08750000E+003, 2.14472577E+001
1.09000000E+003, 2.15823845E+001
1.09250000E+003, 2.12861836E+001
1.09500000E+003, 2.14105280E+001
1.09750000E+003, 2.07332733E+001
1.10000000E+003, 2.04580435E+001
1.10250000E+003, 2.05206092E+001
1.10500000E+003, 2.06329299E+001
1.10750000E+003, 2.07338428E+001
1.11000000E+003, 2.02360476E+001
1.11250000E+003, 2.04846917E+001
1.11500000E+003, 2.00976133E+001
1.11750000E+003, 2.02438498E+001
1.12000000E+003, 1.95566292E+001
1.12250000E+003, 1.96089469E+001
1.12500000E+003, 1.95052576E+001
1.12750000E+003, 1.94180272E+001
1.13000000E+003, 1.92425274E+001
1.13250000E+003, 1.92628639E+001
1.13500000E+003, 1.88263398E+001
1.13750000E+003, 1.85766288E+001
1.14000000E+003, 1.87720886E+001
1.14250000E+003, 1.84954465E+001
1.14500000E+003, 1.80088539E+001
1.14750000E+003, 1.81695620E+001
1.15000000E+003, 1.83364417E+001
1.15250000E+003, 1.80303514E+001
1.15500000E+003, 1.82677362E+001
1.15750000E+003, 1.75446073E+001
1.16000000E+003, 1.77303172E+001
1.16250000E+003, 1.75309931E+001
1.16500000E+003, 1.72095291E+001
1.16750000E+003, 1.72290292E+001
1.17000000E+003, 1.71196647E+001
1.17250000E+003, 1.69114710E+001
1.17500000E+003, 1.67522210E+001
1.17750000E+003, 1.63604211E+001
1.18000000E+003, 1.62251783E+001
1.18250000E+003, 1.63724128E+001
1.18500000E+003, 1.60818430E+001
1.18750000E+003, 1.62079086E+001
1.19000000E+003, 1.59258572E+001
1.19250000E+003, 1.61897562E+001
1.19500000E+003, 1.53211463E+001
1.19750000E+003, 1.51068670E+001
1.20000000E+003, 1.51057090E+001
1.20250000E+003, 1.46726328E+001
1.20500000E+003, 1.43171034E+001
1.20750000E+003, 1.43145193E+001
1.21000000E+003, 1.53446778E+001
1.21250000E+003, 1.42673608E+001
1.21500000E+003, 1.44656248E+001
1.21750000E+003, 1.45542194E+001
1.22000000E+003, 1.42315206E+001
1.22250000E+003, 1.35650842E+001
1.22500000E+003, 1.44136519E+001
1.22750000E+003, 1.37406322E+001
1.23000000E+003, 1.34659863E+001
1.23250000E+003, 1.35112016E+001
1.23500000E+003, 1.31679601E+001
1.23750000E+003, 1.28185440E+001
1.24000000E+003, 1.27869273E+001
1.24250000E+003, 1.26702453E+001
1.24500000E+003, 1.28023569E+001
1.24750000E+003, 1.22375258E+001
1.25000000E+003, 1.26260051E+001
1.25250000E+003, 1.14549427E+001
1.25500000E+003, 1.16835848E+001
1.25750000E+003, 1.10725437E+001
1.26000000E+003, 1.12994838E+001
1.26250000E+003, 1.07277358E+001
1.26500000E+003, 1.05877632E+001
1.26750000E+003, 1.06832870E+001
1.27000000E+003, 1.12821071E+001
1.27250000E+003, 1.09685686E+001
1.27500000E+003, 9.87171968E+000
1.27750000E+003, 9.26190370E+000
1.28000000E+003, 1.01496037E+001
1.28250000E+003, 9.35987524E+000
1.28500000E+003, 8.47923799E+000
1.28750000E+003, 8.17681864E+000
1.29000000E+003, 8.18884639E+000
1.29250000E+003, 8.10459649E+000
1.29500000E+003, 8.78070101E+000
1.29750000E+003, 8.03624456E+000
1.30000000E+003, 8.23822864E+000
1.30250000E+003, 7.73402854E+000
1.30500000E+003, 5.73766197E+000
1.30750000E+003, 6.36917921E+000
1.31000000E+003, 5.90033052E+000
1.31250000E+003, 6.35598414E+000
1.31500000E+003, 6.44972823E+000
1.31750000E+003, 6.21512824E+000
1.32000000E+003, 4.56787012E+000
1.32250000E+003, 3.74063872E+000
1.32500000E+003, -3.33060524E-001
1.32750000E+003, -1.07497138E+000
1.33000000E+003, -3.86448801E+000
1.33250000E+003, -3.28252599E+000
1.33500000E+003, 3.19672086E+000
1.33750000E+003, 1.14452159E+001
1.34000000E+003, 2.30621082E+001
1.34250000E+003, 1.67996533E+001
1.34500000E+003, 1.39993311E+001
1.34750000E+003, 1.15976097E+001
1.35000000E+003, 1.08152559E+001
1.35250000E+003, 9.00106109E+000
1.35500000E+003, 9.25118492E+000
1.35750000E+003, 7.44228031E+000
1.36000000E+003, 7.20832467E+000
1.36250000E+003, 5.61135502E+000
1.36500000E+003, 5.80600302E+000
1.36750000E+003, 5.46832105E+000
1.37000000E+003, 4.82526090E+000
1.37250000E+003, 4.11651237E+000
1.37500000E+003, 4.24465797E+000
1.37750000E+003, 2.31498817E+000
1.38000000E+003, 3.06388947E+000
1.38250000E+003, 2.24288027E-001
1.38500000E+003, 1.89566256E+000
1.38750000E+003, 2.19681188E+000
1.39000000E+003, 1.03924404E+000
1.39250000E+003, -8.92702458E-001
1.39500000E+003, 1.42293711E+000
1.39750000E+003, -2.86465131E+000
1.40000000E+003, -2.11866775E+000
1.40250000E+003, -4.79283837E+000
1.40500000E+003, -8.87517194E+000
1.40750000E+003, -4.70449786E+000
1.41000000E+003, -8.44182603E+000
1.41250000E+003, -1.28401737E+001
1.41500000E+003, -1.57095515E+001
1.41750000E+003, -1.03353058E+001
1.42000000E+003, -1.03988791E+001
1.42250000E+003, -9.18671340E+000
1.42500000E+003, -1.31548506E+001
1.42750000E+003, -1.60678778E+001
1.43000000E+003, -2.63268895E+001
1.43250000E+003, -7.73796192E+000
1.43500000E+003, -9.04006073E+000
1.43750000E+003, -1.07950060E+001
1.44000000E+003, -3.87026621E+000
1.44250000E+003, -3.19555820E+000
1.44500000E+003, -3.57093127E+000
1.44750000E+003, -8.89472373E+000
1.45000000E+003, -4.89091858E+000
1.45250000E+003, -1.32632070E+000
1.45500000E+003, -4.68082076E+000
1.45750000E+003, -2.01095420E+000
1.46000000E+003, 9.01388823E-002
1.46250000E+003, -9.35305742E-001
1.46500000E+003, 4.39046852E-001
1.46750000E+003, 5.35142983E-001
1.47000000E+003, 2.42646417E+000
1.47250000E+003, 2.22473932E+000
1.47500000E+003, 1.30004804E+000
1.47750000E+003, 2.71054099E+000
1.48000000E+003, 2.88095062E+000
1.48250000E+003, 3.67472100E+000
1.48500000E+003, 3.71767326E+000
1.48750000E+003, 4.25255260E+000
1.49000000E+003, 4.60677889E+000
1.49250000E+003, 4.82202443E+000
1.49500000E+003, 3.25905429E+000
1.49750000E+003, 5.33273590E+000
1.50000000E+003, 4.12082464E+000
1.50250000E+003, 5.11741371E+000
1.50500000E+003, 5.51680955E+000
1.50750000E+003, 6.52564398E+000
1.51000000E+003, 6.41753506E+000
1.51250000E+003, 6.01068100E+000
1.51500000E+003, 6.54451522E+000
1.51750000E+003, 7.13229428E+000
1.52000000E+003, 7.17616092E+000
1.52250000E+003, 6.07565732E+000
1.52500000E+003, 8.48925853E+000
1.52750000E+003, 7.80901382E+000
1.53000000E+003, 6.70874036E+000
1.53250000E+003, 7.79780972E+000
1.53500000E+003, 7.96094342E+000
1.53750000E+003, 8.00300257E+000
1.54000000E+003, 8.32105434E+000
1.54250000E+003, 9.15018078E+000
1.54500000E+003, 8.91921634E+000
1.54750000E+003, 9.22292851E+000
1.55000000E+003, 9.34863225E+000
1.55250000E+003, 8.93440666E+000
1.55500000E+003, 9.26582080E+000
1.55750000E+003, 9.38177625E+000
1.56000000E+003, 9.53547381E+000
1.56250000E+003, 1.06093620E+001
1.56500000E+003, 1.01905255E+001
1.56750000E+003, 1.06980999E+001
1.57000000E+003, 1.04738980E+001
1.57250000E+003, 1.07126572E+001
1.57500000E+003, 1.11576131E+001
1.57750000E+003, 1.08413169E+001
1.58000000E+003, 1.14562023E+001
1.58250000E+003, 1.11828918E+001
1.58500000E+003, 1.14187069E+001
1.58750000E+003, 1.12823380E+001
1.59000000E+003, 1.14821958E+001
1.59250000E+003, 1.20862364E+001
1.59500000E+003, 1.17516260E+001
1.59750000E+003, 1.17282210E+001
1.60000000E+003, 1.15535206E+001
1.60250000E+003, 1.21449574E+001
1.60500000E+003, 1.23134743E+001
1.60750000E+003, 1.26372748E+001
1.61000000E+003, 1.25735632E+001
1.61250000E+003, 1.31939278E+001
1.61500000E+003, 1.29545057E+001
1.61750000E+003, 1.30104751E+001
1.62000000E+003, 1.35106959E+001
1.62250000E+003, 1.33019005E+001
1.62500000E+003, 1.33537853E+001
1.62750000E+003, 1.35787488E+001
1.63000000E+003, 1.35627496E+001
1.63250000E+003, 1.39301571E+001
1.63500000E+003, 1.42369180E+001
1.63750000E+003, 1.38241465E+001
1.64000000E+003, 1.39300087E+001
1.64250000E+003, 1.45052738E+001
1.64500000E+003, 1.46735451E+001
1.64750000E+003, 1.48606033E+001
1.65000000E+003, 1.51713942E+001
1.65250000E+003, 1.48399142E+001
1.65500000E+003, 1.47167841E+001
1.65750000E+003, 1.54229935E+001
1.66000000E+003, 1.53525769E+001
1.66250000E+003, 1.53887043E+001
1.66500000E+003, 1.54213036E+001
1.66750000E+003, 1.57090496E+001
1.67000000E+003, 1.58127446E+001
1.67250000E+003, 1.60471925E+001
1.67500000E+003, 1.60096174E+001
1.67750000E+003, 1.64224507E+001
1.68000000E+003, 1.60912169E+001
1.68250000E+003, 1.59833942E+001
1.68500000E+003, 1.65484134E+001
1.68750000E+003, 1.64430839E+001
1.69000000E+003, 1.66678916E+001
1.69250000E+003, 1.67232773E+001
1.69500000E+003, 1.68960379E+001
1.69750000E+003, 1.73113244E+001
1.70000000E+003, 1.72342985E+001
1.70250000E+003, 1.74314144E+001
1.70500000E+003, 1.76269062E+001
1.70750000E+003, 1.78829691E+001
1.71000000E+003, 1.73267660E+001
1.71250000E+003, 1.76202101E+001
1.71500000E+003, 1.79981243E+001
1.71750000E+003, 1.81372535E+001
1.72000000E+003, 1.81626432E+001
1.72250000E+003, 1.84368314E+001
1.72500000E+003, 1.83936371E+001
1.72750000E+003, 1.85286508E+001
1.73000000E+003, 1.89492490E+001
1.73250000E+003, 1.91710915E+001
1.73500000E+003, 1.91651901E+001
1.73750000E+003, 1.89967134E+001
1.74000000E+003, 1.93217917E+001
1.74250000E+003, 1.95776689E+001
1.74500000E+003, 1.97284087E+001
1.74750000E+003, 2.04268459E+001
1.75000000E+003, 2.02926494E+001
1.75250000E+003, 2.06425019E+001
1.75500000E+003, 2.07672032E+001
1.75750000E+003, 2.09553383E+001
1.76000000E+003, 2.09023328E+001
1.76250000E+003, 2.11520987E+001
1.76500000E+003, 2.16947694E+001
1.76750000E+003, 2.21187135E+001
1.77000000E+003, 2.25283941E+001
1.77250000E+003, 2.30894251E+001
1.77500000E+003, 2.32658376E+001
1.77750000E+003, 2.40888405E+001
1.78000000E+003, 2.44791349E+001
1.78250000E+003, 2.54654583E+001
1.78500000E+003, 2.64019783E+001
1.78750000E+003, 2.78842063E+001
1.79000000E+003, 2.95808039E+001
1.79250000E+003, 3.27146802E+001
1.79500000E+003, 3.87229174E+001
1.79750000E+003, 4.42611645E+001
1.80000000E+003, 3.20815185E+001
1.80250000E+003, 2.50617576E+001
1.80500000E+003, 1.84970307E+001
1.80750000E+003, 9.84632394E+000
1.81000000E+003, 4.19927026E+000
1.81250000E+003, 1.20453200E+001
1.81500000E+003, 1.56793016E+001
1.81750000E+003, 2.08185402E+001
1.82000000E+003, 2.58673688E+001
1.82250000E+003, 3.42757446E+001
1.82500000E+003, 2.63498095E+001
1.82750000E+003, 2.13809030E+001
1.83000000E+003, 1.51510056E+001
1.83250000E+003, 9.84217133E+000
1.83500000E+003, 1.22788248E+001
1.83750000E+003, 2.76385985E+001
1.84000000E+003, 2.53156642E+001
1.84250000E+003, 2.00020353E+001
1.84500000E+003, 1.79625851E+001
1.84750000E+003, 1.71739751E+001
1.85000000E+003, 1.63922881E+001
1.85250000E+003, 1.71384165E+001
1.85500000E+003, 1.69394114E+001
1.85750000E+003, 1.77343149E+001
1.86000000E+003, 1.95905250E+001
1.86250000E+003, 2.14693968E+001
1.86500000E+003, 2.26070495E+001
1.86750000E+003, 2.43744553E+001
1.87000000E+003, 2.73753167E+001
1.87250000E+003, 2.99637468E+001
1.87500000E+003, 3.27623092E+001
1.87750000E+003, 3.66860002E+001
1.88000000E+003, 4.28789590E+001
1.88250000E+003, 4.70937349E+001
1.88500000E+003, 4.31165728E+001
1.88750000E+003, 3.84069924E+001
1.89000000E+003, 3.63791891E+001
1.89250000E+003, 3.43283096E+001
1.89500000E+003, 3.34937301E+001
1.89750000E+003, 3.19706562E+001
1.90000000E+003, 3.12392976E+001
1.90250000E+003, 3.07877072E+001
1.90500000E+003, 3.02515605E+001
1.90750000E+003, 2.98431823E+001
1.91000000E+003, 2.92741598E+001
1.91250000E+003, 2.94877174E+001
1.91500000E+003, 2.89316191E+001
1.91750000E+003, 2.88386821E+001
1.92000000E+003, 2.88075123E+001
1.92250000E+003, 2.83532090E+001
1.92500000E+003, 2.84253024E+001
1.92750000E+003, 2.81048430E+001
1.93000000E+003, 2.81942524E+001
1.93250000E+003, 2.82831863E+001
1.93500000E+003, 2.81331958E+001
1.93750000E+003, 2.84243272E+001
1.94000000E+003, 2.83432309E+001
1.94250000E+003, 2.86343962E+001
1.94500000E+003, 2.87337617E+001
1.94750000E+003, 2.84344809E+001
1.95000000E+003, 2.86258722E+001
1.95250000E+003, 2.88822842E+001
1.95500000E+003, 2.90694881E+001
1.95750000E+003, 2.91738902E+001
1.96000000E+003, 2.93315044E+001
1.96250000E+003, 2.98358684E+001
1.96500000E+003, 3.00006939E+001
1.96750000E+003, 3.07567658E+001
1.97000000E+003, 3.12483027E+001
1.97250000E+003, 3.18255727E+001
1.97500000E+003, 3.29949610E+001
1.97750000E+003, 3.44364338E+001
1.98000000E+003, 3.67760299E+001
1.98250000E+003, 4.11741414E+001
1.98500000E+003, 4.38375006E+001
1.98750000E+003, 3.47197281E+001
1.99000000E+003, 2.72481119E+001
1.99250000E+003, 2.00065741E+001
1.99500000E+003, 1.14725334E+001
1.99750000E+003, 1.23959378E+001
2.00000000E+003, 1.60243106E+001
2.00250000E+003, 1.82962042E+001
2.00500000E+003, 1.98984602E+001
2.00750000E+003, 2.13453719E+001
2.01000000E+003, 2.17712571E+001
2.01250000E+003, 2.25257825E+001
2.01500000E+003, 2.31895373E+001
2.01750000E+003, 2.34754830E+001
2.02000000E+003, 2.36916647E+001
2.02250000E+003, 2.40494638E+001
2.02500000E+003, 2.43005809E+001
2.02750000E+003, 2.46079075E+001
2.03000000E+003, 2.50549381E+001
2.03250000E+003, 2.49492173E+001
2.03500000E+003, 2.52311094E+001
2.03750000E+003, 2.55836252E+001
2.04000000E+003, 2.56570107E+001
2.04250000E+003, 2.60281638E+001
2.04500000E+003, 2.56714890E+001
2.04750000E+003, 2.60315624E+001
2.05000000E+003, 2.59517176E+001
2.05250000E+003, 2.64768352E+001
2.05500000E+003, 2.66586209E+001
2.05750000E+003, 2.69200042E+001
2.06000000E+003, 2.71444411E+001
2.06250000E+003, 2.67353760E+001
2.06500000E+003, 2.69828261E+001
2.06750000E+003, 2.72900404E+001
2.07000000E+003, 2.73263555E+001
2.07250000E+003, 2.74256529E+001
2.07500000E+003, 2.75333451E+001
2.07750000E+003, 2.74412531E+001
2.08000000E+003, 2.76936655E+001
2.08250000E+003, 2.78105958E+001
2.08500000E+003, 2.80967469E+001
2.08750000E+003, 2.81454550E+001
2.09000000E+003, 2.80844717E+001
2.09250000E+003, 2.80466759E+001
2.09500000E+003, 2.83614564E+001
2.09750000E+003, 2.84174636E+001
2.10000000E+003, 2.87084684E+001
2.10250000E+003, 2.87164671E+001
2.10500000E+003, 2.88403300E+001
2.10750000E+003, 2.88159544E+001
2.11000000E+003, 2.89806183E+001
2.11250000E+003, 2.90400134E+001
2.11500000E+003, 2.93282642E+001
2.11750000E+003, 2.94136216E+001
2.12000000E+003, 2.94281455E+001
2.12250000E+003, 2.95596588E+001
2.12500000E+003, 2.98506877E+001
2.12750000E+003, 2.95206455E+001
2.13000000E+003, 3.00424652E+001
2.13250000E+003, 2.99430286E+001
2.13500000E+003, 3.01483702E+001
2.13750000E+003, 3.03926662E+001
2.14000000E+003, 3.03580044E+001
2.14250000E+003, 3.05622788E+001
2.14500000E+003, 3.06466625E+001
2.14750000E+003, 3.05482128E+001
2.15000000E+003, 3.09307259E+001
2.15250000E+003, 3.10301442E+001
2.15500000E+003, 3.11539848E+001
2.15750000E+003, 3.12346558E+001
2.16000000E+003, 3.11757467E+001
2.16250000E+003, 3.13193863E+001
2.16500000E+003, 3.16200948E+001
2.16750000E+003, 3.18207302E+001
2.17000000E+003, 3.18117394E+001
2.17250000E+003, 3.17800461E+001
2.17500000E+003, 3.20261801E+001
2.17750000E+003, 3.21762221E+001
2.18000000E+003, 3.22935854E+001
2.18250000E+003, 3.24351495E+001
2.18500000E+003, 3.25369887E+001
2.18750000E+003, 3.26643739E+001
2.19000000E+003, 3.29750738E+001
2.19250000E+003, 3.29330948E+001
2.19500000E+003, 3.32207760E+001
2.19750000E+003, 3.32923640E+001
2.20000000E+003, 3.35378235E+001
2.20250000E+003, 3.35569335E+001
2.20500000E+003, 3.36608709E+001
2.20750000E+003, 3.39440418E+001
2.21000000E+003, 3.40409598E+001
2.21250000E+003, 3.42616087E+001
2.21500000E+003, 3.43721986E+001
2.21750000E+003, 3.45623366E+001
2.22000000E+003, 3.48079039E+001
2.22250000E+003, 3.49670328E+001
2.22500000E+003, 3.52150765E+001
2.22750000E+003, 3.53294388E+001
2.23000000E+003, 3.55515901E+001
2.23250000E+003, 3.58058889E+001
2.23500000E+003, 3.58308808E+001
2.23750000E+003, 3.60695535E+001
2.24000000E+003, 3.62943309E+001
2.24250000E+003, 3.64403429E+001
2.24500000E+003, 3.67076889E+001
2.24750000E+003, 3.69999740E+001
2.25000000E+003, 3.72084313E+001
2.25250000E+003, 3.74021804E+001
2.25500000E+003, 3.77177277E+001
2.25750000E+003, 3.78046404E+001
2.26000000E+003, 3.81736053E+001
2.26250000E+003, 3.85141166E+001
2.26500000E+003, 3.87459947E+001
2.26750000E+003, 3.89972410E+001
2.27000000E+003, 3.92077731E+001
2.27250000E+003, 3.95827213E+001
2.27500000E+003, 3.99420365E+001
2.27750000E+003, 4.02058534E+001
2.28000000E+003, 4.05593843E+001
2.28250000E+003, 4.08894956E+001
2.28500000E+003, 4.13252287E+001
2.28750000E+003, 4.16558925E+001
2.29000000E+003, 4.20808875E+001
2.29250000E+003, 4.24774068E+001
2.29500000E+003, 4.28161058E+001
2.29750000E+003, 4.33048912E+001
2.30000000E+003, 4.38821093E+001
2.30250000E+003, 4.43379776E+001
2.30500000E+003, 4.49122511E+001
2.30750000E+003, 4.54717698E+001
2.31000000E+003, 4.61485769E+001
2.31250000E+003, 4.68436237E+001
2.31500000E+003, 4.74061610E+001
2.31750000E+003, 4.82252996E+001
2.32000000E+003, 4.89941427E+001
2.32250000E+003, 4.98677128E+001
2.32500000E+003, 5.06966006E+001
2.32750000E+003, 5.16658958E+001
2.33000000E+003, 5.23744642E+001
2.33250000E+003, 5.30768119E+001
2.33500000E+003, 5.35217911E+001
2.33750000E+003, 5.35191402E+001
2.34000000E+003, 5.33271382E+001
2.34250000E+003, 5.26517357E+001
2.34500000E+003, 5.18401902E+001
2.34750000E+003, 5.10417219E+001
2.35000000E+003, 4.99851125E+001
2.35250000E+003, 4.91275376E+001
2.35500000E+003, 4.82287338E+001
2.35750000E+003, 4.74077976E+001
2.36000000E+003, 4.66036903E+001
2.36250000E+003, 4.59092286E+001
2.36500000E+003, 4.51880836E+001
2.36750000E+003, 4.45876417E+001
2.37000000E+003, 4.39102130E+001
2.37250000E+003, 4.34045639E+001
2.37500000E+003, 4.29107343E+001
2.37750000E+003, 4.23663364E+001
2.38000000E+003, 4.19087677E+001
2.38250000E+003, 4.14063636E+001
2.38500000E+003, 4.10224030E+001
2.38750000E+003, 4.06356900E+001
2.39000000E+003, 4.02549987E+001
2.39250000E+003, 3.99220131E+001
2.39500000E+003, 3.95862500E+001
2.39750000E+003, 3.93110771E+001
2.40000000E+003, 3.89814967E+001
2.40250000E+003, 3.86937060E+001
2.40500000E+003, 3.84671050E+001
2.40750000E+003, 3.82541163E+001
2.41000000E+003, 3.80426255E+001
2.41250000E+003, 3.77962421E+001
2.41500000E+003, 3.75153955E+001
2.41750000E+003, 3.72226210E+001
2.42000000E+003, 3.68233223E+001
2.42250000E+003, 3.60883150E+001
2.42500000E+003, 3.50786213E+001
2.42750000E+003, 3.36788292E+001
2.43000000E+003, 3.20404503E+001
2.43250000E+003, 3.06497654E+001
2.43500000E+003, 2.92988698E+001
2.43750000E+003, 2.87880224E+001
2.44000000E+003, 2.84730272E+001
2.44250000E+003, 2.81679945E+001
2.44500000E+003, 2.79329029E+001
2.44750000E+003, 2.80005326E+001
2.45000000E+003, 2.77955796E+001
2.45250000E+003, 2.75839382E+001
2.45500000E+003, 2.74869544E+001
2.45750000E+003, 2.73947427E+001
2.46000000E+003, 2.70881493E+001
2.46250000E+003, 2.68596677E+001
2.46500000E+003, 2.66942712E+001
2.46750000E+003, 2.64347593E+001
2.47000000E+003, 2.63016741E+001
2.47250000E+003, 2.61181604E+001
2.47500000E+003, 2.57892594E+001
2.47750000E+003, 2.54675505E+001
2.48000000E+003, 2.51480428E+001
2.48250000E+003, 2.51088869E+001
2.48500000E+003, 2.49024195E+001
2.48750000E+003, 2.43747897E+001
2.49000000E+003, 2.42234028E+001
2.49250000E+003, 2.37680357E+001
2.49500000E+003, 2.34996857E+001
2.49750000E+003, 2.32835702E+001
2.50000000E+003, 2.28584659E+001
2.50250000E+003, 2.24819874E+001
2.50500000E+003, 2.21994075E+001
2.50750000E+003, 2.20838051E+001
2.51000000E+003, 2.12075969E+001
2.51250000E+003, 2.11851868E+001
2.51500000E+003, 2.07937338E+001
2.51750000E+003, 2.04321310E+001
2.52000000E+003, 1.97355113E+001
2.52250000E+003, 1.90137910E+001
2.52500000E+003, 1.89902005E+001
2.52750000E+003, 1.81608734E+001
2.53000000E+003, 1.83845356E+001
2.53250000E+003, 1.76627622E+001
2.53500000E+003, 1.63787375E+001
2.53750000E+003, 1.58203978E+001
2.54000000E+003, 1.58158253E+001
2.54250000E+003, 1.49100715E+001
2.54500000E+003, 1.39163726E+001
2.54750000E+003, 1.37315325E+001
2.55000000E+003, 1.34831387E+001
2.55250000E+003, 1.14766121E+001
2.55500000E+003, 1.13410132E+001
2.55750000E+003, 1.02141751E+001
2.56000000E+003, 8.22434521E+000
2.56250000E+003, 8.25250386E+000
2.56500000E+003, 6.90524009E+000
2.56750000E+003, 3.20277635E+000
2.57000000E+003, 4.97235076E+000
2.57250000E+003, 1.33021761E+000
2.57500000E+003, 2.79360375E+000
2.57750000E+003, -2.93970209E-001
2.58000000E+003, 2.43919997E+000
2.58250000E+003, 1.55819585E+000
2.58500000E+003, 5.00028491E+000
2.58750000E+003, 6.97242568E+000
2.59000000E+003, 6.87435773E+000
2.59250000E+003, 8.78678504E+000
2.59500000E+003, 9.55285990E+000
2.59750000E+003, 9.90652326E+000
2.60000000E+003, 1.16984471E+001
2.60250000E+003, 1.22085437E+001
2.60500000E+003, 1.31710867E+001
2.60750000E+003, 1.34349411E+001
2.61000000E+003, 1.47274335E+001
2.61250000E+003, 1.46901499E+001
2.61500000E+003, 1.53430306E+001
2.61750000E+003, 1.58582862E+001
2.62000000E+003, 1.67178054E+001
2.62250000E+003, 1.69753406E+001
2.62500000E+003, 1.73538982E+001
2.62750000E+003, 1.77356685E+001
2.63000000E+003, 1.85040849E+001
2.63250000E+003, 1.86530700E+001
2.63500000E+003, 1.87797969E+001
2.63750000E+003, 1.91578943E+001
2.64000000E+003, 1.96642598E+001
2.64250000E+003, 1.99672704E+001
2.64500000E+003, 2.03358712E+001
2.64750000E+003, 2.05542846E+001
2.65000000E+003, 2.09087615E+001
2.65250000E+003, 2.12069420E+001
2.65500000E+003, 2.12154488E+001
2.65750000E+003, 2.15928829E+001
2.66000000E+003, 2.19927734E+001
2.66250000E+003, 2.21107528E+001
2.66500000E+003, 2.22869364E+001
2.66750000E+003, 2.23428333E+001
2.67000000E+003, 2.28031701E+001
2.67250000E+003, 2.29148607E+001
2.67500000E+003, 2.32557906E+001
2.67750000E+003, 2.32318674E+001
2.68000000E+003, 2.36689168E+001
2.68250000E+003, 2.38762792E+001
2.68500000E+003, 2.40992167E+001
2.68750000E+003, 2.43171455E+001
2.69000000E+003, 2.44903390E+001
2.69250000E+003, 2.44955043E+001
2.69500000E+003, 2.48817437E+001
2.69750000E+003, 2.51388217E+001
2.70000000E+003, 2.51896417E+001
2.70250000E+003, 2.52373714E+001
2.70500000E+003, 2.55758701E+001
2.70750000E+003, 2.57787777E+001
2.71000000E+003, 2.60105221E+001
2.71250000E+003, 2.61278641E+001
2.71500000E+003, 2.61983484E+001
2.71750000E+003, 2.65631088E+001
2.72000000E+003, 2.65345820E+001
2.72250000E+003, 2.67916269E+001
2.72500000E+003, 2.70494542E+001
2.72750000E+003, 2.70307614E+001
2.73000000E+003, 2.73021022E+001
2.73250000E+003, 2.75309537E+001
2.73500000E+003, 2.76216721E+001
2.73750000E+003, 2.76827710E+001
2.74000000E+003, 2.78554314E+001
2.74250000E+003, 2.80154552E+001
2.74500000E+003, 2.81191190E+001
2.74750000E+003, 2.83633254E+001
2.75000000E+003, 2.84591997E+001
2.75250000E+003, 2.85924420E+001
2.75500000E+003, 2.87300971E+001
2.75750000E+003, 2.89718792E+001
2.76000000E+003, 2.90609496E+001
2.76250000E+003, 2.91519130E+001
2.76500000E+003, 2.93624724E+001
2.76750000E+003, 2.95445431E+001
2.77000000E+003, 2.96861025E+001
2.77250000E+003, 2.97975102E+001
2.77500000E+003, 2.99910361E+001
2.77750000E+003, 3.01559974E+001
2.78000000E+003, 3.02007133E+001
2.78250000E+003, 3.04993034E+001
2.78500000E+003, 3.05666385E+001
2.78750000E+003, 3.08610394E+001
2.79000000E+003, 3.09948658E+001
2.79250000E+003, 3.11168413E+001
2.79500000E+003, 3.13144091E+001
2.79750000E+003, 3.16358998E+001
2.80000000E+003, 3.19359593E+001
2.80250000E+003, 3.21059347E+001
2.80500000E+003, 3.25647154E+001
2.80750000E+003, 3.30092059E+001
2.81000000E+003, 3.35796972E+001
2.81250000E+003, 3.46904555E+001
2.81500000E+003, 3.64876516E+001
2.81750000E+003, 4.08906759E+001
2.82000000E+003, 2.98939156E+001
2.82250000E+003, 2.34902614E+001
2.82500000E+003, 2.71325761E+001
2.82750000E+003, 2.87345177E+001
2.83000000E+003, 2.95422584E+001
2.83250000E+003, 3.01310607E+001
2.83500000E+003, 3.05922250E+001
2.83750000E+003, 3.09278830E+001
2.84000000E+003, 3.12206109E+001
2.84250000E+003, 3.14386711E+001
2.84500000E+003, 3.16601545E+001
2.84750000E+003, 3.18188268E+001
2.85000000E+003, 3.21217498E+001
2.85250000E+003, 3.23014642E+001
2.85500000E+003, 3.24297376E+001
2.85750000E+003, 3.25117079E+001
2.86000000E+003, 3.26403778E+001
2.86250000E+003, 3.28326887E+001
2.86500000E+003, 3.29950251E+001
2.86750000E+003, 3.30289918E+001
2.87000000E+003, 3.33089524E+001
2.87250000E+003, 3.33232186E+001
2.87500000E+003, 3.34589911E+001
2.87750000E+003, 3.36760918E+001
2.88000000E+003, 3.37776433E+001
2.88250000E+003, 3.38592342E+001
2.88500000E+003, 3.40426471E+001
2.88750000E+003, 3.41067955E+001
2.89000000E+003, 3.41920811E+001
2.89250000E+003, 3.44363903E+001
2.89500000E+003, 3.46027142E+001
2.89750000E+003, 3.46023658E+001
2.90000000E+003, 3.46940474E+001
2.90250000E+003, 3.48139633E+001
2.90500000E+003, 3.48930720E+001
2.90750000E+003, 3.49379602E+001
2.91000000E+003, 3.51910672E+001
2.91250000E+003, 3.52868510E+001
2.91500000E+003, 3.53702318E+001
2.91750000E+003, 3.54202011E+001
2.92000000E+003, 3.54878471E+001
2.92250000E+003, 3.55174440E+001
2.92500000E+003, 3.55280802E+001
2.92750000E+003, 3.55109057E+001
2.93000000E+003, 3.53101570E+001
2.93250000E+003, 3.55057477E+001
2.93500000E+003, 3.77333153E+001
2.93750000E+003, 3.74176114E+001
2.94000000E+003, 3.73199990E+001
2.94250000E+003, 3.72856630E+001
2.94500000E+003, 3.72151625E+001
2.94750000E+003, 3.73962097E+001
2.95000000E+003, 3.74443586E+001
2.95250000E+003, 3.74400850E+001
2.95500000E+003, 3.76505537E+001
2.95750000E+003, 3.77061595E+001
2.96000000E+003, 3.78438588E+001
2.96250000E+003, 3.79464020E+001
2.96500000E+003, 3.79683736E+001
2.96750000E+003, 3.81504322E+001
2.97000000E+003, 3.82722532E+001
2.97250000E+003, 3.83725531E+001
2.97500000E+003, 3.85288295E+001
2.97750000E+003, 3.85701783E+001
2.98000000E+003, 3.86734392E+001
2.98250000E+003, 3.88238322E+001
2.98500000E+003, 3.89189163E+001
2.98750000E+003, 3.91449485E+001
2.99000000E+003, 3.92569831E+001
2.99250000E+003, 3.93278312E+001
2.99500000E+003, 3.94640237E+001
2.99750000E+003, 3.96004701E+001
3.00000000E+003, 3.95888561E+001
3.00250000E+003, 3.97764569E+001
3.00500000E+003, 3.99139673E+001
3.00750000E+003, 4.00470404E+001
3.01000000E+003, 4.01522222E+001
3.01250000E+003, 4.03082966E+001
3.01500000E+003, 4.04011453E+001
3.01750000E+003, 4.05943454E+001
3.02000000E+003, 4.07768114E+001
3.02250000E+003, 4.09156286E+001
3.02500000E+003, 4.09869083E+001
3.02750000E+003, 4.10721332E+001
3.03000000E+003, 4.12270777E+001
3.03250000E+003, 4.14409249E+001
3.03500000E+003, 4.14673183E+001
3.03750000E+003, 4.16110313E+001
3.04000000E+003, 4.17031816E+001
3.04250000E+003, 4.19646797E+001
3.04500000E+003, 4.20627520E+001
3.04750000E+003, 4.22173436E+001
3.05000000E+003, 4.23797922E+001
3.05250000E+003, 4.24681064E+001
3.05500000E+003, 4.26441362E+001
3.05750000E+003, 4.27525767E+001
3.06000000E+003, 4.28940194E+001
3.06250000E+003, 4.30750076E+001
3.06500000E+003, 4.31969950E+001
3.06750000E+003, 4.34287736E+001
3.07000000E+003, 4.35027763E+001
3.07250000E+003, 4.36548824E+001
3.07500000E+003, 4.37599667E+001
3.07750000E+003, 4.40049579E+001
3.08000000E+003, 4.41153678E+001
3.08250000E+003, 4.43134997E+001
3.08500000E+003, 4.44825559E+001
3.08750000E+003, 4.46463993E+001
3.09000000E+003, 4.47797492E+001
3.09250000E+003, 4.49738160E+001
3.09500000E+003, 4.51009542E+001
3.09750000E+003, 4.52896373E+001
3.10000000E+003, 4.54908760E+001
3.10250000E+003, 4.56818412E+001
3.10500000E+003, 4.57433051E+001
3.10750000E+003, 4.59104634E+001
3.11000000E+003, 4.61846351E+001
3.11250000E+003, 4.64443682E+001
3.11500000E+003, 4.65839481E+001
3.11750000E+003, 4.68279936E+001
3.12000000E+003, 4.70518898E+001
3.12250000E+003, 4.71691446E+001
3.12500000E+003, 4.74099101E+001
3.12750000E+003, 4.75367194E+001
3.13000000E+003, 4.77411918E+001
3.13250000E+003, 4.80862487E+001
3.13500000E+003, 4.81859679E+001
3.13750000E+003, 4.84600562E+001
3.14000000E+003, 4.86893111E+001
3.14250000E+003, 4.90078944E+001
3.14500000E+003, 4.90707858E+001
3.14750000E+003, 4.93787561E+001
3.15000000E+003, 4.96826410E+001
3.15250000E+003, 4.97977956E+001
3.15500000E+003, 5.01539794E+001
3.15750000E+003, 5.03676537E+001
3.16000000E+003, 5.06446217E+001
3.16250000E+003, 5.08741333E+001
3.16500000E+003, 5.12117196E+001
3.16750000E+003, 5.13890757E+001
3.17000000E+003, 5.17859907E+001
3.17250000E+003, 5.20113052E+001
3.17500000E+003, 5.23054032E+001
3.17750000E+003, 5.27004494E+001
3.18000000E+003, 5.30494554E+001
3.18250000E+003, 5.35301565E+001
3.18500000E+003, 5.36899631E+001
3.18750000E+003, 5.41098563E+001
3.19000000E+003, 5.44511057E+001
3.19250000E+003, 5.49028684E+001
3.19500000E+003, 5.52962795E+001
3.19750000E+003, 5.57876914E+001
3.20000000E+003, 5.62586645E+001
3.20250000E+003, 5.65199348E+001
3.20500000E+003, 5.72004953E+001
3.20750000E+003, 5.76885210E+001
3.21000000E+003, 5.79208175E+001
3.21250000E+003, 5.88552154E+001
3.21500000E+003, 5.92992857E+001
3.21750000E+003, 6.00181908E+001
3.22000000E+003, 6.05056061E+001
3.22250000E+003, 6.14813923E+001
3.22500000E+003, 6.22628402E+001
3.22750000E+003, 6.29689231E+001
3.23000000E+003, 6.39727207E+001
3.23250000E+003, 6.53558764E+001
3.23500000E+003, 6.61228434E+001
3.23750000E+003, 6.76397636E+001
3.24000000E+003, 6.89841531E+001
3.24250000E+003, 7.01816512E+001
3.24500000E+003, 7.38346847E+001
3.24750000E+003, 7.43524342E+001
3.25000000E+003, 7.60158218E+001
3.25250000E+003, 7.54099405E+001
3.25500000E+003, 7.39674677E+001
3.25750000E+003, 7.19204384E+001
3.26000000E+003, 7.07862604E+001
3.26250000E+003, 6.88878186E+001
3.26500000E+003, 6.68914301E+001
3.26750000E+003, 6.62198347E+001
3.27000000E+003, 6.53722689E+001
3.27250000E+003, 6.44570619E+001
3.27500000E+003, 6.30358980E+001
3.27750000E+003, 6.25452022E+001
3.28000000E+003, 6.21696551E+001
3.28250000E+003, 6.12319746E+001
3.28500000E+003, 6.03731193E+001
3.28750000E+003, 6.00596894E+001
3.29000000E+003, 5.92165068E+001
3.29250000E+003, 5.88894165E+001
3.29500000E+003, 5.85561322E+001
3.29750000E+003, 5.79071120E+001
3.30000000E+003, 5.74167829E+001
3.30250000E+003, 5.71703000E+001
3.30500000E+003, 5.66774548E+001
3.30750000E+003, 5.62917197E+001
3.31000000E+003, 5.61438343E+001
3.31250000E+003, 5.56160019E+001
3.31500000E+003, 5.55305543E+001
3.31750000E+003, 5.51031570E+001
3.32000000E+003, 5.49599596E+001
3.32250000E+003, 5.45571786E+001
3.32500000E+003, 5.44129010E+001
3.32750000E+003, 5.40524180E+001
3.33000000E+003, 5.38438293E+001
3.33250000E+003, 5.34368702E+001
3.33500000E+003, 5.33466246E+001
3.33750000E+003, 5.31907289E+001
3.34000000E+003, 5.30838424E+001
3.34250000E+003, 5.27301311E+001
3.34500000E+003, 5.25717129E+001
3.34750000E+003, 5.25912025E+001
3.35000000E+003, 5.22240738E+001
3.35250000E+003, 5.08576583E+001
3.35500000E+003, 5.10895173E+001
3.35750000E+003, 5.10594097E+001
3.36000000E+003, 5.08966900E+001
3.36250000E+003, 5.07207964E+001
3.36500000E+003, 5.06631771E+001
3.36750000E+003, 5.03785162E+001
3.37000000E+003, 5.03784434E+001
3.37250000E+003, 5.02304942E+001
3.37500000E+003, 4.96964011E+001
3.37750000E+003, 4.98390464E+001
3.38000000E+003, 4.92667369E+001
3.38250000E+003, 5.10731856E+001
3.38500000E+003, 5.08624437E+001
3.38750000E+003, 5.00826900E+001
3.39000000E+003, 4.97670360E+001
3.39250000E+003, 4.95414361E+001
3.39500000E+003, 4.93449494E+001
3.39750000E+003, 4.91490034E+001
3.40000000E+003, 4.91396382E+001
3.40250000E+003, 4.89244524E+001
3.40500000E+003, 4.87109292E+001
3.40750000E+003, 4.86248344E+001
3.41000000E+003, 4.85940946E+001
3.41250000E+003, 4.85465303E+001
3.41500000E+003, 4.81971268E+001
3.41750000E+003, 4.81998510E+001
3.42000000E+003, 4.82531377E+001
3.42250000E+003, 4.79238611E+001
3.42500000E+003, 4.78450496E+001
3.42750000E+003, 4.79395569E+001
3.43000000E+003, 4.78343121E+001
3.43250000E+003, 4.77339980E+001
3.43500000E+003, 4.74889170E+001
3.43750000E+003, 4.74682925E+001
3.44000000E+003, 4.76276801E+001
3.44250000E+003, 4.74939988E+001
3.44500000E+003, 4.72945148E+001
3.44750000E+003, 4.71084412E+001
3.45000000E+003, 4.69793974E+001
3.45250000E+003, 4.69846855E+001
3.45500000E+003, 4.67760938E+001
3.45750000E+003, 4.67235406E+001
3.46000000E+003, 4.66414913E+001
3.46250000E+003, 4.65145262E+001
3.46500000E+003, 4.67327869E+001
3.46750000E+003, 4.64403021E+001
3.47000000E+003, 4.66342473E+001
3.47250000E+003, 4.62463080E+001
3.47500000E+003, 4.63079939E+001
3.47750000E+003, 4.63035087E+001
3.48000000E+003, 4.60514956E+001
3.48250000E+003, 4.60380418E+001
3.48500000E+003, 4.61494514E+001
3.48750000E+003, 4.60658800E+001
3.49000000E+003, 4.60172850E+001
3.49250000E+003, 4.55051054E+001
3.49500000E+003, 4.60180086E+001
3.49750000E+003, 4.56354430E+001
3.50000000E+003, 4.59367067E+001
3.50250000E+003, 4.57472007E+001
3.50500000E+003, 4.56533641E+001
3.50750000E+003, 4.56574694E+001
3.51000000E+003, 4.54822377E+001
3.51250000E+003, 4.56543134E+001
3.51500000E+003, 4.53845586E+001
3.51750000E+003, 4.61052538E+001
3.52000000E+003, 4.56382599E+001
3.52250000E+003, 4.51116336E+001
3.52500000E+003, 4.53346959E+001
3.52750000E+003, 4.60204816E+001
3.53000000E+003, 4.53049540E+001
3.53250000E+003, 4.56103315E+001
3.53500000E+003, 4.54791088E+001
3.53750000E+003, 4.57737438E+001
3.54000000E+003, 4.49728168E+001
3.54250000E+003, 4.51769522E+001
3.54500000E+003, 4.55630952E+001
3.54750000E+003, 4.59881875E+001
3.55000000E+003, 4.52954930E+001
3.55250000E+003, 4.55586445E+001
3.55500000E+003, 4.55717812E+001
3.55750000E+003, 4.55163428E+001
3.56000000E+003, 4.52477364E+001
3.56250000E+003, 4.38431249E+001
3.56500000E+003, 4.31624706E+001
3.56750000E+003, 4.39044772E+001
3.57000000E+003, 4.38999898E+001
3.57250000E+003, 4.38279260E+001
3.57500000E+003, 4.38735051E+001
3.57750000E+003, 4.36242662E+001
3.58000000E+003, 4.38029404E+001
3.58250000E+003, 4.35627883E+001
3.58500000E+003, 4.35120055E+001
3.58750000E+003, 4.35380635E+001
3.59000000E+003, 4.37085156E+001
3.59250000E+003, 4.35955592E+001
3.59500000E+003, 4.37578078E+001
3.59750000E+003, 4.35509682E+001
3.60000000E+003, 4.34870038E+001
3.60250000E+003, 4.34429650E+001
3.60500000E+003, 4.34911214E+001
3.60750000E+003, 4.32726121E+001
3.61000000E+003, 4.33409247E+001
3.61250000E+003, 4.35009084E+001
3.61500000E+003, 4.35248438E+001
3.61750000E+003, 4.33792151E+001
3.62000000E+003, 4.33242067E+001
3.62250000E+003, 4.30933185E+001
3.62500000E+003, 4.33948304E+001
3.62750000E+003, 4.32451905E+001
3.63000000E+003, 4.30639110E+001
3.63250000E+003, 4.30407345E+001
3.63500000E+003, 4.31530243E+001
3.63750000E+003, 4.32353557E+001
3.64000000E+003, 4.31660896E+001
3.64250000E+003, 4.29908545E+001
3.64500000E+003, 4.29095208E+001
3.64750000E+003, 4.29385990E+001
3.65000000E+003, 4.29421543E+001
3.65250000E+003, 4.28622128E+001
3.65500000E+003, 4.29415511E+001
3.65750000E+003, 4.29481197E+001
3.66000000E+003, 4.28885527E+001
3.66250000E+003, 4.27281770E+001
3.66500000E+003, 4.26996514E+001
3.66750000E+003, 4.28759981E+001
3.67000000E+003, 4.26467401E+001
3.67250000E+003, 4.26123842E+001
3.67500000E+003, 4.26404446E+001
3.67750000E+003, 4.26171515E+001
3.68000000E+003, 4.25029680E+001
3.68250000E+003, 4.25094321E+001
3.68500000E+003, 4.25775810E+001
3.68750000E+003, 4.24070146E+001
3.69000000E+003, 4.24446471E+001
3.69250000E+003, 4.23528476E+001
3.69500000E+003, 4.23511538E+001
3.69750000E+003, 4.22684263E+001
3.70000000E+003, 4.23602674E+001
3.70250000E+003, 4.22676187E+001
3.70500000E+003, 4.22838131E+001
3.70750000E+003, 4.21020125E+001
3.71000000E+003, 4.21017116E+001
3.71250000E+003, 4.21185534E+001
3.71500000E+003, 4.19165833E+001
3.71750000E+003, 4.18664807E+001
3.72000000E+003, 4.17224930E+001
3.72250000E+003, 4.26355184E+001
3.72500000E+003, 4.27069626E+001
3.72750000E+003, 4.24772999E+001
3.73000000E+003, 4.26583331E+001
3.73250000E+003, 4.22220139E+001
3.73500000E+003, 4.22479327E+001
3.73750000E+003, 4.20935400E+001
3.74000000E+003, 4.21461337E+001
3.74250000E+003, 4.22296818E+001
3.74500000E+003, 4.20574668E+001
3.74750000E+003, 4.20899312E+001
3.75000000E+003, 4.21300335E+001
3.75250000E+003, 4.20780572E+001
3.75500000E+003, 4.21018938E+001
3.75750000E+003, 4.20561956E+001
3.76000000E+003, 4.20140385E+001
3.76250000E+003, 4.20210085E+001
3.76500000E+003, 4.19601517E+001
3.76750000E+003, 4.22047451E+001
3.77000000E+003, 4.22097472E+001
3.77250000E+003, 4.12679293E+001
3.77500000E+003, 4.13576467E+001
3.77750000E+003, 4.14473473E+001
3.78000000E+003, 4.16216931E+001
3.78250000E+003, 4.16025745E+001
3.78500000E+003, 4.15902161E+001
3.78750000E+003, 4.16704865E+001
3.79000000E+003, 4.14991176E+001
3.79250000E+003, 4.14892863E+001
3.79500000E+003, 4.15929219E+001
3.79750000E+003, 4.15408529E+001
3.80000000E+003, 4.14606863E+001
3.80250000E+003, 4.14958637E+001
3.80500000E+003, 4.15832403E+001
3.80750000E+003, 4.14562377E+001
3.81000000E+003, 4.14214483E+001
3.81250000E+003, 4.13917953E+001
3.81500000E+003, 4.15019300E+001
3.81750000E+003, 4.14495155E+001
3.82000000E+003, 4.12752197E+001
3.82250000E+003, 4.13036735E+001
3.82500000E+003, 4.13383017E+001
3.82750000E+003, 4.14084969E+001
3.83000000E+003, 4.13083475E+001
3.83250000E+003, 4.14913236E+001
3.83500000E+003, 4.12658849E+001
3.83750000E+003, 4.11647212E+001
3.84000000E+003, 4.13433256E+001
3.84250000E+003, 4.11652009E+001
3.84500000E+003, 4.12779568E+001
3.84750000E+003, 4.12135745E+001
3.85000000E+003, 4.12066565E+001
3.85250000E+003, 4.12355862E+001
3.85500000E+003, 4.12064024E+001
3.85750000E+003, 4.10540812E+001
3.86000000E+003, 4.12189090E+001
3.86250000E+003, 4.11864326E+001
3.86500000E+003, 4.11894249E+001
3.86750000E+003, 4.11011250E+001
3.87000000E+003, 4.09583057E+001
3.87250000E+003, 4.11883192E+001
3.87500000E+003, 4.10239826E+001
3.87750000E+003, 4.09970754E+001
3.88000000E+003, 4.12307127E+001
3.88250000E+003, 4.11297140E+001
3.88500000E+003, 4.09397825E+001
3.88750000E+003, 4.09293748E+001
3.89000000E+003, 4.12050825E+001
3.89250000E+003, 4.10487424E+001
3.89500000E+003, 4.09963516E+001
3.89750000E+003, 4.08775131E+001
3.90000000E+003, 4.10799741E+001
3.90250000E+003, 4.08587927E+001
3.90500000E+003, 4.09521840E+001
3.90750000E+003, 4.08584844E+001
3.91000000E+003, 4.08258859E+001
3.91250000E+003, 4.09068589E+001
3.91500000E+003, 4.10183823E+001
3.91750000E+003, 4.08413826E+001
3.92000000E+003, 4.08378384E+001
3.92250000E+003, 4.08497260E+001
3.92500000E+003, 4.07818233E+001
3.92750000E+003, 4.07927578E+001
3.93000000E+003, 4.08771884E+001
3.93250000E+003, 4.07826259E+001
3.93500000E+003, 4.07348121E+001
3.93750000E+003, 4.08440496E+001
3.94000000E+003, 4.09009261E+001
3.94250000E+003, 4.08322598E+001
3.94500000E+003, 4.08150458E+001
3.94750000E+003, 4.08522969E+001
3.95000000E+003, 4.07534459E+001
3.95250000E+003, 4.08701564E+001
3.95500000E+003, 4.07756608E+001
3.95750000E+003, 4.08488917E+001
3.96000000E+003, 4.09384570E+001
3.96250000E+003, 4.07237643E+001
3.96500000E+003, 4.06905284E+001
3.96750000E+003, 4.07879898E+001
3.97000000E+003, 4.07581172E+001
3.97250000E+003, 4.06379319E+001
3.97500000E+003, 4.07205061E+001
3.97750000E+003, 4.06454587E+001
3.98000000E+003, 4.06193038E+001
3.98250000E+003, 4.06235551E+001
3.98500000E+003, 4.07599042E+001
3.98750000E+003, 4.07420651E+001
3.99000000E+003, 4.06245730E+001
3.99250000E+003, 4.06901083E+001
3.99500000E+003, 4.08367073E+001
3.99750000E+003, 4.06679729E+001
4.00000000E+003, 4.06243302E+001
