Label:, CH1-2: é¸îgêîâûìöä÷êî
DateTime:, Thu Feb 08 16:46:11 2018
DataKind:, CH1-2, FRF, Mag
DataPoints:, 1601
DataCalc:, H1
Frequency:, 0.000 , 4000.000, Hz
Sample:, 4096, Internal
Average:, 3, Power/Sum
Voltage(CH1):, -20.000, dBVrms
Voltage(CH2):, -10.000, dBVrms
EU/V(CH1):, 3.757E+001
EU/V(CH2):, 1.088E+003
Window(CH1):, Rect
Window(CH2):, Rect
X-AxisScale:, Lin
X-AxisUnit:, Hz
Y-AxisScale:, Log
Y-AxisUnit:, m/s2/N
Y-AxisMagniude:
0.00000000E+000, 4.71116407E+001
2.50000000E+000, 2.30165374E+000
5.00000000E+000, -2.90600658E+000
7.50000000E+000, 2.39259287E+000
1.00000000E+001, 1.44961544E+001
1.25000000E+001, 1.16740464E+001
1.50000000E+001, 6.19740529E+000
1.75000000E+001, 5.52003540E+000
2.00000000E+001, 8.67042476E+000
2.25000000E+001, 8.56625670E-001
2.50000000E+001, 8.38922682E+000
2.75000000E+001, -1.92012674E+000
3.00000000E+001, -3.37070587E+000
3.25000000E+001, 1.06624745E+000
3.50000000E+001, 8.94748613E-001
3.75000000E+001, -2.67448012E+000
4.00000000E+001, -1.89159089E+000
4.25000000E+001, 9.10856801E-001
4.50000000E+001, -4.55190520E+000
4.75000000E+001, -4.39356775E-001
5.00000000E+001, -2.61598277E+000
5.25000000E+001, 3.07646986E+000
5.50000000E+001, -4.91010008E+000
5.75000000E+001, -2.62826319E+000
6.00000000E+001, -7.63881942E+000
6.25000000E+001, -1.18276999E+001
6.50000000E+001, -1.72158903E-001
6.75000000E+001, -1.70584905E+000
7.00000000E+001, -1.42961853E+001
7.25000000E+001, -1.80020479E+000
7.50000000E+001, -7.57388029E+000
7.75000000E+001, -8.74466934E+000
8.00000000E+001, 7.87522504E-001
8.25000000E+001, 9.49286977E-002
8.50000000E+001, -3.54439624E+000
8.75000000E+001, -2.51397854E+000
9.00000000E+001, -7.08021180E+000
9.25000000E+001, 3.62695549E-001
9.50000000E+001, -1.83472081E+001
9.75000000E+001, -3.97584507E+000
1.00000000E+002, -5.76224933E+000
1.02500000E+002, -7.86097380E+000
1.05000000E+002, -8.92125017E+000
1.07500000E+002, -3.17438682E+000
1.10000000E+002, -4.34139097E+000
1.12500000E+002, -7.31233160E+000
1.15000000E+002, -5.87737356E+000
1.17500000E+002, -9.66573447E+000
1.20000000E+002, -1.91673632E+001
1.22500000E+002, -1.01774120E+001
1.25000000E+002, -4.28411875E+000
1.27500000E+002, -1.21339802E+000
1.30000000E+002, -5.17276168E-001
1.32500000E+002, 3.16499433E+000
1.35000000E+002, 4.97810902E+000
1.37500000E+002, 9.75282846E+000
1.40000000E+002, 1.58794858E+001
1.42500000E+002, 2.98533579E+001
1.45000000E+002, 1.98486618E+001
1.47500000E+002, 1.41868230E+001
1.50000000E+002, 1.23040282E+001
1.52500000E+002, 9.41783583E+000
1.55000000E+002, 7.50224604E+000
1.57500000E+002, 9.13110488E+000
1.60000000E+002, 8.18763795E+000
1.62500000E+002, 5.71792133E+000
1.65000000E+002, 5.98355747E+000
1.67500000E+002, 4.27767842E+000
1.70000000E+002, 2.16262632E+000
1.72500000E+002, 1.86459030E+000
1.75000000E+002, 3.32081998E+000
1.77500000E+002, 8.03344966E-002
1.80000000E+002, 3.86708799E+000
1.82500000E+002, 4.24083084E+000
1.85000000E+002, 3.35004311E+000
1.87500000E+002, 4.10060851E+000
1.90000000E+002, 2.46898880E+000
1.92500000E+002, -1.60746356E-001
1.95000000E+002, -2.28625119E+000
1.97500000E+002, 4.62448067E+000
2.00000000E+002, 2.28587220E+000
2.02500000E+002, 4.95039971E+000
2.05000000E+002, 4.35597760E+000
2.07500000E+002, 1.31898837E+000
2.10000000E+002, 1.76161008E+000
2.12500000E+002, 6.11736337E+000
2.15000000E+002, 3.43884713E+000
2.17500000E+002, 3.43294031E+000
2.20000000E+002, 1.51528771E+000
2.22500000E+002, 6.22819512E-001
2.25000000E+002, 4.15505699E+000
2.27500000E+002, -8.32882159E-001
2.30000000E+002, 1.69073154E+000
2.32500000E+002, 1.53686691E+000
2.35000000E+002, -1.54569526E-001
2.37500000E+002, 2.19651157E-001
2.40000000E+002, 4.08861704E+000
2.42500000E+002, 4.80803394E+000
2.45000000E+002, 3.69870350E-001
2.47500000E+002, -2.38600092E+000
2.50000000E+002, 3.66781661E-001
2.52500000E+002, 1.82767308E+000
2.55000000E+002, -4.82291829E-001
2.57500000E+002, 2.65620791E+000
2.60000000E+002, 2.40108698E+000
2.62500000E+002, 4.08707310E+000
2.65000000E+002, -9.89063937E-002
2.67500000E+002, 1.15168482E+000
2.70000000E+002, 1.45056359E+000
2.72500000E+002, 4.10076720E+000
2.75000000E+002, 1.07706161E+000
2.77500000E+002, 3.26267991E+000
2.80000000E+002, 2.80718846E+000
2.82500000E+002, 9.75904670E-001
2.85000000E+002, 3.20730378E+000
2.87500000E+002, 2.13537545E+000
2.90000000E+002, 3.20672487E+000
2.92500000E+002, 2.73558367E+000
2.95000000E+002, 5.39656788E+000
2.97500000E+002, 5.31781324E+000
3.00000000E+002, 4.31909603E+000
3.02500000E+002, 2.85269747E+000
3.05000000E+002, 2.44045131E+000
3.07500000E+002, 2.78568076E+000
3.10000000E+002, 3.57202962E-002
3.12500000E+002, 7.91617190E-001
3.15000000E+002, 2.12150758E+000
3.17500000E+002, 4.02113337E+000
3.20000000E+002, 3.94539020E+000
3.22500000E+002, 4.14924823E+000
3.25000000E+002, 3.99996772E+000
3.27500000E+002, 5.02536455E+000
3.30000000E+002, 4.34023934E+000
3.32500000E+002, 4.69917483E+000
3.35000000E+002, 5.90792265E+000
3.37500000E+002, 3.29162743E+000
3.40000000E+002, 1.63859655E+000
3.42500000E+002, 4.93689942E+000
3.45000000E+002, 4.16462882E+000
3.47500000E+002, 3.66192882E+000
3.50000000E+002, 2.49104627E+000
3.52500000E+002, 3.76449574E+000
3.55000000E+002, 5.59246023E+000
3.57500000E+002, 2.67784896E+000
3.60000000E+002, 2.89438305E+000
3.62500000E+002, 3.92181784E+000
3.65000000E+002, 3.18120862E+000
3.67500000E+002, 4.03208254E+000
3.70000000E+002, 3.21230539E+000
3.72500000E+002, 4.08712239E+000
3.75000000E+002, 5.33495296E+000
3.77500000E+002, 4.07206808E+000
3.80000000E+002, 3.72661037E+000
3.82500000E+002, 4.17512754E+000
3.85000000E+002, 3.84958803E+000
3.87500000E+002, 2.77652756E+000
3.90000000E+002, 5.40633528E+000
3.92500000E+002, 3.68903062E+000
3.95000000E+002, 4.33346285E+000
3.97500000E+002, 4.33206161E+000
4.00000000E+002, 3.75116514E+000
4.02500000E+002, 4.13041253E+000
4.05000000E+002, 4.18069462E+000
4.07500000E+002, 5.32663985E+000
4.10000000E+002, 6.41014929E+000
4.12500000E+002, 5.25501600E+000
4.15000000E+002, 5.96593326E+000
4.17500000E+002, 5.25645490E+000
4.20000000E+002, 5.98952603E+000
4.22500000E+002, 5.55814725E+000
4.25000000E+002, 4.53729318E+000
4.27500000E+002, 4.98302875E+000
4.30000000E+002, 5.58165957E+000
4.32500000E+002, 5.00808147E+000
4.35000000E+002, 5.61791264E+000
4.37500000E+002, 6.01666139E+000
4.40000000E+002, 5.53045848E+000
4.42500000E+002, 5.76724648E+000
4.45000000E+002, 4.51413762E+000
4.47500000E+002, 5.63933058E+000
4.50000000E+002, 4.86855265E+000
4.52500000E+002, 5.74412721E+000
4.55000000E+002, 5.42689791E+000
4.57500000E+002, 5.77797554E+000
4.60000000E+002, 5.17537013E+000
4.62500000E+002, 5.29761216E+000
4.65000000E+002, 5.35962212E+000
4.67500000E+002, 5.74318114E+000
4.70000000E+002, 5.22666460E+000
4.72500000E+002, 4.40345301E+000
4.75000000E+002, 4.41537542E+000
4.77500000E+002, 5.05636369E+000
4.80000000E+002, 4.87038015E+000
4.82500000E+002, 5.45527953E+000
4.85000000E+002, 5.97518240E+000
4.87500000E+002, 5.68000500E+000
4.90000000E+002, 3.96184420E+000
4.92500000E+002, 5.26273250E+000
4.95000000E+002, 3.93885373E+000
4.97500000E+002, 5.57567103E+000
5.00000000E+002, 4.62932862E+000
5.02500000E+002, 4.14684588E+000
5.05000000E+002, 2.64061133E+000
5.07500000E+002, 8.04277373E-001
5.10000000E+002, 1.18952070E+000
5.12500000E+002, -1.91762654E+000
5.15000000E+002, -1.30957913E+000
5.17500000E+002, -1.68269501E+000
5.20000000E+002, -1.20244369E+001
5.22500000E+002, -1.00053876E+001
5.25000000E+002, 6.19761008E+000
5.27500000E+002, 1.32778109E+001
5.30000000E+002, 2.29873025E+001
5.32500000E+002, 3.53356017E+001
5.35000000E+002, 2.34914447E+001
5.37500000E+002, 1.91463653E+001
5.40000000E+002, 1.75190290E+001
5.42500000E+002, 1.79242407E+001
5.45000000E+002, 1.61023050E+001
5.47500000E+002, 1.45210114E+001
5.50000000E+002, 1.48499051E+001
5.52500000E+002, 1.47308015E+001
5.55000000E+002, 1.37761559E+001
5.57500000E+002, 1.48492836E+001
5.60000000E+002, 1.45563462E+001
5.62500000E+002, 1.47153803E+001
5.65000000E+002, 1.27622335E+001
5.67500000E+002, 1.36185308E+001
5.70000000E+002, 1.46717812E+001
5.72500000E+002, 1.43736908E+001
5.75000000E+002, 1.48446662E+001
5.77500000E+002, 1.38974642E+001
5.80000000E+002, 1.31131453E+001
5.82500000E+002, 1.30741257E+001
5.85000000E+002, 1.38683573E+001
5.87500000E+002, 1.45222953E+001
5.90000000E+002, 1.38870050E+001
5.92500000E+002, 1.48264766E+001
5.95000000E+002, 1.40596827E+001
5.97500000E+002, 1.50978581E+001
6.00000000E+002, 1.36697569E+001
6.02500000E+002, 1.51405965E+001
6.05000000E+002, 1.52871946E+001
6.07500000E+002, 1.44103842E+001
6.10000000E+002, 1.45682596E+001
6.12500000E+002, 1.44455416E+001
6.15000000E+002, 1.36704806E+001
6.17500000E+002, 1.46745492E+001
6.20000000E+002, 1.50177068E+001
6.22500000E+002, 1.49937530E+001
6.25000000E+002, 1.44856354E+001
6.27500000E+002, 1.49633005E+001
6.30000000E+002, 1.48112259E+001
6.32500000E+002, 1.46259373E+001
6.35000000E+002, 1.50118993E+001
6.37500000E+002, 1.54822013E+001
6.40000000E+002, 1.61740174E+001
6.42500000E+002, 1.52084153E+001
6.45000000E+002, 1.58436692E+001
6.47500000E+002, 1.57601126E+001
6.50000000E+002, 1.60383994E+001
6.52500000E+002, 1.61779624E+001
6.55000000E+002, 1.58594736E+001
6.57500000E+002, 1.66291764E+001
6.60000000E+002, 1.70560935E+001
6.62500000E+002, 1.71454648E+001
6.65000000E+002, 1.67764738E+001
6.67500000E+002, 1.73667355E+001
6.70000000E+002, 1.71233397E+001
6.72500000E+002, 1.71093319E+001
6.75000000E+002, 1.76440897E+001
6.77500000E+002, 1.79072259E+001
6.80000000E+002, 1.80354587E+001
6.82500000E+002, 1.79570196E+001
6.85000000E+002, 1.78897020E+001
6.87500000E+002, 1.78984881E+001
6.90000000E+002, 1.82091598E+001
6.92500000E+002, 1.88032350E+001
6.95000000E+002, 1.87679315E+001
6.97500000E+002, 1.89233752E+001
7.00000000E+002, 1.87445988E+001
7.02500000E+002, 1.88296333E+001
7.05000000E+002, 1.90547055E+001
7.07500000E+002, 1.89601239E+001
7.10000000E+002, 1.97237209E+001
7.12500000E+002, 1.97676211E+001
7.15000000E+002, 1.99692674E+001
7.17500000E+002, 1.99602052E+001
7.20000000E+002, 2.02448938E+001
7.22500000E+002, 2.03018909E+001
7.25000000E+002, 2.04574337E+001
7.27500000E+002, 2.08120307E+001
7.30000000E+002, 2.11291922E+001
7.32500000E+002, 2.10525463E+001
7.35000000E+002, 2.13083643E+001
7.37500000E+002, 2.15920664E+001
7.40000000E+002, 2.18775845E+001
7.42500000E+002, 2.19587323E+001
7.45000000E+002, 2.21394567E+001
7.47500000E+002, 2.23570853E+001
7.50000000E+002, 2.27772009E+001
7.52500000E+002, 2.27580978E+001
7.55000000E+002, 2.30560393E+001
7.57500000E+002, 2.31287948E+001
7.60000000E+002, 2.33837551E+001
7.62500000E+002, 2.37403142E+001
7.65000000E+002, 2.40266133E+001
7.67500000E+002, 2.42010766E+001
7.70000000E+002, 2.42142924E+001
7.72500000E+002, 2.49363752E+001
7.75000000E+002, 2.48183520E+001
7.77500000E+002, 2.52940771E+001
7.80000000E+002, 2.53838544E+001
7.82500000E+002, 2.57816332E+001
7.85000000E+002, 2.59839389E+001
7.87500000E+002, 2.64551354E+001
7.90000000E+002, 2.67790406E+001
7.92500000E+002, 2.72116813E+001
7.95000000E+002, 2.73114805E+001
7.97500000E+002, 2.76303770E+001
8.00000000E+002, 2.78800662E+001
8.02500000E+002, 2.84190783E+001
8.05000000E+002, 2.87905053E+001
8.07500000E+002, 2.91255627E+001
8.10000000E+002, 2.94065660E+001
8.12500000E+002, 2.97900247E+001
8.15000000E+002, 3.03584242E+001
8.17500000E+002, 3.07717435E+001
8.20000000E+002, 3.11929174E+001
8.22500000E+002, 3.18084416E+001
8.25000000E+002, 3.22865934E+001
8.27500000E+002, 3.28900527E+001
8.30000000E+002, 3.33749221E+001
8.32500000E+002, 3.39873962E+001
8.35000000E+002, 3.47197005E+001
8.37500000E+002, 3.53668042E+001
8.40000000E+002, 3.61614461E+001
8.42500000E+002, 3.70232475E+001
8.45000000E+002, 3.79071069E+001
8.47500000E+002, 3.89648795E+001
8.50000000E+002, 4.01438935E+001
8.52500000E+002, 4.14182121E+001
8.55000000E+002, 4.27767156E+001
8.57500000E+002, 4.46217989E+001
8.60000000E+002, 4.66952193E+001
8.62500000E+002, 4.91009163E+001
8.65000000E+002, 5.18905088E+001
8.67500000E+002, 5.36111432E+001
8.70000000E+002, 5.24679388E+001
8.72500000E+002, 4.97978919E+001
8.75000000E+002, 4.73702974E+001
8.77500000E+002, 4.52507306E+001
8.80000000E+002, 4.36420523E+001
8.82500000E+002, 4.21227749E+001
8.85000000E+002, 4.08890073E+001
8.87500000E+002, 3.96567803E+001
8.90000000E+002, 3.88280332E+001
8.92500000E+002, 3.80182437E+001
8.95000000E+002, 3.70854521E+001
8.97500000E+002, 3.63510630E+001
9.00000000E+002, 3.56400596E+001
9.02500000E+002, 3.50829593E+001
9.05000000E+002, 3.46114256E+001
9.07500000E+002, 3.39968927E+001
9.10000000E+002, 3.35902780E+001
9.12500000E+002, 3.32151419E+001
9.15000000E+002, 3.27082063E+001
9.17500000E+002, 3.23417639E+001
9.20000000E+002, 3.21419183E+001
9.22500000E+002, 3.13602789E+001
9.25000000E+002, 3.11220111E+001
9.27500000E+002, 3.07627701E+001
9.30000000E+002, 3.05327038E+001
9.32500000E+002, 3.01664805E+001
9.35000000E+002, 2.99280156E+001
9.37500000E+002, 2.96707939E+001
9.40000000E+002, 2.92141932E+001
9.42500000E+002, 2.90621160E+001
9.45000000E+002, 2.87266541E+001
9.47500000E+002, 2.85966457E+001
9.50000000E+002, 2.83877786E+001
9.52500000E+002, 2.82152288E+001
9.55000000E+002, 2.81724337E+001
9.57500000E+002, 2.78016655E+001
9.60000000E+002, 2.75389500E+001
9.62500000E+002, 2.74200659E+001
9.65000000E+002, 2.69543208E+001
9.67500000E+002, 2.68935214E+001
9.70000000E+002, 2.67984801E+001
9.72500000E+002, 2.65421906E+001
9.75000000E+002, 2.62449136E+001
9.77500000E+002, 2.61741165E+001
9.80000000E+002, 2.60868521E+001
9.82500000E+002, 2.60517851E+001
9.85000000E+002, 2.58323210E+001
9.87500000E+002, 2.57525841E+001
9.90000000E+002, 2.55215659E+001
9.92500000E+002, 2.54443108E+001
9.95000000E+002, 2.54187735E+001
9.97500000E+002, 2.51247248E+001
1.00000000E+003, 2.51039862E+001
1.00250000E+003, 2.49677400E+001
1.00500000E+003, 2.47444365E+001
1.00750000E+003, 2.46863043E+001
1.01000000E+003, 2.45122356E+001
1.01250000E+003, 2.44534594E+001
1.01500000E+003, 2.43322783E+001
1.01750000E+003, 2.42677303E+001
1.02000000E+003, 2.40450956E+001
1.02250000E+003, 2.39282888E+001
1.02500000E+003, 2.37909861E+001
1.02750000E+003, 2.38943829E+001
1.03000000E+003, 2.37882023E+001
1.03250000E+003, 2.37722740E+001
1.03500000E+003, 2.34860234E+001
1.03750000E+003, 2.33282107E+001
1.04000000E+003, 2.34988754E+001
1.04250000E+003, 2.32866850E+001
1.04500000E+003, 2.31052458E+001
1.04750000E+003, 2.30651066E+001
1.05000000E+003, 2.30917131E+001
1.05250000E+003, 2.27517595E+001
1.05500000E+003, 2.29796581E+001
1.05750000E+003, 2.27667031E+001
1.06000000E+003, 2.26310929E+001
1.06250000E+003, 2.25861082E+001
1.06500000E+003, 2.23793857E+001
1.06750000E+003, 2.24208991E+001
1.07000000E+003, 2.24553240E+001
1.07250000E+003, 2.23203109E+001
1.07500000E+003, 2.23218211E+001
1.07750000E+003, 2.23193600E+001
1.08000000E+003, 2.22071250E+001
1.08250000E+003, 2.19686672E+001
1.08500000E+003, 2.19397607E+001
1.08750000E+003, 2.17376619E+001
1.09000000E+003, 2.18998744E+001
1.09250000E+003, 2.16195378E+001
1.09500000E+003, 2.16484460E+001
1.09750000E+003, 2.17215375E+001
1.10000000E+003, 2.16084925E+001
1.10250000E+003, 2.15895537E+001
1.10500000E+003, 2.15903050E+001
1.10750000E+003, 2.13811995E+001
1.11000000E+003, 2.13687915E+001
1.11250000E+003, 2.13262716E+001
1.11500000E+003, 2.13813741E+001
1.11750000E+003, 2.11897972E+001
1.12000000E+003, 2.13028075E+001
1.12250000E+003, 2.11477631E+001
1.12500000E+003, 2.10195556E+001
1.12750000E+003, 2.11018770E+001
1.13000000E+003, 2.10207960E+001
1.13250000E+003, 2.12201278E+001
1.13500000E+003, 2.09714441E+001
1.13750000E+003, 2.10093107E+001
1.14000000E+003, 2.08471940E+001
1.14250000E+003, 2.09704409E+001
1.14500000E+003, 2.06659836E+001
1.14750000E+003, 2.06713603E+001
1.15000000E+003, 2.07350795E+001
1.15250000E+003, 2.05443976E+001
1.15500000E+003, 2.06477653E+001
1.15750000E+003, 2.06090452E+001
1.16000000E+003, 2.04957711E+001
1.16250000E+003, 2.06838281E+001
1.16500000E+003, 2.03805732E+001
1.16750000E+003, 2.04800783E+001
1.17000000E+003, 2.04073638E+001
1.17250000E+003, 2.01996987E+001
1.17500000E+003, 2.03367409E+001
1.17750000E+003, 2.03733903E+001
1.18000000E+003, 2.02949153E+001
1.18250000E+003, 2.02339308E+001
1.18500000E+003, 2.01431487E+001
1.18750000E+003, 2.00917859E+001
1.19000000E+003, 2.01087987E+001
1.19250000E+003, 2.03153950E+001
1.19500000E+003, 2.01031326E+001
1.19750000E+003, 2.01931552E+001
1.20000000E+003, 2.00931508E+001
1.20250000E+003, 1.98491452E+001
1.20500000E+003, 2.01347207E+001
1.20750000E+003, 2.01151316E+001
1.21000000E+003, 2.01362067E+001
1.21250000E+003, 1.99330778E+001
1.21500000E+003, 1.98013873E+001
1.21750000E+003, 1.98625577E+001
1.22000000E+003, 1.98333946E+001
1.22250000E+003, 1.96542602E+001
1.22500000E+003, 1.98211575E+001
1.22750000E+003, 1.98230057E+001
1.23000000E+003, 1.94802427E+001
1.23250000E+003, 1.99482030E+001
1.23500000E+003, 1.99820680E+001
1.23750000E+003, 1.95190459E+001
1.24000000E+003, 1.96856830E+001
1.24250000E+003, 1.97385510E+001
1.24500000E+003, 1.96525786E+001
1.24750000E+003, 1.98270766E+001
1.25000000E+003, 1.99587169E+001
1.25250000E+003, 1.97343089E+001
1.25500000E+003, 1.96629631E+001
1.25750000E+003, 1.95524381E+001
1.26000000E+003, 1.94543934E+001
1.26250000E+003, 1.96472868E+001
1.26500000E+003, 1.94505499E+001
1.26750000E+003, 1.93634966E+001
1.27000000E+003, 1.95307115E+001
1.27250000E+003, 1.95161781E+001
1.27500000E+003, 1.94665302E+001
1.27750000E+003, 1.94827893E+001
1.28000000E+003, 1.95987419E+001
1.28250000E+003, 1.94275306E+001
1.28500000E+003, 1.93839368E+001
1.28750000E+003, 1.95529335E+001
1.29000000E+003, 1.94505758E+001
1.29250000E+003, 1.94573142E+001
1.29500000E+003, 1.95648844E+001
1.29750000E+003, 1.93905257E+001
1.30000000E+003, 1.96017909E+001
1.30250000E+003, 1.94556988E+001
1.30500000E+003, 1.95066324E+001
1.30750000E+003, 1.93475570E+001
1.31000000E+003, 1.94194333E+001
1.31250000E+003, 1.95792085E+001
1.31500000E+003, 1.96135000E+001
1.31750000E+003, 1.96577958E+001
1.32000000E+003, 1.94758365E+001
1.32250000E+003, 1.96878137E+001
1.32500000E+003, 1.97513252E+001
1.32750000E+003, 1.99268585E+001
1.33000000E+003, 2.01268739E+001
1.33250000E+003, 2.02716112E+001
1.33500000E+003, 2.06946810E+001
1.33750000E+003, 2.16061660E+001
1.34000000E+003, 2.42171878E+001
1.34250000E+003, 1.16097602E+001
1.34500000E+003, 1.62270650E+001
1.34750000E+003, 1.72947138E+001
1.35000000E+003, 1.78928952E+001
1.35250000E+003, 1.79143783E+001
1.35500000E+003, 1.79594040E+001
1.35750000E+003, 1.82243912E+001
1.36000000E+003, 1.85191894E+001
1.36250000E+003, 1.85231018E+001
1.36500000E+003, 1.85368936E+001
1.36750000E+003, 1.86678321E+001
1.37000000E+003, 1.86238388E+001
1.37250000E+003, 1.86292489E+001
1.37500000E+003, 1.87203132E+001
1.37750000E+003, 1.87551139E+001
1.38000000E+003, 1.86732826E+001
1.38250000E+003, 1.86054248E+001
1.38500000E+003, 1.88423231E+001
1.38750000E+003, 1.89168605E+001
1.39000000E+003, 1.86722139E+001
1.39250000E+003, 1.87658536E+001
1.39500000E+003, 1.88436158E+001
1.39750000E+003, 1.88196848E+001
1.40000000E+003, 1.87337767E+001
1.40250000E+003, 1.88235034E+001
1.40500000E+003, 1.87904093E+001
1.40750000E+003, 1.88011281E+001
1.41000000E+003, 1.88107205E+001
1.41250000E+003, 1.88783483E+001
1.41500000E+003, 1.88125183E+001
1.41750000E+003, 1.89043797E+001
1.42000000E+003, 1.89389793E+001
1.42250000E+003, 1.89570910E+001
1.42500000E+003, 1.89038057E+001
1.42750000E+003, 1.89779403E+001
1.43000000E+003, 1.90346689E+001
1.43250000E+003, 1.90304434E+001
1.43500000E+003, 1.90007124E+001
1.43750000E+003, 1.91166648E+001
1.44000000E+003, 1.90719238E+001
1.44250000E+003, 1.90513496E+001
1.44500000E+003, 1.90275417E+001
1.44750000E+003, 1.90534020E+001
1.45000000E+003, 1.90385979E+001
1.45250000E+003, 1.90593580E+001
1.45500000E+003, 1.86186898E+001
1.45750000E+003, 1.90141428E+001
1.46000000E+003, 1.90714951E+001
1.46250000E+003, 1.91809850E+001
1.46500000E+003, 1.89916572E+001
1.46750000E+003, 1.90828556E+001
1.47000000E+003, 1.90523351E+001
1.47250000E+003, 1.92852217E+001
1.47500000E+003, 1.91535468E+001
1.47750000E+003, 1.91570198E+001
1.48000000E+003, 1.92679589E+001
1.48250000E+003, 1.90978067E+001
1.48500000E+003, 1.92652140E+001
1.48750000E+003, 1.91576305E+001
1.49000000E+003, 1.93426900E+001
1.49250000E+003, 1.90872740E+001
1.49500000E+003, 1.90597452E+001
1.49750000E+003, 1.92167790E+001
1.50000000E+003, 1.92900494E+001
1.50250000E+003, 1.91619514E+001
1.50500000E+003, 1.93235367E+001
1.50750000E+003, 1.91765511E+001
1.51000000E+003, 1.92940041E+001
1.51250000E+003, 1.93602962E+001
1.51500000E+003, 1.92638532E+001
1.51750000E+003, 1.92534371E+001
1.52000000E+003, 1.93384530E+001
1.52250000E+003, 1.93974770E+001
1.52500000E+003, 1.91693375E+001
1.52750000E+003, 1.93879312E+001
1.53000000E+003, 1.93968927E+001
1.53250000E+003, 1.93328656E+001
1.53500000E+003, 1.93180386E+001
1.53750000E+003, 1.92719306E+001
1.54000000E+003, 1.91916890E+001
1.54250000E+003, 1.94613270E+001
1.54500000E+003, 1.93625834E+001
1.54750000E+003, 1.94173233E+001
1.55000000E+003, 1.96136413E+001
1.55250000E+003, 1.93246845E+001
1.55500000E+003, 1.93803693E+001
1.55750000E+003, 1.93296956E+001
1.56000000E+003, 1.95780107E+001
1.56250000E+003, 1.95271430E+001
1.56500000E+003, 1.95181156E+001
1.56750000E+003, 1.93681032E+001
1.57000000E+003, 1.95740316E+001
1.57250000E+003, 1.94684906E+001
1.57500000E+003, 1.93654462E+001
1.57750000E+003, 1.94929573E+001
1.58000000E+003, 1.95191591E+001
1.58250000E+003, 1.93832990E+001
1.58500000E+003, 1.97335487E+001
1.58750000E+003, 1.95851202E+001
1.59000000E+003, 1.94600676E+001
1.59250000E+003, 1.95318672E+001
1.59500000E+003, 1.96588909E+001
1.59750000E+003, 1.93873368E+001
1.60000000E+003, 1.95370069E+001
1.60250000E+003, 1.96352307E+001
1.60500000E+003, 1.94040250E+001
1.60750000E+003, 1.97835371E+001
1.61000000E+003, 1.98305356E+001
1.61250000E+003, 1.96608159E+001
1.61500000E+003, 1.98187904E+001
1.61750000E+003, 1.97023367E+001
1.62000000E+003, 1.97480282E+001
1.62250000E+003, 1.97919662E+001
1.62500000E+003, 1.97602466E+001
1.62750000E+003, 1.98197886E+001
1.63000000E+003, 1.99877217E+001
1.63250000E+003, 1.99095957E+001
1.63500000E+003, 2.01002390E+001
1.63750000E+003, 2.01693644E+001
1.64000000E+003, 1.99665536E+001
1.64250000E+003, 1.98059446E+001
1.64500000E+003, 2.00029257E+001
1.64750000E+003, 2.01318014E+001
1.65000000E+003, 1.99423908E+001
1.65250000E+003, 2.00154104E+001
1.65500000E+003, 1.99567090E+001
1.65750000E+003, 2.01988745E+001
1.66000000E+003, 2.01148505E+001
1.66250000E+003, 2.03014219E+001
1.66500000E+003, 2.04688841E+001
1.66750000E+003, 2.02354743E+001
1.67000000E+003, 2.02126083E+001
1.67250000E+003, 2.03975679E+001
1.67500000E+003, 2.05529134E+001
1.67750000E+003, 2.05444470E+001
1.68000000E+003, 2.06991321E+001
1.68250000E+003, 2.06106118E+001
1.68500000E+003, 2.05850541E+001
1.68750000E+003, 2.07114741E+001
1.69000000E+003, 2.06935604E+001
1.69250000E+003, 2.06535830E+001
1.69500000E+003, 2.07295476E+001
1.69750000E+003, 2.08306626E+001
1.70000000E+003, 2.09257479E+001
1.70250000E+003, 2.10318500E+001
1.70500000E+003, 2.11203872E+001
1.70750000E+003, 2.10303072E+001
1.71000000E+003, 2.10860892E+001
1.71250000E+003, 2.12905655E+001
1.71500000E+003, 2.12208317E+001
1.71750000E+003, 2.13865939E+001
1.72000000E+003, 2.15839507E+001
1.72250000E+003, 2.14220562E+001
1.72500000E+003, 2.14855475E+001
1.72750000E+003, 2.16544993E+001
1.73000000E+003, 2.19294666E+001
1.73250000E+003, 2.18187903E+001
1.73500000E+003, 2.17719789E+001
1.73750000E+003, 2.21662064E+001
1.74000000E+003, 2.22351960E+001
1.74250000E+003, 2.21361984E+001
1.74500000E+003, 2.23695272E+001
1.74750000E+003, 2.24341932E+001
1.75000000E+003, 2.25046814E+001
1.75250000E+003, 2.26682667E+001
1.75500000E+003, 2.31055946E+001
1.75750000E+003, 2.32577175E+001
1.76000000E+003, 2.33795777E+001
1.76250000E+003, 2.35397087E+001
1.76500000E+003, 2.37416494E+001
1.76750000E+003, 2.40384815E+001
1.77000000E+003, 2.45380924E+001
1.77250000E+003, 2.47711414E+001
1.77500000E+003, 2.54494168E+001
1.77750000E+003, 2.58780448E+001
1.78000000E+003, 2.66625643E+001
1.78250000E+003, 2.75360793E+001
1.78500000E+003, 2.87329282E+001
1.78750000E+003, 3.02295095E+001
1.79000000E+003, 3.23544254E+001
1.79250000E+003, 3.56737279E+001
1.79500000E+003, 4.19160652E+001
1.79750000E+003, 4.78910696E+001
1.80000000E+003, 3.64424457E+001
1.80250000E+003, 3.07765178E+001
1.80500000E+003, 2.70416767E+001
1.80750000E+003, 2.39924993E+001
1.81000000E+003, 2.15672165E+001
1.81250000E+003, 1.98833442E+001
1.81500000E+003, 1.75366265E+001
1.81750000E+003, 1.74501235E+001
1.82000000E+003, 1.81559600E+001
1.82250000E+003, 2.40378937E+001
1.82500000E+003, 1.69028516E+001
1.82750000E+003, 1.36505379E+001
1.83000000E+003, 1.33466156E+001
1.83250000E+003, 1.37168185E+001
1.83500000E+003, 1.50724845E+001
1.83750000E+003, 2.19956401E+001
1.84000000E+003, 5.79182103E+000
1.84250000E+003, 9.93684766E+000
1.84500000E+003, 1.36979976E+001
1.84750000E+003, 1.66716880E+001
1.85000000E+003, 1.78576202E+001
1.85250000E+003, 1.97221129E+001
1.85500000E+003, 2.16608847E+001
1.85750000E+003, 2.32758550E+001
1.86000000E+003, 2.50058174E+001
1.86250000E+003, 2.70677517E+001
1.86500000E+003, 2.87898963E+001
1.86750000E+003, 3.08202621E+001
1.87000000E+003, 3.30532211E+001
1.87250000E+003, 3.57748145E+001
1.87500000E+003, 3.87855377E+001
1.87750000E+003, 4.27065191E+001
1.88000000E+003, 4.80846154E+001
1.88250000E+003, 5.19166790E+001
1.88500000E+003, 4.71905468E+001
1.88750000E+003, 4.34598739E+001
1.89000000E+003, 4.10328208E+001
1.89250000E+003, 3.90066300E+001
1.89500000E+003, 3.78525237E+001
1.89750000E+003, 3.66669650E+001
1.90000000E+003, 3.58688680E+001
1.90250000E+003, 3.50552125E+001
1.90500000E+003, 3.45241197E+001
1.90750000E+003, 3.39243751E+001
1.91000000E+003, 3.34714046E+001
1.91250000E+003, 3.32930485E+001
1.91500000E+003, 3.29334801E+001
1.91750000E+003, 3.29578407E+001
1.92000000E+003, 3.24314064E+001
1.92250000E+003, 3.22501631E+001
1.92500000E+003, 3.21929445E+001
1.92750000E+003, 3.21490678E+001
1.93000000E+003, 3.18183239E+001
1.93250000E+003, 3.18369875E+001
1.93500000E+003, 3.15886040E+001
1.93750000E+003, 3.17137442E+001
1.94000000E+003, 3.17019405E+001
1.94250000E+003, 3.16088318E+001
1.94500000E+003, 3.16690182E+001
1.94750000E+003, 3.16537921E+001
1.95000000E+003, 3.16174256E+001
1.95250000E+003, 3.18958941E+001
1.95500000E+003, 3.19472476E+001
1.95750000E+003, 3.21725885E+001
1.96000000E+003, 3.24144844E+001
1.96250000E+003, 3.26918901E+001
1.96500000E+003, 3.30826430E+001
1.96750000E+003, 3.34726134E+001
1.97000000E+003, 3.40824473E+001
1.97250000E+003, 3.47188818E+001
1.97500000E+003, 3.58494245E+001
1.97750000E+003, 3.73519444E+001
1.98000000E+003, 3.96442708E+001
1.98250000E+003, 4.40286088E+001
1.98500000E+003, 4.90868402E+001
1.98750000E+003, 3.93188272E+001
1.99000000E+003, 3.16909886E+001
1.99250000E+003, 2.53819971E+001
1.99500000E+003, 1.78971948E+001
1.99750000E+003, 8.97457015E+000
2.00000000E+003, 1.32152268E+001
2.00250000E+003, 1.73611222E+001
2.00500000E+003, 2.00349161E+001
2.00750000E+003, 2.17837665E+001
2.01000000E+003, 2.27595535E+001
2.01250000E+003, 2.35208387E+001
2.01500000E+003, 2.39070828E+001
2.01750000E+003, 2.44603177E+001
2.02000000E+003, 2.47561258E+001
2.02250000E+003, 2.51141128E+001
2.02500000E+003, 2.53880152E+001
2.02750000E+003, 2.57701367E+001
2.03000000E+003, 2.60276977E+001
2.03250000E+003, 2.61990801E+001
2.03500000E+003, 2.65135806E+001
2.03750000E+003, 2.67498895E+001
2.04000000E+003, 2.68755623E+001
2.04250000E+003, 2.69916659E+001
2.04500000E+003, 2.72097652E+001
2.04750000E+003, 2.73043128E+001
2.05000000E+003, 2.74836630E+001
2.05250000E+003, 2.76580362E+001
2.05500000E+003, 2.78326345E+001
2.05750000E+003, 2.79991428E+001
2.06000000E+003, 2.80069288E+001
2.06250000E+003, 2.80992795E+001
2.06500000E+003, 2.83030659E+001
2.06750000E+003, 2.83399537E+001
2.07000000E+003, 2.84453265E+001
2.07250000E+003, 2.86599840E+001
2.07500000E+003, 2.87828302E+001
2.07750000E+003, 2.87219986E+001
2.08000000E+003, 2.89107502E+001
2.08250000E+003, 2.89093629E+001
2.08500000E+003, 2.90923299E+001
2.08750000E+003, 2.91580878E+001
2.09000000E+003, 2.93092998E+001
2.09250000E+003, 2.93816210E+001
2.09500000E+003, 2.94695783E+001
2.09750000E+003, 2.97509592E+001
2.10000000E+003, 2.97035877E+001
2.10250000E+003, 2.98518277E+001
2.10500000E+003, 3.00342540E+001
2.10750000E+003, 2.99898332E+001
2.11000000E+003, 3.02846238E+001
2.11250000E+003, 3.02997060E+001
2.11500000E+003, 3.04110014E+001
2.11750000E+003, 3.06517209E+001
2.12000000E+003, 3.06443601E+001
2.12250000E+003, 3.08338358E+001
2.12500000E+003, 3.09253544E+001
2.12750000E+003, 3.09310211E+001
2.13000000E+003, 3.11863498E+001
2.13250000E+003, 3.12757791E+001
2.13500000E+003, 3.14336703E+001
2.13750000E+003, 3.15878655E+001
2.14000000E+003, 3.14927438E+001
2.14250000E+003, 3.18873958E+001
2.14500000E+003, 3.19208355E+001
2.14750000E+003, 3.19915725E+001
2.15000000E+003, 3.20839903E+001
2.15250000E+003, 3.22065995E+001
2.15500000E+003, 3.24043257E+001
2.15750000E+003, 3.25113832E+001
2.16000000E+003, 3.26095876E+001
2.16250000E+003, 3.26926388E+001
2.16500000E+003, 3.28962229E+001
2.16750000E+003, 3.30104850E+001
2.17000000E+003, 3.32659785E+001
2.17250000E+003, 3.33435527E+001
2.17500000E+003, 3.35218662E+001
2.17750000E+003, 3.35756163E+001
2.18000000E+003, 3.37895302E+001
2.18250000E+003, 3.38942809E+001
2.18500000E+003, 3.40242436E+001
2.18750000E+003, 3.42173359E+001
2.19000000E+003, 3.43674813E+001
2.19250000E+003, 3.44887341E+001
2.19500000E+003, 3.46585482E+001
2.19750000E+003, 3.48319263E+001
2.20000000E+003, 3.50923617E+001
2.20250000E+003, 3.52232055E+001
2.20500000E+003, 3.53758217E+001
2.20750000E+003, 3.55779292E+001
2.21000000E+003, 3.59331406E+001
2.21250000E+003, 3.60220091E+001
2.21500000E+003, 3.61351340E+001
2.21750000E+003, 3.62096458E+001
2.22000000E+003, 3.65850351E+001
2.22250000E+003, 3.67518901E+001
2.22500000E+003, 3.69583805E+001
2.22750000E+003, 3.71387179E+001
2.23000000E+003, 3.74433165E+001
2.23250000E+003, 3.76989195E+001
2.23500000E+003, 3.78350631E+001
2.23750000E+003, 3.81143564E+001
2.24000000E+003, 3.83925906E+001
2.24250000E+003, 3.86322827E+001
2.24500000E+003, 3.88901575E+001
2.24750000E+003, 3.91055815E+001
2.25000000E+003, 3.94913432E+001
2.25250000E+003, 3.97478168E+001
2.25500000E+003, 4.00067632E+001
2.25750000E+003, 4.02516612E+001
2.26000000E+003, 4.05629854E+001
2.26250000E+003, 4.08318550E+001
2.26500000E+003, 4.12752289E+001
2.26750000E+003, 4.16645015E+001
2.27000000E+003, 4.19988429E+001
2.27250000E+003, 4.21621267E+001
2.27500000E+003, 4.25271710E+001
2.27750000E+003, 4.29386766E+001
2.28000000E+003, 4.32840863E+001
2.28250000E+003, 4.37251081E+001
2.28500000E+003, 4.41434687E+001
2.28750000E+003, 4.46224090E+001
2.29000000E+003, 4.50864775E+001
2.29250000E+003, 4.55708801E+001
2.29500000E+003, 4.61123139E+001
2.29750000E+003, 4.66872137E+001
2.30000000E+003, 4.72185578E+001
2.30250000E+003, 4.78757570E+001
2.30500000E+003, 4.85053003E+001
2.30750000E+003, 4.92437194E+001
2.31000000E+003, 4.99255901E+001
2.31250000E+003, 5.07331660E+001
2.31500000E+003, 5.14856511E+001
2.31750000E+003, 5.23702003E+001
2.32000000E+003, 5.32545688E+001
2.32250000E+003, 5.41099896E+001
2.32500000E+003, 5.49422523E+001
2.32750000E+003, 5.56754281E+001
2.33000000E+003, 5.62272747E+001
2.33250000E+003, 5.64265507E+001
2.33500000E+003, 5.62970919E+001
2.33750000E+003, 5.58605381E+001
2.34000000E+003, 5.51928327E+001
2.34250000E+003, 5.44734063E+001
2.34500000E+003, 5.35793851E+001
2.34750000E+003, 5.27668037E+001
2.35000000E+003, 5.19610823E+001
2.35250000E+003, 5.11365345E+001
2.35500000E+003, 5.04896612E+001
2.35750000E+003, 4.98240269E+001
2.36000000E+003, 4.91691958E+001
2.36250000E+003, 4.85894829E+001
2.36500000E+003, 4.79915096E+001
2.36750000E+003, 4.75267416E+001
2.37000000E+003, 4.70622636E+001
2.37250000E+003, 4.65731947E+001
2.37500000E+003, 4.60748769E+001
2.37750000E+003, 4.57775216E+001
2.38000000E+003, 4.53447256E+001
2.38250000E+003, 4.50374569E+001
2.38500000E+003, 4.47277910E+001
2.38750000E+003, 4.44332638E+001
2.39000000E+003, 4.40834635E+001
2.39250000E+003, 4.38378810E+001
2.39500000E+003, 4.36505766E+001
2.39750000E+003, 4.34534026E+001
2.40000000E+003, 4.32267637E+001
2.40250000E+003, 4.30591449E+001
2.40500000E+003, 4.28759063E+001
2.40750000E+003, 4.27314289E+001
2.41000000E+003, 4.26069630E+001
2.41250000E+003, 4.25173786E+001
2.41500000E+003, 4.24006500E+001
2.41750000E+003, 4.22765275E+001
2.42000000E+003, 4.19500780E+001
2.42250000E+003, 4.14600372E+001
2.42500000E+003, 4.08026859E+001
2.42750000E+003, 3.95793883E+001
2.43000000E+003, 3.81643959E+001
2.43250000E+003, 3.67390421E+001
2.43500000E+003, 3.56164241E+001
2.43750000E+003, 3.50323758E+001
2.44000000E+003, 3.47781798E+001
2.44250000E+003, 3.47125786E+001
2.44500000E+003, 3.46379529E+001
2.44750000E+003, 3.46203336E+001
2.45000000E+003, 3.46301834E+001
2.45250000E+003, 3.46686389E+001
2.45500000E+003, 3.46867384E+001
2.45750000E+003, 3.47035679E+001
2.46000000E+003, 3.45981695E+001
2.46250000E+003, 3.45649558E+001
2.46500000E+003, 3.44819538E+001
2.46750000E+003, 3.44785548E+001
2.47000000E+003, 3.45215929E+001
2.47250000E+003, 3.44601152E+001
2.47500000E+003, 3.43260735E+001
2.47750000E+003, 3.42932070E+001
2.48000000E+003, 3.41223764E+001
2.48250000E+003, 3.40792955E+001
2.48500000E+003, 3.40451464E+001
2.48750000E+003, 3.38927963E+001
2.49000000E+003, 3.37622924E+001
2.49250000E+003, 3.37371847E+001
2.49500000E+003, 3.36687830E+001
2.49750000E+003, 3.34869723E+001
2.50000000E+003, 3.33901599E+001
2.50250000E+003, 3.33665206E+001
2.50500000E+003, 3.32487646E+001
2.50750000E+003, 3.32257894E+001
2.51000000E+003, 3.31199595E+001
2.51250000E+003, 3.30690320E+001
2.51500000E+003, 3.29642326E+001
2.51750000E+003, 3.28658646E+001
2.52000000E+003, 3.27524883E+001
2.52250000E+003, 3.27091863E+001
2.52500000E+003, 3.26042461E+001
2.52750000E+003, 3.25515341E+001
2.53000000E+003, 3.24052853E+001
2.53250000E+003, 3.24002195E+001
2.53500000E+003, 3.22521706E+001
2.53750000E+003, 3.22294710E+001
2.54000000E+003, 3.21450274E+001
2.54250000E+003, 3.21143072E+001
2.54500000E+003, 3.20993046E+001
2.54750000E+003, 3.19411992E+001
2.55000000E+003, 3.18951937E+001
2.55250000E+003, 3.18488217E+001
2.55500000E+003, 3.17765766E+001
2.55750000E+003, 3.16691951E+001
2.56000000E+003, 3.16477713E+001
2.56250000E+003, 3.15867899E+001
2.56500000E+003, 3.14707872E+001
2.56750000E+003, 3.15061532E+001
2.57000000E+003, 3.14569837E+001
2.57250000E+003, 3.12736833E+001
2.57500000E+003, 3.13281290E+001
2.57750000E+003, 3.11571405E+001
2.58000000E+003, 3.12223832E+001
2.58250000E+003, 3.11640954E+001
2.58500000E+003, 3.10201730E+001
2.58750000E+003, 3.10102356E+001
2.59000000E+003, 3.09604740E+001
2.59250000E+003, 3.08656893E+001
2.59500000E+003, 3.08049027E+001
2.59750000E+003, 3.07363048E+001
2.60000000E+003, 3.07496189E+001
2.60250000E+003, 3.06658269E+001
2.60500000E+003, 3.06129990E+001
2.60750000E+003, 3.05196667E+001
2.61000000E+003, 3.05656557E+001
2.61250000E+003, 3.04429036E+001
2.61500000E+003, 3.04590117E+001
2.61750000E+003, 3.04342906E+001
2.62000000E+003, 3.03903365E+001
2.62250000E+003, 3.02725716E+001
2.62500000E+003, 3.02648758E+001
2.62750000E+003, 3.02939076E+001
2.63000000E+003, 3.01090372E+001
2.63250000E+003, 3.01728942E+001
2.63500000E+003, 3.00793290E+001
2.63750000E+003, 3.00372284E+001
2.64000000E+003, 3.00331232E+001
2.64250000E+003, 2.99902057E+001
2.64500000E+003, 2.99849771E+001
2.64750000E+003, 2.98346953E+001
2.65000000E+003, 2.98922991E+001
2.65250000E+003, 2.98007742E+001
2.65500000E+003, 2.98443309E+001
2.65750000E+003, 2.97731869E+001
2.66000000E+003, 2.97047085E+001
2.66250000E+003, 2.96702454E+001
2.66500000E+003, 2.97263750E+001
2.66750000E+003, 2.95770530E+001
2.67000000E+003, 2.96958638E+001
2.67250000E+003, 2.96536359E+001
2.67500000E+003, 2.95550924E+001
2.67750000E+003, 2.94628449E+001
2.68000000E+003, 2.95386108E+001
2.68250000E+003, 2.95678680E+001
2.68500000E+003, 2.94905112E+001
2.68750000E+003, 2.94508698E+001
2.69000000E+003, 2.94311845E+001
2.69250000E+003, 2.94832332E+001
2.69500000E+003, 2.92997930E+001
2.69750000E+003, 2.93394274E+001
2.70000000E+003, 2.93897652E+001
2.70250000E+003, 2.92400674E+001
2.70500000E+003, 2.93840049E+001
2.70750000E+003, 2.92193729E+001
2.71000000E+003, 2.92134899E+001
2.71250000E+003, 2.92463686E+001
2.71500000E+003, 2.91006436E+001
2.71750000E+003, 2.90908762E+001
2.72000000E+003, 2.90343554E+001
2.72250000E+003, 2.90662028E+001
2.72500000E+003, 2.90532643E+001
2.72750000E+003, 2.90212767E+001
2.73000000E+003, 2.89907489E+001
2.73250000E+003, 2.89262914E+001
2.73500000E+003, 2.89822544E+001
2.73750000E+003, 2.89588847E+001
2.74000000E+003, 2.89251230E+001
2.74250000E+003, 2.89191646E+001
2.74500000E+003, 2.88938351E+001
2.74750000E+003, 2.88715538E+001
2.75000000E+003, 2.88946267E+001
2.75250000E+003, 2.88224892E+001
2.75500000E+003, 2.89004351E+001
2.75750000E+003, 2.88790590E+001
2.76000000E+003, 2.88872051E+001
2.76250000E+003, 2.88262038E+001
2.76500000E+003, 2.86875121E+001
2.76750000E+003, 2.87849557E+001
2.77000000E+003, 2.87672742E+001
2.77250000E+003, 2.87067729E+001
2.77500000E+003, 2.87349795E+001
2.77750000E+003, 2.87504239E+001
2.78000000E+003, 2.86654956E+001
2.78250000E+003, 2.86870179E+001
2.78500000E+003, 2.86407951E+001
2.78750000E+003, 2.85875882E+001
2.79000000E+003, 2.86025153E+001
2.79250000E+003, 2.85035759E+001
2.79500000E+003, 2.84663078E+001
2.79750000E+003, 2.84585163E+001
2.80000000E+003, 2.83794156E+001
2.80250000E+003, 2.83245691E+001
2.80500000E+003, 2.81007784E+001
2.80750000E+003, 2.79683670E+001
2.81000000E+003, 2.77616561E+001
2.81250000E+003, 2.72208767E+001
2.81500000E+003, 2.59422997E+001
2.81750000E+003, 2.60182083E+001
2.82000000E+003, 3.24589815E+001
2.82250000E+003, 3.08789246E+001
2.82500000E+003, 3.02356862E+001
2.82750000E+003, 2.98818909E+001
2.83000000E+003, 2.97266714E+001
2.83250000E+003, 2.95825907E+001
2.83500000E+003, 2.95308726E+001
2.83750000E+003, 2.95285695E+001
2.84000000E+003, 2.94626196E+001
2.84250000E+003, 2.94596088E+001
2.84500000E+003, 2.93145567E+001
2.84750000E+003, 2.92298358E+001
2.85000000E+003, 2.92893610E+001
2.85250000E+003, 2.93712776E+001
2.85500000E+003, 2.93788853E+001
2.85750000E+003, 2.93131299E+001
2.86000000E+003, 2.92601648E+001
2.86250000E+003, 2.93304667E+001
2.86500000E+003, 2.93948793E+001
2.86750000E+003, 2.94261998E+001
2.87000000E+003, 2.93755924E+001
2.87250000E+003, 2.93717935E+001
2.87500000E+003, 2.92746952E+001
2.87750000E+003, 2.93228328E+001
2.88000000E+003, 2.93783176E+001
2.88250000E+003, 2.93480549E+001
2.88500000E+003, 2.94099727E+001
2.88750000E+003, 2.93610413E+001
2.89000000E+003, 2.94067152E+001
2.89250000E+003, 2.94976506E+001
2.89500000E+003, 2.94804257E+001
2.89750000E+003, 2.95214817E+001
2.90000000E+003, 2.96016202E+001
2.90250000E+003, 2.94813595E+001
2.90500000E+003, 2.94060828E+001
2.90750000E+003, 2.94270344E+001
2.91000000E+003, 2.94468477E+001
2.91250000E+003, 2.94428295E+001
2.91500000E+003, 2.95338303E+001
2.91750000E+003, 2.96400507E+001
2.92000000E+003, 2.95366061E+001
2.92250000E+003, 2.94432948E+001
2.92500000E+003, 2.93421245E+001
2.92750000E+003, 2.92476681E+001
2.93000000E+003, 2.89223167E+001
2.93250000E+003, 2.91045481E+001
2.93500000E+003, 3.14098181E+001
2.93750000E+003, 3.08043777E+001
2.94000000E+003, 3.06316842E+001
2.94250000E+003, 3.04637502E+001
2.94500000E+003, 3.03692296E+001
2.94750000E+003, 3.04341999E+001
2.95000000E+003, 3.04079914E+001
2.95250000E+003, 3.04768049E+001
2.95500000E+003, 3.04669513E+001
2.95750000E+003, 3.05389363E+001
2.96000000E+003, 3.05375167E+001
2.96250000E+003, 3.06338994E+001
2.96500000E+003, 3.06226493E+001
2.96750000E+003, 3.07116766E+001
2.97000000E+003, 3.08159477E+001
2.97250000E+003, 3.05947619E+001
2.97500000E+003, 3.06906831E+001
2.97750000E+003, 3.07878403E+001
2.98000000E+003, 3.08775157E+001
2.98250000E+003, 3.09578329E+001
2.98500000E+003, 3.09624373E+001
2.98750000E+003, 3.10860953E+001
2.99000000E+003, 3.11138925E+001
2.99250000E+003, 3.12333682E+001
2.99500000E+003, 3.12220427E+001
2.99750000E+003, 3.12575165E+001
3.00000000E+003, 3.12706235E+001
3.00250000E+003, 3.13509354E+001
3.00500000E+003, 3.14135181E+001
3.00750000E+003, 3.14076820E+001
3.01000000E+003, 3.15964094E+001
3.01250000E+003, 3.15826562E+001
3.01500000E+003, 3.16696174E+001
3.01750000E+003, 3.16716306E+001
3.02000000E+003, 3.18240187E+001
3.02250000E+003, 3.18235352E+001
3.02500000E+003, 3.19555171E+001
3.02750000E+003, 3.19807434E+001
3.03000000E+003, 3.21079829E+001
3.03250000E+003, 3.21101864E+001
3.03500000E+003, 3.21756490E+001
3.03750000E+003, 3.22702718E+001
3.04000000E+003, 3.24112727E+001
3.04250000E+003, 3.24461420E+001
3.04500000E+003, 3.25006824E+001
3.04750000E+003, 3.25765177E+001
3.05000000E+003, 3.26905410E+001
3.05250000E+003, 3.27891072E+001
3.05500000E+003, 3.27880951E+001
3.05750000E+003, 3.29319792E+001
3.06000000E+003, 3.30125734E+001
3.06250000E+003, 3.31297355E+001
3.06500000E+003, 3.31868932E+001
3.06750000E+003, 3.32151651E+001
3.07000000E+003, 3.34068022E+001
3.07250000E+003, 3.33894488E+001
3.07500000E+003, 3.36055551E+001
3.07750000E+003, 3.36939498E+001
3.08000000E+003, 3.38083455E+001
3.08250000E+003, 3.39385927E+001
3.08500000E+003, 3.39605523E+001
3.08750000E+003, 3.40747564E+001
3.09000000E+003, 3.42831240E+001
3.09250000E+003, 3.44054174E+001
3.09500000E+003, 3.44595293E+001
3.09750000E+003, 3.45351717E+001
3.10000000E+003, 3.46911547E+001
3.10250000E+003, 3.47254641E+001
3.10500000E+003, 3.50101949E+001
3.10750000E+003, 3.50163375E+001
3.11000000E+003, 3.51543700E+001
3.11250000E+003, 3.53637513E+001
3.11500000E+003, 3.54507893E+001
3.11750000E+003, 3.55717307E+001
3.12000000E+003, 3.56225655E+001
3.12250000E+003, 3.59059217E+001
3.12500000E+003, 3.60319503E+001
3.12750000E+003, 3.61465369E+001
3.13000000E+003, 3.63359528E+001
3.13250000E+003, 3.64751639E+001
3.13500000E+003, 3.65087023E+001
3.13750000E+003, 3.67550925E+001
3.14000000E+003, 3.69272965E+001
3.14250000E+003, 3.72303035E+001
3.14500000E+003, 3.72608284E+001
3.14750000E+003, 3.76167619E+001
3.15000000E+003, 3.75779468E+001
3.15250000E+003, 3.77908718E+001
3.15500000E+003, 3.80145761E+001
3.15750000E+003, 3.82625900E+001
3.16000000E+003, 3.83956826E+001
3.16250000E+003, 3.84904544E+001
3.16500000E+003, 3.87593759E+001
3.16750000E+003, 3.90063978E+001
3.17000000E+003, 3.91238287E+001
3.17250000E+003, 3.94392697E+001
3.17500000E+003, 3.96658296E+001
3.17750000E+003, 3.98330568E+001
3.18000000E+003, 4.00369113E+001
3.18250000E+003, 4.04111569E+001
3.18500000E+003, 4.06976609E+001
3.18750000E+003, 4.08737499E+001
3.19000000E+003, 4.11388237E+001
3.19250000E+003, 4.14982764E+001
3.19500000E+003, 4.18067134E+001
3.19750000E+003, 4.20041238E+001
3.20000000E+003, 4.24243320E+001
3.20250000E+003, 4.27320096E+001
3.20500000E+003, 4.29876581E+001
3.20750000E+003, 4.33633401E+001
3.21000000E+003, 4.37701785E+001
3.21250000E+003, 4.40224378E+001
3.21500000E+003, 4.47133042E+001
3.21750000E+003, 4.48863550E+001
3.22000000E+003, 4.53972512E+001
3.22250000E+003, 4.58485001E+001
3.22500000E+003, 4.64064705E+001
3.22750000E+003, 4.69682960E+001
3.23000000E+003, 4.75262492E+001
3.23250000E+003, 4.79932862E+001
3.23500000E+003, 4.86170136E+001
3.23750000E+003, 4.93040335E+001
3.24000000E+003, 5.01096183E+001
3.24250000E+003, 5.08454422E+001
3.24500000E+003, 5.20165551E+001
3.24750000E+003, 5.27233865E+001
3.25000000E+003, 5.40829640E+001
3.25250000E+003, 5.51496288E+001
3.25500000E+003, 5.66327352E+001
3.25750000E+003, 5.84892756E+001
3.26000000E+003, 6.09879877E+001
3.26250000E+003, 6.36580189E+001
3.26500000E+003, 6.79532905E+001
3.26750000E+003, 7.15178644E+001
3.27000000E+003, 6.88709158E+001
3.27250000E+003, 6.47780737E+001
3.27500000E+003, 6.13920166E+001
3.27750000E+003, 5.92764886E+001
3.28000000E+003, 5.72429840E+001
3.28250000E+003, 5.56014562E+001
3.28500000E+003, 5.44552150E+001
3.28750000E+003, 5.35063331E+001
3.29000000E+003, 5.23754606E+001
3.29250000E+003, 5.11911417E+001
3.29500000E+003, 5.04660642E+001
3.29750000E+003, 4.98909147E+001
3.30000000E+003, 4.92482952E+001
3.30250000E+003, 4.86697129E+001
3.30500000E+003, 4.79386759E+001
3.30750000E+003, 4.77250069E+001
3.31000000E+003, 4.71263083E+001
3.31250000E+003, 4.66110814E+001
3.31500000E+003, 4.60812526E+001
3.31750000E+003, 4.58181971E+001
3.32000000E+003, 4.55438831E+001
3.32250000E+003, 4.52381666E+001
3.32500000E+003, 4.48182984E+001
3.32750000E+003, 4.45508991E+001
3.33000000E+003, 4.40512379E+001
3.33250000E+003, 4.38284239E+001
3.33500000E+003, 4.34408607E+001
3.33750000E+003, 4.34080038E+001
3.34000000E+003, 4.30736761E+001
3.34250000E+003, 4.28035043E+001
3.34500000E+003, 4.30158832E+001
3.34750000E+003, 4.29839927E+001
3.35000000E+003, 4.33018687E+001
3.35250000E+003, 3.99641940E+001
3.35500000E+003, 4.02679340E+001
3.35750000E+003, 4.05044433E+001
3.36000000E+003, 4.04046516E+001
3.36250000E+003, 4.04752675E+001
3.36500000E+003, 4.03496679E+001
3.36750000E+003, 4.04497105E+001
3.37000000E+003, 4.03449995E+001
3.37250000E+003, 4.02161220E+001
3.37500000E+003, 4.05028571E+001
3.37750000E+003, 4.09019341E+001
3.38000000E+003, 4.17593083E+001
3.38250000E+003, 4.17597266E+001
3.38500000E+003, 3.45094278E+001
3.38750000E+003, 3.59158335E+001
3.39000000E+003, 3.67551507E+001
3.39250000E+003, 3.71112787E+001
3.39500000E+003, 3.71661902E+001
3.39750000E+003, 3.73302990E+001
3.40000000E+003, 3.72922188E+001
3.40250000E+003, 3.71630974E+001
3.40500000E+003, 3.71060672E+001
3.40750000E+003, 3.69564428E+001
3.41000000E+003, 3.69859976E+001
3.41250000E+003, 3.69458515E+001
3.41500000E+003, 3.67556722E+001
3.41750000E+003, 3.67665664E+001
3.42000000E+003, 3.67347486E+001
3.42250000E+003, 3.66304641E+001
3.42500000E+003, 3.65465846E+001
3.42750000E+003, 3.64578199E+001
3.43000000E+003, 3.62973702E+001
3.43250000E+003, 3.63811744E+001
3.43500000E+003, 3.63043652E+001
3.43750000E+003, 3.61165862E+001
3.44000000E+003, 3.62954234E+001
3.44250000E+003, 3.60359221E+001
3.44500000E+003, 3.61169982E+001
3.44750000E+003, 3.60046142E+001
3.45000000E+003, 3.60604717E+001
3.45250000E+003, 3.60689132E+001
3.45500000E+003, 3.58567301E+001
3.45750000E+003, 3.57976180E+001
3.46000000E+003, 3.58246678E+001
3.46250000E+003, 3.57785215E+001
3.46500000E+003, 3.57698371E+001
3.46750000E+003, 3.56106500E+001
3.47000000E+003, 3.56097786E+001
3.47250000E+003, 3.54011590E+001
3.47500000E+003, 3.52098246E+001
3.47750000E+003, 3.55469227E+001
3.48000000E+003, 3.56264279E+001
3.48250000E+003, 3.55461037E+001
3.48500000E+003, 3.53493954E+001
3.48750000E+003, 3.55199086E+001
3.49000000E+003, 3.56904718E+001
3.49250000E+003, 3.54627621E+001
3.49500000E+003, 3.58484999E+001
3.49750000E+003, 3.54870472E+001
3.50000000E+003, 3.57550934E+001
3.50250000E+003, 3.55914854E+001
3.50500000E+003, 3.57520166E+001
3.50750000E+003, 3.54882756E+001
3.51000000E+003, 3.55751528E+001
3.51250000E+003, 3.57922025E+001
3.51500000E+003, 3.61704234E+001
3.51750000E+003, 3.61989108E+001
3.52000000E+003, 3.60476533E+001
3.52250000E+003, 3.62898483E+001
3.52500000E+003, 3.66944432E+001
3.52750000E+003, 3.66548897E+001
3.53000000E+003, 3.72329145E+001
3.53250000E+003, 3.71272092E+001
3.53500000E+003, 3.78642701E+001
3.53750000E+003, 3.81709219E+001
3.54000000E+003, 3.85326839E+001
3.54250000E+003, 3.91186655E+001
3.54500000E+003, 3.98954328E+001
3.54750000E+003, 4.05314776E+001
3.55000000E+003, 4.11458219E+001
3.55250000E+003, 4.20566921E+001
3.55500000E+003, 4.19538108E+001
3.55750000E+003, 4.15677038E+001
3.56000000E+003, 3.97575630E+001
3.56250000E+003, 3.74994979E+001
3.56500000E+003, 3.45453589E+001
3.56750000E+003, 3.13748697E+001
3.57000000E+003, 2.89216956E+001
3.57250000E+003, 2.57242326E+001
3.57500000E+003, 2.31852012E+001
3.57750000E+003, 2.18604280E+001
3.58000000E+003, 1.95964707E+001
3.58250000E+003, 1.92294561E+001
3.58500000E+003, 2.02781240E+001
3.58750000E+003, 2.02949342E+001
3.59000000E+003, 2.19574717E+001
3.59250000E+003, 2.28863966E+001
3.59500000E+003, 2.36804178E+001
3.59750000E+003, 2.40196721E+001
3.60000000E+003, 2.42165056E+001
3.60250000E+003, 2.47271811E+001
3.60500000E+003, 2.49558223E+001
3.60750000E+003, 2.50197693E+001
3.61000000E+003, 2.53788593E+001
3.61250000E+003, 2.55231197E+001
3.61500000E+003, 2.60049308E+001
3.61750000E+003, 2.58504719E+001
3.62000000E+003, 2.60346594E+001
3.62250000E+003, 2.64198952E+001
3.62500000E+003, 2.65409616E+001
3.62750000E+003, 2.64695963E+001
3.63000000E+003, 2.63494944E+001
3.63250000E+003, 2.63844757E+001
3.63500000E+003, 2.63883140E+001
3.63750000E+003, 2.64943591E+001
3.64000000E+003, 2.65043168E+001
3.64250000E+003, 2.62243596E+001
3.64500000E+003, 2.60504440E+001
3.64750000E+003, 2.62764940E+001
3.65000000E+003, 2.62609550E+001
3.65250000E+003, 2.60314027E+001
3.65500000E+003, 2.57706035E+001
3.65750000E+003, 2.54264086E+001
3.66000000E+003, 2.55676010E+001
3.66250000E+003, 2.55398771E+001
3.66500000E+003, 2.51688068E+001
3.66750000E+003, 2.48263822E+001
3.67000000E+003, 2.41101368E+001
3.67250000E+003, 2.38962807E+001
3.67500000E+003, 2.33350905E+001
3.67750000E+003, 2.30333592E+001
3.68000000E+003, 2.17934701E+001
3.68250000E+003, 2.11732861E+001
3.68500000E+003, 1.93522110E+001
3.68750000E+003, 1.73444445E+001
3.69000000E+003, 1.45515949E+001
3.69250000E+003, 9.75596737E+000
3.69500000E+003, -1.06678295E+000
3.69750000E+003, 1.33423879E+001
3.70000000E+003, 1.92523187E+001
3.70250000E+003, 2.36911913E+001
3.70500000E+003, 2.73935579E+001
3.70750000E+003, 3.06492513E+001
3.71000000E+003, 3.38596427E+001
3.71250000E+003, 3.72389516E+001
3.71500000E+003, 4.11384717E+001
3.71750000E+003, 4.58837445E+001
3.72000000E+003, 5.17647332E+001
3.72250000E+003, 5.28501090E+001
3.72500000E+003, 4.87009853E+001
3.72750000E+003, 4.56461304E+001
3.73000000E+003, 4.36099689E+001
3.73250000E+003, 4.22123860E+001
3.73500000E+003, 4.09973556E+001
3.73750000E+003, 4.01590798E+001
3.74000000E+003, 3.94384661E+001
3.74250000E+003, 3.88526973E+001
3.74500000E+003, 3.84560014E+001
3.74750000E+003, 3.79347733E+001
3.75000000E+003, 3.75667009E+001
3.75250000E+003, 3.71903366E+001
3.75500000E+003, 3.69264290E+001
3.75750000E+003, 3.66837568E+001
3.76000000E+003, 3.64287564E+001
3.76250000E+003, 3.60306827E+001
3.76500000E+003, 3.56973831E+001
3.76750000E+003, 3.50017039E+001
3.77000000E+003, 3.43558190E+001
3.77250000E+003, 3.81383685E+001
3.77500000E+003, 3.73642541E+001
3.77750000E+003, 3.68800850E+001
3.78000000E+003, 3.65073546E+001
3.78250000E+003, 3.64159387E+001
3.78500000E+003, 3.64241844E+001
3.78750000E+003, 3.61188712E+001
3.79000000E+003, 3.60846293E+001
3.79250000E+003, 3.60593421E+001
3.79500000E+003, 3.60168366E+001
3.79750000E+003, 3.58418900E+001
3.80000000E+003, 3.59308757E+001
3.80250000E+003, 3.58795649E+001
3.80500000E+003, 3.57652395E+001
3.80750000E+003, 3.57874495E+001
3.81000000E+003, 3.57371377E+001
3.81250000E+003, 3.57710895E+001
3.81500000E+003, 3.56882739E+001
3.81750000E+003, 3.58320035E+001
3.82000000E+003, 3.57659535E+001
3.82250000E+003, 3.57769761E+001
3.82500000E+003, 3.58238893E+001
3.82750000E+003, 3.57900976E+001
3.83000000E+003, 3.57915319E+001
3.83250000E+003, 3.59255339E+001
3.83500000E+003, 3.58155260E+001
3.83750000E+003, 3.58410585E+001
3.84000000E+003, 3.59366252E+001
3.84250000E+003, 3.60138711E+001
3.84500000E+003, 3.60724572E+001
3.84750000E+003, 3.61000171E+001
3.85000000E+003, 3.60360349E+001
3.85250000E+003, 3.60799716E+001
3.85500000E+003, 3.60710577E+001
3.85750000E+003, 3.61812821E+001
3.86000000E+003, 3.62838858E+001
3.86250000E+003, 3.63144639E+001
3.86500000E+003, 3.63941737E+001
3.86750000E+003, 3.63590712E+001
3.87000000E+003, 3.64089647E+001
3.87250000E+003, 3.65524300E+001
3.87500000E+003, 3.65008445E+001
3.87750000E+003, 3.65837743E+001
3.88000000E+003, 3.67067515E+001
3.88250000E+003, 3.66580311E+001
3.88500000E+003, 3.67864551E+001
3.88750000E+003, 3.68274204E+001
3.89000000E+003, 3.68926900E+001
3.89250000E+003, 3.69437007E+001
3.89500000E+003, 3.71287074E+001
3.89750000E+003, 3.70727278E+001
3.90000000E+003, 3.70962671E+001
3.90250000E+003, 3.71536025E+001
3.90500000E+003, 3.73220774E+001
3.90750000E+003, 3.73481108E+001
3.91000000E+003, 3.74231321E+001
3.91250000E+003, 3.75589855E+001
3.91500000E+003, 3.75652082E+001
3.91750000E+003, 3.76428233E+001
3.92000000E+003, 3.78304931E+001
3.92250000E+003, 3.78908385E+001
3.92500000E+003, 3.79701232E+001
3.92750000E+003, 3.80052843E+001
3.93000000E+003, 3.81332517E+001
3.93250000E+003, 3.81814148E+001
3.93500000E+003, 3.82707617E+001
3.93750000E+003, 3.83639530E+001
3.94000000E+003, 3.84362444E+001
3.94250000E+003, 3.85454384E+001
3.94500000E+003, 3.85820101E+001
3.94750000E+003, 3.87258411E+001
3.95000000E+003, 3.88005549E+001
3.95250000E+003, 3.88976678E+001
3.95500000E+003, 3.90674888E+001
3.95750000E+003, 3.91331562E+001
3.96000000E+003, 3.92401625E+001
3.96250000E+003, 3.93581093E+001
3.96500000E+003, 3.94933635E+001
3.96750000E+003, 3.95732575E+001
3.97000000E+003, 3.96818391E+001
3.97250000E+003, 3.97971292E+001
3.97500000E+003, 3.99121015E+001
3.97750000E+003, 4.00220383E+001
3.98000000E+003, 4.01525674E+001
3.98250000E+003, 4.02544696E+001
3.98500000E+003, 4.02891121E+001
3.98750000E+003, 4.05164426E+001
3.99000000E+003, 4.05873922E+001
3.99250000E+003, 4.06576340E+001
3.99500000E+003, 4.08395886E+001
3.99750000E+003, 4.09434565E+001
4.00000000E+003, 4.10332778E+001
