Label:, CH1-2: é¸îgêîâûìöä÷êî
DateTime:, Thu Feb 08 16:46:41 2018
DataKind:, CH1-2, FRF, Mag
DataPoints:, 1601
DataCalc:, H1
Frequency:, 0.000 , 4000.000, Hz
Sample:, 4096, Internal
Average:, 3, Power/Sum
Voltage(CH1):, -20.000, dBVrms
Voltage(CH2):, -10.000, dBVrms
EU/V(CH1):, 3.757E+001
EU/V(CH2):, 1.088E+003
Window(CH1):, Rect
Window(CH2):, Rect
X-AxisScale:, Lin
X-AxisUnit:, Hz
Y-AxisScale:, Log
Y-AxisUnit:, m/s2/N
Y-AxisMagniude:
0.00000000E+000, 4.94394479E+001
2.50000000E+000, 1.06867261E+001
5.00000000E+000, 9.65702529E+000
7.50000000E+000, 1.02328281E+001
1.00000000E+001, 1.44016092E+001
1.25000000E+001, 1.68202408E+001
1.50000000E+001, 1.43459843E+001
1.75000000E+001, 1.56393565E+001
2.00000000E+001, 1.66551092E+001
2.25000000E+001, 1.27493271E+001
2.50000000E+001, 1.48344438E+001
2.75000000E+001, 1.36547072E+001
3.00000000E+001, 1.48255648E+001
3.25000000E+001, 1.26110702E+001
3.50000000E+001, 1.04949162E+001
3.75000000E+001, 1.07801914E+001
4.00000000E+001, 7.17668462E+000
4.25000000E+001, 9.81365679E+000
4.50000000E+001, 1.04266989E+001
4.75000000E+001, 3.42605548E+000
5.00000000E+001, 4.59078452E+000
5.25000000E+001, 1.19282680E+001
5.50000000E+001, 3.57767186E+000
5.75000000E+001, 8.30132253E+000
6.00000000E+001, 6.18383360E+000
6.25000000E+001, 7.46345845E+000
6.50000000E+001, 6.04823166E-001
6.75000000E+001, -4.82179307E-001
7.00000000E+001, -4.45862586E+000
7.25000000E+001, 5.10822797E+000
7.50000000E+001, -7.76942023E-001
7.75000000E+001, 2.73588038E+000
8.00000000E+001, -7.13718312E+000
8.25000000E+001, -1.83909911E+000
8.50000000E+001, 9.12143094E-003
8.75000000E+001, -5.06841988E+000
9.00000000E+001, -5.03744473E+000
9.25000000E+001, -1.34422671E+001
9.50000000E+001, -3.28464811E+000
9.75000000E+001, -2.71308639E-001
1.00000000E+002, 1.49164757E+000
1.02500000E+002, 6.04951745E+000
1.05000000E+002, 7.60810473E+000
1.07500000E+002, 9.41053834E+000
1.10000000E+002, 1.00206233E+001
1.12500000E+002, 1.06948975E+001
1.15000000E+002, 1.07876888E+001
1.17500000E+002, 1.25975447E+001
1.20000000E+002, 1.56280011E+001
1.22500000E+002, 1.73924376E+001
1.25000000E+002, 1.91823919E+001
1.27500000E+002, 2.08997348E+001
1.30000000E+002, 2.32355340E+001
1.32500000E+002, 2.53070246E+001
1.35000000E+002, 2.79062426E+001
1.37500000E+002, 3.13248756E+001
1.40000000E+002, 3.66697522E+001
1.42500000E+002, 5.08987162E+001
1.45000000E+002, 4.08113777E+001
1.47500000E+002, 3.45199249E+001
1.50000000E+002, 3.08096637E+001
1.52500000E+002, 2.86060325E+001
1.55000000E+002, 2.68773730E+001
1.57500000E+002, 2.56069842E+001
1.60000000E+002, 2.41138262E+001
1.62500000E+002, 2.32156110E+001
1.65000000E+002, 2.22753707E+001
1.67500000E+002, 2.27284726E+001
1.70000000E+002, 2.14756415E+001
1.72500000E+002, 2.11175713E+001
1.75000000E+002, 2.09699303E+001
1.77500000E+002, 1.99420765E+001
1.80000000E+002, 1.96021294E+001
1.82500000E+002, 2.04431854E+001
1.85000000E+002, 1.96566889E+001
1.87500000E+002, 1.91569224E+001
1.90000000E+002, 1.93328911E+001
1.92500000E+002, 1.92135807E+001
1.95000000E+002, 1.89540024E+001
1.97500000E+002, 1.91601391E+001
2.00000000E+002, 1.81518671E+001
2.02500000E+002, 1.87868226E+001
2.05000000E+002, 1.84154325E+001
2.07500000E+002, 1.81853796E+001
2.10000000E+002, 1.78446224E+001
2.12500000E+002, 1.78893597E+001
2.15000000E+002, 1.83734788E+001
2.17500000E+002, 1.84026549E+001
2.20000000E+002, 1.79337404E+001
2.22500000E+002, 1.79437424E+001
2.25000000E+002, 1.77353174E+001
2.27500000E+002, 1.85629001E+001
2.30000000E+002, 1.82163742E+001
2.32500000E+002, 1.76714581E+001
2.35000000E+002, 1.82878908E+001
2.37500000E+002, 1.80018131E+001
2.40000000E+002, 1.77954220E+001
2.42500000E+002, 1.79569512E+001
2.45000000E+002, 1.74153120E+001
2.47500000E+002, 1.71646513E+001
2.50000000E+002, 1.82003620E+001
2.52500000E+002, 1.87290463E+001
2.55000000E+002, 1.88096014E+001
2.57500000E+002, 1.82932400E+001
2.60000000E+002, 1.86484133E+001
2.62500000E+002, 1.94099672E+001
2.65000000E+002, 1.88076001E+001
2.67500000E+002, 1.78715207E+001
2.70000000E+002, 1.88906042E+001
2.72500000E+002, 1.90095185E+001
2.75000000E+002, 1.87938408E+001
2.77500000E+002, 1.92806518E+001
2.80000000E+002, 1.92802174E+001
2.82500000E+002, 1.92669599E+001
2.85000000E+002, 1.84796694E+001
2.87500000E+002, 1.86454868E+001
2.90000000E+002, 1.92809877E+001
2.92500000E+002, 1.95707315E+001
2.95000000E+002, 1.92105123E+001
2.97500000E+002, 1.94221684E+001
3.00000000E+002, 1.95877365E+001
3.02500000E+002, 1.93749236E+001
3.05000000E+002, 1.99374496E+001
3.07500000E+002, 1.99183980E+001
3.10000000E+002, 1.94249888E+001
3.12500000E+002, 1.95037758E+001
3.15000000E+002, 2.00703903E+001
3.17500000E+002, 2.02544835E+001
3.20000000E+002, 2.03280196E+001
3.22500000E+002, 2.07474047E+001
3.25000000E+002, 2.05249513E+001
3.27500000E+002, 2.05395892E+001
3.30000000E+002, 2.06463979E+001
3.32500000E+002, 2.07901560E+001
3.35000000E+002, 2.15832043E+001
3.37500000E+002, 2.12315237E+001
3.40000000E+002, 2.16259192E+001
3.42500000E+002, 2.13489864E+001
3.45000000E+002, 2.18053601E+001
3.47500000E+002, 2.15543918E+001
3.50000000E+002, 2.15097954E+001
3.52500000E+002, 2.12590532E+001
3.55000000E+002, 2.14228428E+001
3.57500000E+002, 2.20807568E+001
3.60000000E+002, 2.21710790E+001
3.62500000E+002, 2.25314033E+001
3.65000000E+002, 2.22933345E+001
3.67500000E+002, 2.24535186E+001
3.70000000E+002, 2.23922190E+001
3.72500000E+002, 2.26108930E+001
3.75000000E+002, 2.28323244E+001
3.77500000E+002, 2.28043953E+001
3.80000000E+002, 2.31956232E+001
3.82500000E+002, 2.30843430E+001
3.85000000E+002, 2.34184218E+001
3.87500000E+002, 2.35233082E+001
3.90000000E+002, 2.35174018E+001
3.92500000E+002, 2.39617827E+001
3.95000000E+002, 2.42471075E+001
3.97500000E+002, 2.43134806E+001
4.00000000E+002, 2.44671532E+001
4.02500000E+002, 2.43242286E+001
4.05000000E+002, 2.48167081E+001
4.07500000E+002, 2.49047331E+001
4.10000000E+002, 2.50287668E+001
4.12500000E+002, 2.50886256E+001
4.15000000E+002, 2.53512163E+001
4.17500000E+002, 2.55454990E+001
4.20000000E+002, 2.58473100E+001
4.22500000E+002, 2.61197298E+001
4.25000000E+002, 2.63422086E+001
4.27500000E+002, 2.63240520E+001
4.30000000E+002, 2.65199897E+001
4.32500000E+002, 2.67967762E+001
4.35000000E+002, 2.69943093E+001
4.37500000E+002, 2.72631448E+001
4.40000000E+002, 2.74539424E+001
4.42500000E+002, 2.75231480E+001
4.45000000E+002, 2.78692931E+001
4.47500000E+002, 2.81585675E+001
4.50000000E+002, 2.84696498E+001
4.52500000E+002, 2.86087860E+001
4.55000000E+002, 2.90681490E+001
4.57500000E+002, 2.93471160E+001
4.60000000E+002, 2.93900083E+001
4.62500000E+002, 2.99966288E+001
4.65000000E+002, 3.00761389E+001
4.67500000E+002, 3.05086690E+001
4.70000000E+002, 3.07973145E+001
4.72500000E+002, 3.12071942E+001
4.75000000E+002, 3.16101749E+001
4.77500000E+002, 3.20441676E+001
4.80000000E+002, 3.23953198E+001
4.82500000E+002, 3.28321794E+001
4.85000000E+002, 3.32046527E+001
4.87500000E+002, 3.36898004E+001
4.90000000E+002, 3.40418959E+001
4.92500000E+002, 3.46493134E+001
4.95000000E+002, 3.52134096E+001
4.97500000E+002, 3.58503503E+001
5.00000000E+002, 3.64842319E+001
5.02500000E+002, 3.71842655E+001
5.05000000E+002, 3.78639743E+001
5.07500000E+002, 3.87553477E+001
5.10000000E+002, 3.95329150E+001
5.12500000E+002, 4.06156803E+001
5.15000000E+002, 4.18964041E+001
5.17500000E+002, 4.31368374E+001
5.20000000E+002, 4.48420257E+001
5.22500000E+002, 4.68156941E+001
5.25000000E+002, 4.95107823E+001
5.27500000E+002, 5.35029606E+001
5.30000000E+002, 6.06613269E+001
5.32500000E+002, 6.80796171E+001
5.35000000E+002, 5.62790215E+001
5.37500000E+002, 5.07110796E+001
5.40000000E+002, 4.82941836E+001
5.42500000E+002, 4.57460172E+001
5.45000000E+002, 4.38798169E+001
5.47500000E+002, 4.21000522E+001
5.50000000E+002, 4.08317797E+001
5.52500000E+002, 3.94891135E+001
5.55000000E+002, 3.85642660E+001
5.57500000E+002, 3.74107289E+001
5.60000000E+002, 3.67021595E+001
5.62500000E+002, 3.61326858E+001
5.65000000E+002, 3.52233316E+001
5.67500000E+002, 3.46612649E+001
5.70000000E+002, 3.40381803E+001
5.72500000E+002, 3.32384893E+001
5.75000000E+002, 3.24972394E+001
5.77500000E+002, 3.19541023E+001
5.80000000E+002, 3.14940229E+001
5.82500000E+002, 3.09735672E+001
5.85000000E+002, 3.06386428E+001
5.87500000E+002, 2.93894019E+001
5.90000000E+002, 2.94514121E+001
5.92500000E+002, 2.86891947E+001
5.95000000E+002, 2.81420576E+001
5.97500000E+002, 2.74467385E+001
6.00000000E+002, 2.73958036E+001
6.02500000E+002, 2.67460168E+001
6.05000000E+002, 2.65076316E+001
6.07500000E+002, 2.62781047E+001
6.10000000E+002, 2.55217566E+001
6.12500000E+002, 2.56088181E+001
6.15000000E+002, 2.48680648E+001
6.17500000E+002, 2.40770906E+001
6.20000000E+002, 2.39356032E+001
6.22500000E+002, 2.37219141E+001
6.25000000E+002, 2.27886303E+001
6.27500000E+002, 2.22103609E+001
6.30000000E+002, 2.17235222E+001
6.32500000E+002, 2.03737950E+001
6.35000000E+002, 2.05193558E+001
6.37500000E+002, 1.94933703E+001
6.40000000E+002, 1.83304107E+001
6.42500000E+002, 1.83157167E+001
6.45000000E+002, 1.87208021E+001
6.47500000E+002, 1.73065128E+001
6.50000000E+002, 1.55263899E+001
6.52500000E+002, 1.55153402E+001
6.55000000E+002, 1.43968928E+001
6.57500000E+002, 1.35069461E+001
6.60000000E+002, 1.32766880E+001
6.62500000E+002, 1.12233677E+001
6.65000000E+002, 1.08675583E+001
6.67500000E+002, 8.21838227E+000
6.70000000E+002, 4.71730856E+000
6.72500000E+002, 3.61765686E+000
6.75000000E+002, -6.11132991E-001
6.77500000E+002, -1.06509485E+000
6.80000000E+002, -2.30365388E+000
6.82500000E+002, 3.41776095E+000
6.85000000E+002, 3.09285689E+000
6.87500000E+002, 6.17871772E+000
6.90000000E+002, 9.66019926E+000
6.92500000E+002, 1.15198066E+001
6.95000000E+002, 1.19900874E+001
6.97500000E+002, 1.35722412E+001
7.00000000E+002, 1.40200660E+001
7.02500000E+002, 1.42104914E+001
7.05000000E+002, 1.56331527E+001
7.07500000E+002, 1.66015950E+001
7.10000000E+002, 1.71340764E+001
7.12500000E+002, 1.77486963E+001
7.15000000E+002, 1.79625745E+001
7.17500000E+002, 1.88149013E+001
7.20000000E+002, 1.95857180E+001
7.22500000E+002, 2.04187229E+001
7.25000000E+002, 2.08099810E+001
7.27500000E+002, 2.14362156E+001
7.30000000E+002, 2.15938288E+001
7.32500000E+002, 2.18399072E+001
7.35000000E+002, 2.30266120E+001
7.37500000E+002, 2.34395934E+001
7.40000000E+002, 2.35963837E+001
7.42500000E+002, 2.41977787E+001
7.45000000E+002, 2.43744006E+001
7.47500000E+002, 2.48405203E+001
7.50000000E+002, 2.54265572E+001
7.52500000E+002, 2.60177448E+001
7.55000000E+002, 2.63857005E+001
7.57500000E+002, 2.69055832E+001
7.60000000E+002, 2.69297258E+001
7.62500000E+002, 2.75242094E+001
7.65000000E+002, 2.78061798E+001
7.67500000E+002, 2.82774830E+001
7.70000000E+002, 2.88141977E+001
7.72500000E+002, 2.91681648E+001
7.75000000E+002, 2.95975126E+001
7.77500000E+002, 2.99878483E+001
7.80000000E+002, 3.04537613E+001
7.82500000E+002, 3.07377132E+001
7.85000000E+002, 3.14351879E+001
7.87500000E+002, 3.17414832E+001
7.90000000E+002, 3.20398517E+001
7.92500000E+002, 3.26808628E+001
7.95000000E+002, 3.29615740E+001
7.97500000E+002, 3.34756355E+001
8.00000000E+002, 3.39632316E+001
8.02500000E+002, 3.42968302E+001
8.05000000E+002, 3.49025776E+001
8.07500000E+002, 3.53273541E+001
8.10000000E+002, 3.60048925E+001
8.12500000E+002, 3.64245592E+001
8.15000000E+002, 3.70003366E+001
8.17500000E+002, 3.75451881E+001
8.20000000E+002, 3.81158374E+001
8.22500000E+002, 3.86710514E+001
8.25000000E+002, 3.92839575E+001
8.27500000E+002, 4.00002672E+001
8.30000000E+002, 4.07414262E+001
8.32500000E+002, 4.14271073E+001
8.35000000E+002, 4.22136395E+001
8.37500000E+002, 4.30412289E+001
8.40000000E+002, 4.38802054E+001
8.42500000E+002, 4.47586099E+001
8.45000000E+002, 4.58405334E+001
8.47500000E+002, 4.69355565E+001
8.50000000E+002, 4.81760338E+001
8.52500000E+002, 4.95733109E+001
8.55000000E+002, 5.12764384E+001
8.57500000E+002, 5.34659704E+001
8.60000000E+002, 5.53885317E+001
8.62500000E+002, 5.83846474E+001
8.65000000E+002, 6.11091136E+001
8.67500000E+002, 6.19405382E+001
8.70000000E+002, 5.96180550E+001
8.72500000E+002, 5.70717937E+001
8.75000000E+002, 5.47184441E+001
8.77500000E+002, 5.25995497E+001
8.80000000E+002, 5.09129569E+001
8.82500000E+002, 4.97655841E+001
8.85000000E+002, 4.87248442E+001
8.87500000E+002, 4.77797586E+001
8.90000000E+002, 4.68739368E+001
8.92500000E+002, 4.60806478E+001
8.95000000E+002, 4.54494525E+001
8.97500000E+002, 4.46285948E+001
9.00000000E+002, 4.42129328E+001
9.02500000E+002, 4.36670481E+001
9.05000000E+002, 4.32689306E+001
9.07500000E+002, 4.26780812E+001
9.10000000E+002, 4.23195446E+001
9.12500000E+002, 4.20184603E+001
9.15000000E+002, 4.16026000E+001
9.17500000E+002, 4.12498427E+001
9.20000000E+002, 4.08197554E+001
9.22500000E+002, 4.03403468E+001
9.25000000E+002, 4.01711391E+001
9.27500000E+002, 3.98408434E+001
9.30000000E+002, 3.97083896E+001
9.32500000E+002, 3.94917990E+001
9.35000000E+002, 3.88121241E+001
9.37500000E+002, 3.88738549E+001
9.40000000E+002, 3.86965285E+001
9.42500000E+002, 3.82982020E+001
9.45000000E+002, 3.80790686E+001
9.47500000E+002, 3.80441352E+001
9.50000000E+002, 3.78493032E+001
9.52500000E+002, 3.77728594E+001
9.55000000E+002, 3.75174981E+001
9.57500000E+002, 3.72228421E+001
9.60000000E+002, 3.71918727E+001
9.62500000E+002, 3.69806455E+001
9.65000000E+002, 3.68217655E+001
9.67500000E+002, 3.64827675E+001
9.70000000E+002, 3.65769823E+001
9.72500000E+002, 3.63182169E+001
9.75000000E+002, 3.63441035E+001
9.77500000E+002, 3.61108205E+001
9.80000000E+002, 3.60122389E+001
9.82500000E+002, 3.59551433E+001
9.85000000E+002, 3.57593780E+001
9.87500000E+002, 3.56406429E+001
9.90000000E+002, 3.55144910E+001
9.92500000E+002, 3.54377773E+001
9.95000000E+002, 3.52372409E+001
9.97500000E+002, 3.52109931E+001
1.00000000E+003, 3.51495595E+001
1.00250000E+003, 3.50164126E+001
1.00500000E+003, 3.49412241E+001
1.00750000E+003, 3.47831872E+001
1.01000000E+003, 3.47699029E+001
1.01250000E+003, 3.46156755E+001
1.01500000E+003, 3.45912269E+001
1.01750000E+003, 3.43552896E+001
1.02000000E+003, 3.44546053E+001
1.02250000E+003, 3.43403075E+001
1.02500000E+003, 3.42620864E+001
1.02750000E+003, 3.42080106E+001
1.03000000E+003, 3.40474943E+001
1.03250000E+003, 3.40285868E+001
1.03500000E+003, 3.39500716E+001
1.03750000E+003, 3.38378781E+001
1.04000000E+003, 3.37170704E+001
1.04250000E+003, 3.36565011E+001
1.04500000E+003, 3.34982640E+001
1.04750000E+003, 3.35825063E+001
1.05000000E+003, 3.35329792E+001
1.05250000E+003, 3.34077974E+001
1.05500000E+003, 3.33940835E+001
1.05750000E+003, 3.33305880E+001
1.06000000E+003, 3.31964091E+001
1.06250000E+003, 3.30983654E+001
1.06500000E+003, 3.31221466E+001
1.06750000E+003, 3.31052324E+001
1.07000000E+003, 3.31867079E+001
1.07250000E+003, 3.30056752E+001
1.07500000E+003, 3.31607493E+001
1.07750000E+003, 3.30755738E+001
1.08000000E+003, 3.28597164E+001
1.08250000E+003, 3.28242857E+001
1.08500000E+003, 3.29536646E+001
1.08750000E+003, 3.28392916E+001
1.09000000E+003, 3.26774585E+001
1.09250000E+003, 3.28247978E+001
1.09500000E+003, 3.26694505E+001
1.09750000E+003, 3.27420612E+001
1.10000000E+003, 3.26645438E+001
1.10250000E+003, 3.26699302E+001
1.10500000E+003, 3.25645462E+001
1.10750000E+003, 3.26252443E+001
1.11000000E+003, 3.25488067E+001
1.11250000E+003, 3.24799741E+001
1.11500000E+003, 3.24954850E+001
1.11750000E+003, 3.24543928E+001
1.12000000E+003, 3.24978205E+001
1.12250000E+003, 3.24960186E+001
1.12500000E+003, 3.24380426E+001
1.12750000E+003, 3.23836242E+001
1.13000000E+003, 3.22797767E+001
1.13250000E+003, 3.24220377E+001
1.13500000E+003, 3.25233416E+001
1.13750000E+003, 3.23084376E+001
1.14000000E+003, 3.22872537E+001
1.14250000E+003, 3.23306295E+001
1.14500000E+003, 3.22222160E+001
1.14750000E+003, 3.23467148E+001
1.15000000E+003, 3.21279873E+001
1.15250000E+003, 3.21475181E+001
1.15500000E+003, 3.21735839E+001
1.15750000E+003, 3.21070297E+001
1.16000000E+003, 3.21991384E+001
1.16250000E+003, 3.20859706E+001
1.16500000E+003, 3.20935362E+001
1.16750000E+003, 3.22485467E+001
1.17000000E+003, 3.22223047E+001
1.17250000E+003, 3.19746921E+001
1.17500000E+003, 3.20966742E+001
1.17750000E+003, 3.20061107E+001
1.18000000E+003, 3.20870871E+001
1.18250000E+003, 3.20325987E+001
1.18500000E+003, 3.20689377E+001
1.18750000E+003, 3.19879916E+001
1.19000000E+003, 3.20268573E+001
1.19250000E+003, 3.20935817E+001
1.19500000E+003, 3.19845877E+001
1.19750000E+003, 3.19391196E+001
1.20000000E+003, 3.20826893E+001
1.20250000E+003, 3.20061180E+001
1.20500000E+003, 3.19745889E+001
1.20750000E+003, 3.20693370E+001
1.21000000E+003, 3.19974085E+001
1.21250000E+003, 3.20386981E+001
1.21500000E+003, 3.20173585E+001
1.21750000E+003, 3.20092958E+001
1.22000000E+003, 3.19522365E+001
1.22250000E+003, 3.20350976E+001
1.22500000E+003, 3.19616437E+001
1.22750000E+003, 3.20234741E+001
1.23000000E+003, 3.19687935E+001
1.23250000E+003, 3.19703464E+001
1.23500000E+003, 3.20382728E+001
1.23750000E+003, 3.19757811E+001
1.24000000E+003, 3.19674760E+001
1.24250000E+003, 3.19386508E+001
1.24500000E+003, 3.19759910E+001
1.24750000E+003, 3.20610326E+001
1.25000000E+003, 3.20175414E+001
1.25250000E+003, 3.20170980E+001
1.25500000E+003, 3.19772343E+001
1.25750000E+003, 3.19809104E+001
1.26000000E+003, 3.19010101E+001
1.26250000E+003, 3.17858615E+001
1.26500000E+003, 3.19289807E+001
1.26750000E+003, 3.19050507E+001
1.27000000E+003, 3.19245814E+001
1.27250000E+003, 3.18621958E+001
1.27500000E+003, 3.20124749E+001
1.27750000E+003, 3.20044666E+001
1.28000000E+003, 3.19826024E+001
1.28250000E+003, 3.19726797E+001
1.28500000E+003, 3.20360046E+001
1.28750000E+003, 3.19510885E+001
1.29000000E+003, 3.20543269E+001
1.29250000E+003, 3.21188232E+001
1.29500000E+003, 3.19882398E+001
1.29750000E+003, 3.20238158E+001
1.30000000E+003, 3.20763463E+001
1.30250000E+003, 3.20122721E+001
1.30500000E+003, 3.21149533E+001
1.30750000E+003, 3.21583622E+001
1.31000000E+003, 3.22095030E+001
1.31250000E+003, 3.21646088E+001
1.31500000E+003, 3.21431121E+001
1.31750000E+003, 3.23305244E+001
1.32000000E+003, 3.23113598E+001
1.32250000E+003, 3.23192094E+001
1.32500000E+003, 3.23911311E+001
1.32750000E+003, 3.23403411E+001
1.33000000E+003, 3.25268717E+001
1.33250000E+003, 3.26644235E+001
1.33500000E+003, 3.29289324E+001
1.33750000E+003, 3.32232072E+001
1.34000000E+003, 3.35181046E+001
1.34250000E+003, 3.04032970E+001
1.34500000E+003, 3.13141020E+001
1.34750000E+003, 3.16157654E+001
1.35000000E+003, 3.17305030E+001
1.35250000E+003, 3.18987314E+001
1.35500000E+003, 3.19341000E+001
1.35750000E+003, 3.20493157E+001
1.36000000E+003, 3.20790954E+001
1.36250000E+003, 3.21525016E+001
1.36500000E+003, 3.22329008E+001
1.36750000E+003, 3.22376024E+001
1.37000000E+003, 3.22779601E+001
1.37250000E+003, 3.22860920E+001
1.37500000E+003, 3.23384949E+001
1.37750000E+003, 3.23452559E+001
1.38000000E+003, 3.24210587E+001
1.38250000E+003, 3.23213646E+001
1.38500000E+003, 3.24179859E+001
1.38750000E+003, 3.24808111E+001
1.39000000E+003, 3.24508623E+001
1.39250000E+003, 3.25913526E+001
1.39500000E+003, 3.25718635E+001
1.39750000E+003, 3.26023908E+001
1.40000000E+003, 3.25648396E+001
1.40250000E+003, 3.26037495E+001
1.40500000E+003, 3.26420222E+001
1.40750000E+003, 3.27150476E+001
1.41000000E+003, 3.27557798E+001
1.41250000E+003, 3.27983751E+001
1.41500000E+003, 3.28540928E+001
1.41750000E+003, 3.28966409E+001
1.42000000E+003, 3.28910317E+001
1.42250000E+003, 3.29325273E+001
1.42500000E+003, 3.29515984E+001
1.42750000E+003, 3.29425029E+001
1.43000000E+003, 3.30626554E+001
1.43250000E+003, 3.30448011E+001
1.43500000E+003, 3.30495121E+001
1.43750000E+003, 3.31335262E+001
1.44000000E+003, 3.30737754E+001
1.44250000E+003, 3.30686377E+001
1.44500000E+003, 3.31710542E+001
1.44750000E+003, 3.31914196E+001
1.45000000E+003, 3.32786010E+001
1.45250000E+003, 3.33526706E+001
1.45500000E+003, 3.34618353E+001
1.45750000E+003, 3.34053382E+001
1.46000000E+003, 3.33658925E+001
1.46250000E+003, 3.34188063E+001
1.46500000E+003, 3.34440480E+001
1.46750000E+003, 3.35020589E+001
1.47000000E+003, 3.35685060E+001
1.47250000E+003, 3.35453502E+001
1.47500000E+003, 3.36829751E+001
1.47750000E+003, 3.37179583E+001
1.48000000E+003, 3.36774182E+001
1.48250000E+003, 3.37403997E+001
1.48500000E+003, 3.38788167E+001
1.48750000E+003, 3.38263689E+001
1.49000000E+003, 3.39472731E+001
1.49250000E+003, 3.39098549E+001
1.49500000E+003, 3.39380819E+001
1.49750000E+003, 3.40695175E+001
1.50000000E+003, 3.39940789E+001
1.50250000E+003, 3.40923810E+001
1.50500000E+003, 3.41604443E+001
1.50750000E+003, 3.41697338E+001
1.51000000E+003, 3.42683550E+001
1.51250000E+003, 3.41794072E+001
1.51500000E+003, 3.43589598E+001
1.51750000E+003, 3.44018876E+001
1.52000000E+003, 3.44307595E+001
1.52250000E+003, 3.44591549E+001
1.52500000E+003, 3.45294084E+001
1.52750000E+003, 3.45077833E+001
1.53000000E+003, 3.46165915E+001
1.53250000E+003, 3.46839291E+001
1.53500000E+003, 3.47321556E+001
1.53750000E+003, 3.48129885E+001
1.54000000E+003, 3.48657402E+001
1.54250000E+003, 3.48029327E+001
1.54500000E+003, 3.49099601E+001
1.54750000E+003, 3.50099517E+001
1.55000000E+003, 3.49872101E+001
1.55250000E+003, 3.50939205E+001
1.55500000E+003, 3.51234820E+001
1.55750000E+003, 3.51982863E+001
1.56000000E+003, 3.52250428E+001
1.56250000E+003, 3.52299412E+001
1.56500000E+003, 3.53603023E+001
1.56750000E+003, 3.53921523E+001
1.57000000E+003, 3.55093924E+001
1.57250000E+003, 3.55001083E+001
1.57500000E+003, 3.56113389E+001
1.57750000E+003, 3.56238035E+001
1.58000000E+003, 3.57760314E+001
1.58250000E+003, 3.57120956E+001
1.58500000E+003, 3.58679118E+001
1.58750000E+003, 3.57946294E+001
1.59000000E+003, 3.59808485E+001
1.59250000E+003, 3.60193881E+001
1.59500000E+003, 3.60889638E+001
1.59750000E+003, 3.61976614E+001
1.60000000E+003, 3.61631692E+001
1.60250000E+003, 3.63653334E+001
1.60500000E+003, 3.62714324E+001
1.60750000E+003, 3.64580318E+001
1.61000000E+003, 3.65093556E+001
1.61250000E+003, 3.65779756E+001
1.61500000E+003, 3.66732684E+001
1.61750000E+003, 3.68229975E+001
1.62000000E+003, 3.68788296E+001
1.62250000E+003, 3.68504410E+001
1.62500000E+003, 3.69587915E+001
1.62750000E+003, 3.71288878E+001
1.63000000E+003, 3.71106913E+001
1.63250000E+003, 3.72687733E+001
1.63500000E+003, 3.72794533E+001
1.63750000E+003, 3.73865238E+001
1.64000000E+003, 3.74512193E+001
1.64250000E+003, 3.75496462E+001
1.64500000E+003, 3.76873379E+001
1.64750000E+003, 3.77188440E+001
1.65000000E+003, 3.78148028E+001
1.65250000E+003, 3.79417700E+001
1.65500000E+003, 3.79632816E+001
1.65750000E+003, 3.81380709E+001
1.66000000E+003, 3.82348458E+001
1.66250000E+003, 3.83658756E+001
1.66500000E+003, 3.84275491E+001
1.66750000E+003, 3.85687993E+001
1.67000000E+003, 3.86084936E+001
1.67250000E+003, 3.87662718E+001
1.67500000E+003, 3.88066362E+001
1.67750000E+003, 3.88754236E+001
1.68000000E+003, 3.90522057E+001
1.68250000E+003, 3.91085435E+001
1.68500000E+003, 3.93147545E+001
1.68750000E+003, 3.93282926E+001
1.69000000E+003, 3.95090413E+001
1.69250000E+003, 3.96496173E+001
1.69500000E+003, 3.98126018E+001
1.69750000E+003, 3.98180437E+001
1.70000000E+003, 4.00986208E+001
1.70250000E+003, 4.01773025E+001
1.70500000E+003, 4.02780578E+001
1.70750000E+003, 4.03267085E+001
1.71000000E+003, 4.05910067E+001
1.71250000E+003, 4.05920223E+001
1.71500000E+003, 4.08156202E+001
1.71750000E+003, 4.09931021E+001
1.72000000E+003, 4.11410804E+001
1.72250000E+003, 4.12774796E+001
1.72500000E+003, 4.15079816E+001
1.72750000E+003, 4.16622700E+001
1.73000000E+003, 4.18699304E+001
1.73250000E+003, 4.18867064E+001
1.73500000E+003, 4.22115536E+001
1.73750000E+003, 4.23423193E+001
1.74000000E+003, 4.24855394E+001
1.74250000E+003, 4.27322560E+001
1.74500000E+003, 4.27588624E+001
1.74750000E+003, 4.31288154E+001
1.75000000E+003, 4.34193394E+001
1.75250000E+003, 4.36612377E+001
1.75500000E+003, 4.38052102E+001
1.75750000E+003, 4.40298190E+001
1.76000000E+003, 4.42710725E+001
1.76250000E+003, 4.45841206E+001
1.76500000E+003, 4.47377339E+001
1.76750000E+003, 4.50808699E+001
1.77000000E+003, 4.53378551E+001
1.77250000E+003, 4.55735482E+001
1.77500000E+003, 4.60892498E+001
1.77750000E+003, 4.62647622E+001
1.78000000E+003, 4.67081423E+001
1.78250000E+003, 4.70047856E+001
1.78500000E+003, 4.76293223E+001
1.78750000E+003, 4.80287254E+001
1.79000000E+003, 4.86948497E+001
1.79250000E+003, 4.95182406E+001
1.79500000E+003, 5.12936583E+001
1.79750000E+003, 4.77287110E+001
1.80000000E+003, 4.84051364E+001
1.80250000E+003, 4.99587555E+001
1.80500000E+003, 5.09752771E+001
1.80750000E+003, 5.21080204E+001
1.81000000E+003, 5.34184927E+001
1.81250000E+003, 5.48518790E+001
1.81500000E+003, 5.68447975E+001
1.81750000E+003, 5.97335834E+001
1.82000000E+003, 6.53181182E+001
1.82250000E+003, 6.96121206E+001
1.82500000E+003, 5.91019517E+001
1.82750000E+003, 5.21308570E+001
1.83000000E+003, 4.56998676E+001
1.83250000E+003, 3.69208521E+001
1.83500000E+003, 4.05918932E+001
1.83750000E+003, 5.37155343E+001
1.84000000E+003, 4.47144050E+001
1.84250000E+003, 1.48015365E+001
1.84500000E+003, 3.75930269E+001
1.84750000E+003, 4.24458199E+001
1.85000000E+003, 4.51472839E+001
1.85250000E+003, 4.72829407E+001
1.85500000E+003, 4.89919497E+001
1.85750000E+003, 5.03351429E+001
1.86000000E+003, 5.20235407E+001
1.86250000E+003, 5.37765485E+001
1.86500000E+003, 5.52371193E+001
1.86750000E+003, 5.73158882E+001
1.87000000E+003, 5.94779054E+001
1.87250000E+003, 6.26195956E+001
1.87500000E+003, 6.58224994E+001
1.87750000E+003, 7.11339509E+001
1.88000000E+003, 7.51581415E+001
1.88250000E+003, 6.91892700E+001
1.88500000E+003, 6.48909138E+001
1.88750000E+003, 6.20191190E+001
1.89000000E+003, 5.99812469E+001
1.89250000E+003, 5.84412347E+001
1.89500000E+003, 5.68311458E+001
1.89750000E+003, 5.54282741E+001
1.90000000E+003, 5.44956527E+001
1.90250000E+003, 5.35046396E+001
1.90500000E+003, 5.26086513E+001
1.90750000E+003, 5.20179172E+001
1.91000000E+003, 5.13885518E+001
1.91250000E+003, 5.05727854E+001
1.91500000E+003, 5.01658047E+001
1.91750000E+003, 4.94543539E+001
1.92000000E+003, 4.89606991E+001
1.92250000E+003, 4.83275702E+001
1.92500000E+003, 4.78395469E+001
1.92750000E+003, 4.74438189E+001
1.93000000E+003, 4.70920611E+001
1.93250000E+003, 4.66776809E+001
1.93500000E+003, 4.62395062E+001
1.93750000E+003, 4.58455643E+001
1.94000000E+003, 4.54464785E+001
1.94250000E+003, 4.50544257E+001
1.94500000E+003, 4.46040415E+001
1.94750000E+003, 4.44061204E+001
1.95000000E+003, 4.40144177E+001
1.95250000E+003, 4.37508522E+001
1.95500000E+003, 4.33650468E+001
1.95750000E+003, 4.30765295E+001
1.96000000E+003, 4.28741259E+001
1.96250000E+003, 4.24092265E+001
1.96500000E+003, 4.18818572E+001
1.96750000E+003, 4.14307387E+001
1.97000000E+003, 4.11163556E+001
1.97250000E+003, 4.05903985E+001
1.97500000E+003, 3.98898491E+001
1.97750000E+003, 3.91625691E+001
1.98000000E+003, 3.71787865E+001
1.98250000E+003, 3.51069666E+001
1.98500000E+003, 4.77761455E+001
1.98750000E+003, 4.50845849E+001
1.99000000E+003, 4.33768244E+001
1.99250000E+003, 4.24399448E+001
1.99500000E+003, 4.19324257E+001
1.99750000E+003, 4.12974473E+001
2.00000000E+003, 4.09821396E+001
2.00250000E+003, 4.07189344E+001
2.00500000E+003, 4.02803836E+001
2.00750000E+003, 4.00144633E+001
2.01000000E+003, 3.97799625E+001
2.01250000E+003, 3.95288837E+001
2.01500000E+003, 3.94739887E+001
2.01750000E+003, 3.90186184E+001
2.02000000E+003, 3.89245590E+001
2.02250000E+003, 3.87968552E+001
2.02500000E+003, 3.86347970E+001
2.02750000E+003, 3.84228857E+001
2.03000000E+003, 3.82608433E+001
2.03250000E+003, 3.80233844E+001
2.03500000E+003, 3.78825602E+001
2.03750000E+003, 3.77897749E+001
2.04000000E+003, 3.75736170E+001
2.04250000E+003, 3.72355103E+001
2.04500000E+003, 3.72612631E+001
2.04750000E+003, 3.70962489E+001
2.05000000E+003, 3.68905722E+001
2.05250000E+003, 3.66127199E+001
2.05500000E+003, 3.65400912E+001
2.05750000E+003, 3.63257784E+001
2.06000000E+003, 3.62305042E+001
2.06250000E+003, 3.61481135E+001
2.06500000E+003, 3.59116057E+001
2.06750000E+003, 3.57823359E+001
2.07000000E+003, 3.56636426E+001
2.07250000E+003, 3.53698802E+001
2.07500000E+003, 3.54081614E+001
2.07750000E+003, 3.50779844E+001
2.08000000E+003, 3.51217646E+001
2.08250000E+003, 3.49597325E+001
2.08500000E+003, 3.48379391E+001
2.08750000E+003, 3.46477127E+001
2.09000000E+003, 3.46245119E+001
2.09250000E+003, 3.44780894E+001
2.09500000E+003, 3.42718908E+001
2.09750000E+003, 3.40374669E+001
2.10000000E+003, 3.37771185E+001
2.10250000E+003, 3.38092075E+001
2.10500000E+003, 3.36504815E+001
2.10750000E+003, 3.35631634E+001
2.11000000E+003, 3.31968296E+001
2.11250000E+003, 3.33639557E+001
2.11500000E+003, 3.31345707E+001
2.11750000E+003, 3.29647250E+001
2.12000000E+003, 3.29433111E+001
2.12250000E+003, 3.25714239E+001
2.12500000E+003, 3.25350613E+001
2.12750000E+003, 3.23090900E+001
2.13000000E+003, 3.23050673E+001
2.13250000E+003, 3.17871120E+001
2.13500000E+003, 3.18449995E+001
2.13750000E+003, 3.16484790E+001
2.14000000E+003, 3.19517021E+001
2.14250000E+003, 3.14368855E+001
2.14500000E+003, 3.11260508E+001
2.14750000E+003, 3.12180061E+001
2.15000000E+003, 3.11091064E+001
2.15250000E+003, 3.10174078E+001
2.15500000E+003, 3.05822731E+001
2.15750000E+003, 3.04398702E+001
2.16000000E+003, 3.04634162E+001
2.16250000E+003, 3.03044510E+001
2.16500000E+003, 3.03372304E+001
2.16750000E+003, 2.99613653E+001
2.17000000E+003, 2.98791191E+001
2.17250000E+003, 2.94591165E+001
2.17500000E+003, 2.92122249E+001
2.17750000E+003, 2.90468527E+001
2.18000000E+003, 2.89736704E+001
2.18250000E+003, 2.87273225E+001
2.18500000E+003, 2.85912528E+001
2.18750000E+003, 2.83951061E+001
2.19000000E+003, 2.79519449E+001
2.19250000E+003, 2.83093062E+001
2.19500000E+003, 2.77911619E+001
2.19750000E+003, 2.70894406E+001
2.20000000E+003, 2.69471247E+001
2.20250000E+003, 2.70139586E+001
2.20500000E+003, 2.66382531E+001
2.20750000E+003, 2.65927122E+001
2.21000000E+003, 2.60678538E+001
2.21250000E+003, 2.53316248E+001
2.21500000E+003, 2.56170520E+001
2.21750000E+003, 2.53761706E+001
2.22000000E+003, 2.48404447E+001
2.22250000E+003, 2.40554546E+001
2.22500000E+003, 2.36174414E+001
2.22750000E+003, 2.33672598E+001
2.23000000E+003, 2.29336738E+001
2.23250000E+003, 2.22790215E+001
2.23500000E+003, 2.19383389E+001
2.23750000E+003, 2.13815775E+001
2.24000000E+003, 1.95551083E+001
2.24250000E+003, 1.98365489E+001
2.24500000E+003, 1.84078599E+001
2.24750000E+003, 1.81618216E+001
2.25000000E+003, 1.74302844E+001
2.25250000E+003, 1.72609474E+001
2.25500000E+003, 1.51551239E+001
2.25750000E+003, 1.39673371E+001
2.26000000E+003, 1.63985683E+001
2.26250000E+003, 1.39544532E+001
2.26500000E+003, 1.53608942E+001
2.26750000E+003, 1.83043196E+001
2.27000000E+003, 1.80839708E+001
2.27250000E+003, 1.97621804E+001
2.27500000E+003, 2.15817359E+001
2.27750000E+003, 2.30686381E+001
2.28000000E+003, 2.43154501E+001
2.28250000E+003, 2.58512668E+001
2.28500000E+003, 2.62759386E+001
2.28750000E+003, 2.72691943E+001
2.29000000E+003, 2.87050189E+001
2.29250000E+003, 2.95275145E+001
2.29500000E+003, 3.07094133E+001
2.29750000E+003, 3.16856592E+001
2.30000000E+003, 3.24524242E+001
2.30250000E+003, 3.33966320E+001
2.30500000E+003, 3.45422432E+001
2.30750000E+003, 3.55773952E+001
2.31000000E+003, 3.65817425E+001
2.31250000E+003, 3.76302065E+001
2.31500000E+003, 3.88028446E+001
2.31750000E+003, 3.97594529E+001
2.32000000E+003, 4.09857789E+001
2.32250000E+003, 4.20316520E+001
2.32500000E+003, 4.31963599E+001
2.32750000E+003, 4.44831058E+001
2.33000000E+003, 4.55877178E+001
2.33250000E+003, 4.68485342E+001
2.33500000E+003, 4.77561127E+001
2.33750000E+003, 4.82880460E+001
2.34000000E+003, 4.85882837E+001
2.34250000E+003, 4.82743768E+001
2.34500000E+003, 4.80174549E+001
2.34750000E+003, 4.74287270E+001
2.35000000E+003, 4.66755900E+001
2.35250000E+003, 4.59999917E+001
2.35500000E+003, 4.52353446E+001
2.35750000E+003, 4.46288896E+001
2.36000000E+003, 4.39276254E+001
2.36250000E+003, 4.34215031E+001
2.36500000E+003, 4.29032083E+001
2.36750000E+003, 4.24097189E+001
2.37000000E+003, 4.20796244E+001
2.37250000E+003, 4.17760365E+001
2.37500000E+003, 4.13501155E+001
2.37750000E+003, 4.09961945E+001
2.38000000E+003, 4.06925788E+001
2.38250000E+003, 4.03709221E+001
2.38500000E+003, 4.00900514E+001
2.38750000E+003, 3.99538365E+001
2.39000000E+003, 3.97587262E+001
2.39250000E+003, 3.95446525E+001
2.39500000E+003, 3.93700527E+001
2.39750000E+003, 3.92116473E+001
2.40000000E+003, 3.91791456E+001
2.40250000E+003, 3.90817853E+001
2.40500000E+003, 3.89474678E+001
2.40750000E+003, 3.89227954E+001
2.41000000E+003, 3.89201274E+001
2.41250000E+003, 3.88573139E+001
2.41500000E+003, 3.87695879E+001
2.41750000E+003, 3.87128000E+001
2.42000000E+003, 3.83221699E+001
2.42250000E+003, 3.79836368E+001
2.42500000E+003, 3.73384503E+001
2.42750000E+003, 3.64322123E+001
2.43000000E+003, 3.51110242E+001
2.43250000E+003, 3.38552598E+001
2.43500000E+003, 3.26311144E+001
2.43750000E+003, 3.16723889E+001
2.44000000E+003, 3.14928652E+001
2.44250000E+003, 3.14884876E+001
2.44500000E+003, 3.15306782E+001
2.44750000E+003, 3.15781304E+001
2.45000000E+003, 3.17119792E+001
2.45250000E+003, 3.16185013E+001
2.45500000E+003, 3.16621659E+001
2.45750000E+003, 3.17813682E+001
2.46000000E+003, 3.18506674E+001
2.46250000E+003, 3.19522131E+001
2.46500000E+003, 3.18706214E+001
2.46750000E+003, 3.18789228E+001
2.47000000E+003, 3.18854654E+001
2.47250000E+003, 3.18386393E+001
2.47500000E+003, 3.19888361E+001
2.47750000E+003, 3.17226854E+001
2.48000000E+003, 3.19115340E+001
2.48250000E+003, 3.17529411E+001
2.48500000E+003, 3.18646769E+001
2.48750000E+003, 3.17302132E+001
2.49000000E+003, 3.16823884E+001
2.49250000E+003, 3.15628119E+001
2.49500000E+003, 3.15315531E+001
2.49750000E+003, 3.16320437E+001
2.50000000E+003, 3.14281017E+001
2.50250000E+003, 3.16095045E+001
2.50500000E+003, 3.13902691E+001
2.50750000E+003, 3.12156758E+001
2.51000000E+003, 3.13970553E+001
2.51250000E+003, 3.13368393E+001
2.51500000E+003, 3.12612360E+001
2.51750000E+003, 3.13008040E+001
2.52000000E+003, 3.11688813E+001
2.52250000E+003, 3.11132135E+001
2.52500000E+003, 3.10719659E+001
2.52750000E+003, 3.09826705E+001
2.53000000E+003, 3.10778252E+001
2.53250000E+003, 3.09150230E+001
2.53500000E+003, 3.09612936E+001
2.53750000E+003, 3.08359355E+001
2.54000000E+003, 3.07075768E+001
2.54250000E+003, 3.07450087E+001
2.54500000E+003, 3.06921114E+001
2.54750000E+003, 3.07058346E+001
2.55000000E+003, 3.07314967E+001
2.55250000E+003, 3.06785854E+001
2.55500000E+003, 3.05823297E+001
2.55750000E+003, 3.07049563E+001
2.56000000E+003, 3.05323919E+001
2.56250000E+003, 3.05307366E+001
2.56500000E+003, 3.04572246E+001
2.56750000E+003, 3.04111099E+001
2.57000000E+003, 3.05646307E+001
2.57250000E+003, 3.05391466E+001
2.57500000E+003, 3.02505132E+001
2.57750000E+003, 3.03572388E+001
2.58000000E+003, 3.02316547E+001
2.58250000E+003, 3.05819078E+001
2.58500000E+003, 3.02605068E+001
2.58750000E+003, 3.04052798E+001
2.59000000E+003, 3.01773348E+001
2.59250000E+003, 3.02403481E+001
2.59500000E+003, 3.01051414E+001
2.59750000E+003, 3.02604384E+001
2.60000000E+003, 3.00035322E+001
2.60250000E+003, 2.99826062E+001
2.60500000E+003, 3.01230160E+001
2.60750000E+003, 2.98819982E+001
2.61000000E+003, 2.98074378E+001
2.61250000E+003, 2.99291829E+001
2.61500000E+003, 2.99089591E+001
2.61750000E+003, 2.96783980E+001
2.62000000E+003, 2.98469042E+001
2.62250000E+003, 2.98544322E+001
2.62500000E+003, 2.96653066E+001
2.62750000E+003, 2.96085620E+001
2.63000000E+003, 2.97387443E+001
2.63250000E+003, 2.96382159E+001
2.63500000E+003, 2.97296830E+001
2.63750000E+003, 2.96731132E+001
2.64000000E+003, 2.97166920E+001
2.64250000E+003, 2.95493556E+001
2.64500000E+003, 2.95749800E+001
2.64750000E+003, 2.96080392E+001
2.65000000E+003, 2.95923104E+001
2.65250000E+003, 2.95035915E+001
2.65500000E+003, 2.95691805E+001
2.65750000E+003, 2.94150352E+001
2.66000000E+003, 2.94424329E+001
2.66250000E+003, 2.94216325E+001
2.66500000E+003, 2.93084728E+001
2.66750000E+003, 2.94468953E+001
2.67000000E+003, 2.93582720E+001
2.67250000E+003, 2.91655421E+001
2.67500000E+003, 2.92913068E+001
2.67750000E+003, 2.91780974E+001
2.68000000E+003, 2.93668171E+001
2.68250000E+003, 2.91389010E+001
2.68500000E+003, 2.91235736E+001
2.68750000E+003, 2.89557138E+001
2.69000000E+003, 2.91525359E+001
2.69250000E+003, 2.89987128E+001
2.69500000E+003, 2.91143713E+001
2.69750000E+003, 2.89861619E+001
2.70000000E+003, 2.89797550E+001
2.70250000E+003, 2.89671186E+001
2.70500000E+003, 2.87744151E+001
2.70750000E+003, 2.89720559E+001
2.71000000E+003, 2.89049436E+001
2.71250000E+003, 2.88885249E+001
2.71500000E+003, 2.88645974E+001
2.71750000E+003, 2.88231236E+001
2.72000000E+003, 2.86448113E+001
2.72250000E+003, 2.88421538E+001
2.72500000E+003, 2.85532591E+001
2.72750000E+003, 2.87819194E+001
2.73000000E+003, 2.88302674E+001
2.73250000E+003, 2.85361263E+001
2.73500000E+003, 2.87027371E+001
2.73750000E+003, 2.85754737E+001
2.74000000E+003, 2.87168048E+001
2.74250000E+003, 2.84667885E+001
2.74500000E+003, 2.84568973E+001
2.74750000E+003, 2.82725763E+001
2.75000000E+003, 2.85275994E+001
2.75250000E+003, 2.83973414E+001
2.75500000E+003, 2.84974151E+001
2.75750000E+003, 2.79373319E+001
2.76000000E+003, 2.79665736E+001
2.76250000E+003, 2.81335238E+001
2.76500000E+003, 2.80089169E+001
2.76750000E+003, 2.82175391E+001
2.77000000E+003, 2.80490534E+001
2.77250000E+003, 2.78059680E+001
2.77500000E+003, 2.78452000E+001
2.77750000E+003, 2.76330760E+001
2.78000000E+003, 2.72776626E+001
2.78250000E+003, 2.74599466E+001
2.78500000E+003, 2.73158095E+001
2.78750000E+003, 2.70569699E+001
2.79000000E+003, 2.68441580E+001
2.79250000E+003, 2.63629566E+001
2.79500000E+003, 2.62390579E+001
2.79750000E+003, 2.56155181E+001
2.80000000E+003, 2.50757886E+001
2.80250000E+003, 2.41902109E+001
2.80500000E+003, 2.29693413E+001
2.80750000E+003, 2.04052992E+001
2.81000000E+003, 1.63598309E+001
2.81250000E+003, 1.93831749E+001
2.81500000E+003, 3.02329844E+001
2.81750000E+003, 4.29749917E+001
2.82000000E+003, 4.24130162E+001
2.82250000E+003, 3.77745058E+001
2.82500000E+003, 3.54414453E+001
2.82750000E+003, 3.41653991E+001
2.83000000E+003, 3.34204761E+001
2.83250000E+003, 3.28124271E+001
2.83500000E+003, 3.23913545E+001
2.83750000E+003, 3.20671522E+001
2.84000000E+003, 3.16616952E+001
2.84250000E+003, 3.15621249E+001
2.84500000E+003, 3.14354047E+001
2.84750000E+003, 3.11754308E+001
2.85000000E+003, 3.09895321E+001
2.85250000E+003, 3.08498096E+001
2.85500000E+003, 3.07986561E+001
2.85750000E+003, 3.08755834E+001
2.86000000E+003, 3.08781243E+001
2.86250000E+003, 3.07438448E+001
2.86500000E+003, 3.06571590E+001
2.86750000E+003, 3.05855340E+001
2.87000000E+003, 3.05959355E+001
2.87250000E+003, 3.03697958E+001
2.87500000E+003, 3.04301517E+001
2.87750000E+003, 3.03557947E+001
2.88000000E+003, 3.02892528E+001
2.88250000E+003, 3.04360704E+001
2.88500000E+003, 3.03256594E+001
2.88750000E+003, 3.02649661E+001
2.89000000E+003, 3.02204210E+001
2.89250000E+003, 3.02337626E+001
2.89500000E+003, 3.01734260E+001
2.89750000E+003, 3.01066262E+001
2.90000000E+003, 3.02208014E+001
2.90250000E+003, 3.04491764E+001
2.90500000E+003, 3.04437547E+001
2.90750000E+003, 3.02728848E+001
2.91000000E+003, 3.02824172E+001
2.91250000E+003, 3.01974288E+001
2.91500000E+003, 3.02872168E+001
2.91750000E+003, 3.01554419E+001
2.92000000E+003, 3.02437522E+001
2.92250000E+003, 3.02188243E+001
2.92500000E+003, 3.02804958E+001
2.92750000E+003, 3.03416738E+001
2.93000000E+003, 3.05396728E+001
2.93250000E+003, 3.05255427E+001
2.93500000E+003, 2.96062111E+001
2.93750000E+003, 3.03531588E+001
2.94000000E+003, 2.97818665E+001
2.94250000E+003, 3.00616119E+001
2.94500000E+003, 2.99535914E+001
2.94750000E+003, 3.00463630E+001
2.95000000E+003, 3.00550356E+001
2.95250000E+003, 3.00491630E+001
2.95500000E+003, 3.02956711E+001
2.95750000E+003, 3.02412950E+001
2.96000000E+003, 3.03371381E+001
2.96250000E+003, 3.02148113E+001
2.96500000E+003, 3.00821866E+001
2.96750000E+003, 3.02234992E+001
2.97000000E+003, 3.03841829E+001
2.97250000E+003, 3.00911624E+001
2.97500000E+003, 3.01970651E+001
2.97750000E+003, 3.00466108E+001
2.98000000E+003, 3.06027809E+001
2.98250000E+003, 3.04570838E+001
2.98500000E+003, 3.05507629E+001
2.98750000E+003, 3.04751244E+001
2.99000000E+003, 3.05015041E+001
2.99250000E+003, 3.05036229E+001
2.99500000E+003, 3.05229373E+001
2.99750000E+003, 3.03721239E+001
3.00000000E+003, 3.08178465E+001
3.00250000E+003, 3.06783673E+001
3.00500000E+003, 3.07597323E+001
3.00750000E+003, 3.05525576E+001
3.01000000E+003, 3.07812019E+001
3.01250000E+003, 3.11618594E+001
3.01500000E+003, 3.07671252E+001
3.01750000E+003, 3.07810553E+001
3.02000000E+003, 3.11491777E+001
3.02250000E+003, 3.10678013E+001
3.02500000E+003, 3.10288778E+001
3.02750000E+003, 3.08995114E+001
3.03000000E+003, 3.12320071E+001
3.03250000E+003, 3.10851506E+001
3.03500000E+003, 3.12591049E+001
3.03750000E+003, 3.12869993E+001
3.04000000E+003, 3.11691194E+001
3.04250000E+003, 3.13309972E+001
3.04500000E+003, 3.13832656E+001
3.04750000E+003, 3.16523016E+001
3.05000000E+003, 3.14678949E+001
3.05250000E+003, 3.16498178E+001
3.05500000E+003, 3.16365130E+001
3.05750000E+003, 3.17678304E+001
3.06000000E+003, 3.18652094E+001
3.06250000E+003, 3.15680280E+001
3.06500000E+003, 3.19848419E+001
3.06750000E+003, 3.20169394E+001
3.07000000E+003, 3.21159220E+001
3.07250000E+003, 3.20967491E+001
3.07500000E+003, 3.22321848E+001
3.07750000E+003, 3.23757328E+001
3.08000000E+003, 3.24909285E+001
3.08250000E+003, 3.23760448E+001
3.08500000E+003, 3.24512546E+001
3.08750000E+003, 3.27772323E+001
3.09000000E+003, 3.26910734E+001
3.09250000E+003, 3.27332167E+001
3.09500000E+003, 3.29905829E+001
3.09750000E+003, 3.29318451E+001
3.10000000E+003, 3.29663161E+001
3.10250000E+003, 3.30255818E+001
3.10500000E+003, 3.29900615E+001
3.10750000E+003, 3.33651939E+001
3.11000000E+003, 3.29240281E+001
3.11250000E+003, 3.33706641E+001
3.11500000E+003, 3.34084476E+001
3.11750000E+003, 3.35144969E+001
3.12000000E+003, 3.37090531E+001
3.12250000E+003, 3.38275066E+001
3.12500000E+003, 3.38555553E+001
3.12750000E+003, 3.39016313E+001
3.13000000E+003, 3.42963118E+001
3.13250000E+003, 3.39440704E+001
3.13500000E+003, 3.43462550E+001
3.13750000E+003, 3.43010160E+001
3.14000000E+003, 3.45407254E+001
3.14250000E+003, 3.45381318E+001
3.14500000E+003, 3.48459912E+001
3.14750000E+003, 3.48028218E+001
3.15000000E+003, 3.48486528E+001
3.15250000E+003, 3.54674711E+001
3.15500000E+003, 3.52791074E+001
3.15750000E+003, 3.56903906E+001
3.16000000E+003, 3.56883709E+001
3.16250000E+003, 3.54223351E+001
3.16500000E+003, 3.56961185E+001
3.16750000E+003, 3.61539876E+001
3.17000000E+003, 3.64754953E+001
3.17250000E+003, 3.63125724E+001
3.17500000E+003, 3.65336347E+001
3.17750000E+003, 3.67277826E+001
3.18000000E+003, 3.68861341E+001
3.18250000E+003, 3.70284028E+001
3.18500000E+003, 3.76426981E+001
3.18750000E+003, 3.77582650E+001
3.19000000E+003, 3.80958950E+001
3.19250000E+003, 3.76484989E+001
3.19500000E+003, 3.77459515E+001
3.19750000E+003, 3.84412327E+001
3.20000000E+003, 3.86897514E+001
3.20250000E+003, 3.83069171E+001
3.20500000E+003, 3.92329321E+001
3.20750000E+003, 3.96404840E+001
3.21000000E+003, 3.98064994E+001
3.21250000E+003, 3.98838314E+001
3.21500000E+003, 4.03702383E+001
3.21750000E+003, 4.07885848E+001
3.22000000E+003, 4.08062800E+001
3.22250000E+003, 4.17169986E+001
3.22500000E+003, 4.19966360E+001
3.22750000E+003, 4.29311056E+001
3.23000000E+003, 4.26520194E+001
3.23250000E+003, 4.33680085E+001
3.23500000E+003, 4.45923374E+001
3.23750000E+003, 4.48609330E+001
3.24000000E+003, 4.49403302E+001
3.24250000E+003, 4.64264507E+001
3.24500000E+003, 4.66852704E+001
3.24750000E+003, 4.73319338E+001
3.25000000E+003, 4.83167095E+001
3.25250000E+003, 5.02707092E+001
3.25500000E+003, 5.18810334E+001
3.25750000E+003, 5.26187280E+001
3.26000000E+003, 5.39829219E+001
3.26250000E+003, 5.88763702E+001
3.26500000E+003, 5.91322129E+001
3.26750000E+003, 6.17899348E+001
3.27000000E+003, 6.19904180E+001
3.27250000E+003, 5.64161935E+001
3.27500000E+003, 5.41944819E+001
3.27750000E+003, 5.23867375E+001
3.28000000E+003, 5.09519235E+001
3.28250000E+003, 4.92961647E+001
3.28500000E+003, 4.78761963E+001
3.28750000E+003, 4.61706692E+001
3.29000000E+003, 4.56056868E+001
3.29250000E+003, 4.43538584E+001
3.29500000E+003, 4.38324959E+001
3.29750000E+003, 4.24320180E+001
3.30000000E+003, 4.20796901E+001
3.30250000E+003, 4.11990386E+001
3.30500000E+003, 4.02244307E+001
3.30750000E+003, 3.94329091E+001
3.31000000E+003, 4.01849010E+001
3.31250000E+003, 3.81634751E+001
3.31500000E+003, 3.89924808E+001
3.31750000E+003, 3.64555049E+001
3.32000000E+003, 3.79248321E+001
3.32250000E+003, 3.61483215E+001
3.32500000E+003, 3.58633482E+001
3.32750000E+003, 3.41960079E+001
3.33000000E+003, 3.39200111E+001
3.33250000E+003, 3.31634083E+001
3.33500000E+003, 3.31517502E+001
3.33750000E+003, 3.00192060E+001
3.34000000E+003, 2.89745513E+001
3.34250000E+003, 2.84383655E+001
3.34500000E+003, 2.58398428E+001
3.34750000E+003, 3.14496136E+001
3.35000000E+003, 4.30795931E+001
3.35250000E+003, 4.29303613E+001
3.35500000E+003, 3.86765125E+001
3.35750000E+003, 3.72830943E+001
3.36000000E+003, 3.60984719E+001
3.36250000E+003, 3.49008220E+001
3.36500000E+003, 3.42119303E+001
3.36750000E+003, 3.29281882E+001
3.37000000E+003, 3.27554526E+001
3.37250000E+003, 3.19129495E+001
3.37500000E+003, 3.11280605E+001
3.37750000E+003, 3.05024179E+001
3.38000000E+003, 3.00392558E+001
3.38250000E+003, 3.05705406E+001
3.38500000E+003, 3.27723577E+001
3.38750000E+003, 3.01519357E+001
3.39000000E+003, 3.03640089E+001
3.39250000E+003, 2.91804673E+001
3.39500000E+003, 2.93801904E+001
3.39750000E+003, 2.70757761E+001
3.40000000E+003, 2.75730250E+001
3.40250000E+003, 2.68549923E+001
3.40500000E+003, 2.67287098E+001
3.40750000E+003, 2.43938373E+001
3.41000000E+003, 2.45687711E+001
3.41250000E+003, 2.42556292E+001
3.41500000E+003, 2.39676938E+001
3.41750000E+003, 2.60909478E+001
3.42000000E+003, 2.25263655E+001
3.42250000E+003, 2.46618038E+001
3.42500000E+003, 2.33458651E+001
3.42750000E+003, 2.25709477E+001
3.43000000E+003, 2.09476860E+001
3.43250000E+003, 2.16006372E+001
3.43500000E+003, 2.07942126E+001
3.43750000E+003, 1.93902524E+001
3.44000000E+003, 1.82325083E+001
3.44250000E+003, 1.95264069E+001
3.44500000E+003, 1.45523192E+001
3.44750000E+003, 2.09584085E+001
3.45000000E+003, 1.74848004E+001
3.45250000E+003, 1.62201752E+001
3.45500000E+003, 1.11949702E+001
3.45750000E+003, 1.48468723E+001
3.46000000E+003, 6.87781890E+000
3.46250000E+003, 1.05919875E+001
3.46500000E+003, 1.10718461E+001
3.46750000E+003, 8.54503826E-002
3.47000000E+003, 1.38717844E+001
3.47250000E+003, 1.22358192E+001
3.47500000E+003, 1.26268200E+001
3.47750000E+003, 1.30583865E+001
3.48000000E+003, 1.89569991E+001
3.48250000E+003, 1.75572390E+001
3.48500000E+003, 1.93730200E+001
3.48750000E+003, 2.10893520E+001
3.49000000E+003, 1.96727844E+001
3.49250000E+003, 2.26018825E+001
3.49500000E+003, 2.43016452E+001
3.49750000E+003, 2.19723213E+001
3.50000000E+003, 2.56105612E+001
3.50250000E+003, 2.48924310E+001
3.50500000E+003, 2.67383110E+001
3.50750000E+003, 2.72918061E+001
3.51000000E+003, 2.61760811E+001
3.51250000E+003, 2.90568239E+001
3.51500000E+003, 2.67756931E+001
3.51750000E+003, 3.00110955E+001
3.52000000E+003, 3.24559938E+001
3.52250000E+003, 3.28498303E+001
3.52500000E+003, 3.24054964E+001
3.52750000E+003, 3.27760751E+001
3.53000000E+003, 3.27106196E+001
3.53250000E+003, 3.56507684E+001
3.53500000E+003, 3.58363192E+001
3.53750000E+003, 3.71619794E+001
3.54000000E+003, 3.79516308E+001
3.54250000E+003, 3.94662600E+001
3.54500000E+003, 4.26736394E+001
3.54750000E+003, 4.30159624E+001
3.55000000E+003, 4.32287844E+001
3.55250000E+003, 4.48135122E+001
3.55500000E+003, 4.55671309E+001
3.55750000E+003, 4.88136183E+001
3.56000000E+003, 4.81861539E+001
3.56250000E+003, 4.52276099E+001
3.56500000E+003, 4.43476236E+001
3.56750000E+003, 4.33484078E+001
3.57000000E+003, 4.26758419E+001
3.57250000E+003, 4.09234597E+001
3.57500000E+003, 4.05670350E+001
3.57750000E+003, 3.94143364E+001
3.58000000E+003, 3.85225784E+001
3.58250000E+003, 3.81644085E+001
3.58500000E+003, 3.76927893E+001
3.58750000E+003, 3.61948434E+001
3.59000000E+003, 3.60201137E+001
3.59250000E+003, 3.57180015E+001
3.59500000E+003, 3.50768231E+001
3.59750000E+003, 3.47033389E+001
3.60000000E+003, 3.44408461E+001
3.60250000E+003, 3.36179196E+001
3.60500000E+003, 3.33048893E+001
3.60750000E+003, 3.32440334E+001
3.61000000E+003, 3.24176724E+001
3.61250000E+003, 3.24686109E+001
3.61500000E+003, 3.23747197E+001
3.61750000E+003, 3.18399625E+001
3.62000000E+003, 3.12146086E+001
3.62250000E+003, 3.13709541E+001
3.62500000E+003, 3.17769851E+001
3.62750000E+003, 3.10934295E+001
3.63000000E+003, 3.09670100E+001
3.63250000E+003, 3.11119173E+001
3.63500000E+003, 3.10115256E+001
3.63750000E+003, 3.00758326E+001
3.64000000E+003, 3.11697176E+001
3.64250000E+003, 3.01358599E+001
3.64500000E+003, 3.00667870E+001
3.64750000E+003, 3.03046818E+001
3.65000000E+003, 3.01078024E+001
3.65250000E+003, 2.99358849E+001
3.65500000E+003, 2.95221685E+001
3.65750000E+003, 2.93630332E+001
3.66000000E+003, 2.92310884E+001
3.66250000E+003, 2.96021913E+001
3.66500000E+003, 2.89146586E+001
3.66750000E+003, 2.97961364E+001
3.67000000E+003, 2.98869898E+001
3.67250000E+003, 2.93891169E+001
3.67500000E+003, 3.04178539E+001
3.67750000E+003, 3.01035219E+001
3.68000000E+003, 3.04426618E+001
3.68250000E+003, 3.00814239E+001
3.68500000E+003, 3.04020155E+001
3.68750000E+003, 3.09161626E+001
3.69000000E+003, 3.09523377E+001
3.69250000E+003, 3.12471929E+001
3.69500000E+003, 3.16859843E+001
3.69750000E+003, 3.20045027E+001
3.70000000E+003, 3.26864652E+001
3.70250000E+003, 3.31867023E+001
3.70500000E+003, 3.39516286E+001
3.70750000E+003, 3.54924637E+001
3.71000000E+003, 3.65638034E+001
3.71250000E+003, 3.80395716E+001
3.71500000E+003, 4.03545554E+001
3.71750000E+003, 4.34199994E+001
3.72000000E+003, 4.81357807E+001
3.72250000E+003, 4.83098356E+001
3.72500000E+003, 4.28904240E+001
3.72750000E+003, 3.89583053E+001
3.73000000E+003, 3.59789258E+001
3.73250000E+003, 3.35256796E+001
3.73500000E+003, 3.15888555E+001
3.73750000E+003, 2.93183164E+001
3.74000000E+003, 2.82480706E+001
3.74250000E+003, 2.61227698E+001
3.74500000E+003, 2.46866210E+001
3.74750000E+003, 2.46709712E+001
3.75000000E+003, 2.31242227E+001
3.75250000E+003, 2.28375496E+001
3.75500000E+003, 2.22094521E+001
3.75750000E+003, 2.18015803E+001
3.76000000E+003, 2.13322397E+001
3.76250000E+003, 2.13016453E+001
3.76500000E+003, 2.20851965E+001
3.76750000E+003, 2.22539522E+001
3.77000000E+003, 2.65223784E+001
3.77250000E+003, 2.09957123E+001
3.77500000E+003, 1.17447418E+001
3.77750000E+003, 6.70660257E+000
3.78000000E+003, 1.16705054E+001
3.78250000E+003, 1.20972340E+001
3.78500000E+003, 1.25175595E+001
3.78750000E+003, 8.06686274E+000
3.79000000E+003, 1.44079490E+001
3.79250000E+003, 1.14126051E+001
3.79500000E+003, 1.28052319E+001
3.79750000E+003, 1.18176254E+001
3.80000000E+003, 8.32136190E+000
3.80250000E+003, 1.24825058E+001
3.80500000E+003, 9.18886442E+000
3.80750000E+003, 1.08260355E+001
3.81000000E+003, 1.23407488E+001
3.81250000E+003, 1.24484963E+001
3.81500000E+003, 8.74982701E+000
3.81750000E+003, 1.12562989E+001
3.82000000E+003, 1.32544895E+001
3.82250000E+003, 1.16099065E+001
3.82500000E+003, 1.30377042E+001
3.82750000E+003, 1.36101812E+001
3.83000000E+003, 1.28128406E+001
3.83250000E+003, 1.13771025E+001
3.83500000E+003, 1.01841284E+001
3.83750000E+003, 1.38997380E+001
3.84000000E+003, 1.48044066E+001
3.84250000E+003, 1.30638457E+001
3.84500000E+003, 1.40386898E+001
3.84750000E+003, 1.11139720E+001
3.85000000E+003, 1.51565619E+001
3.85250000E+003, 1.47431242E+001
3.85500000E+003, 1.58906270E+001
3.85750000E+003, 1.41793592E+001
3.86000000E+003, 1.29617383E+001
3.86250000E+003, 1.43317945E+001
3.86500000E+003, 1.77407715E+001
3.86750000E+003, 1.81338697E+001
3.87000000E+003, 1.71910294E+001
3.87250000E+003, 1.61194945E+001
3.87500000E+003, 1.75933612E+001
3.87750000E+003, 1.65510853E+001
3.88000000E+003, 1.72605558E+001
3.88250000E+003, 1.99412259E+001
3.88500000E+003, 1.92492925E+001
3.88750000E+003, 1.85631081E+001
3.89000000E+003, 1.79874539E+001
3.89250000E+003, 1.76615457E+001
3.89500000E+003, 1.76929174E+001
3.89750000E+003, 1.83403774E+001
3.90000000E+003, 1.96771452E+001
3.90250000E+003, 2.03865819E+001
3.90500000E+003, 1.87771785E+001
3.90750000E+003, 1.93000866E+001
3.91000000E+003, 1.93486327E+001
3.91250000E+003, 2.00091374E+001
3.91500000E+003, 2.06931698E+001
3.91750000E+003, 2.02682042E+001
3.92000000E+003, 2.02308446E+001
3.92250000E+003, 2.15353147E+001
3.92500000E+003, 2.08838346E+001
3.92750000E+003, 2.10669217E+001
3.93000000E+003, 2.12691352E+001
3.93250000E+003, 2.17469035E+001
3.93500000E+003, 2.21245743E+001
3.93750000E+003, 2.30932253E+001
3.94000000E+003, 2.20639377E+001
3.94250000E+003, 2.26150162E+001
3.94500000E+003, 2.28533878E+001
3.94750000E+003, 2.32762751E+001
3.95000000E+003, 2.41572067E+001
3.95250000E+003, 2.26485081E+001
3.95500000E+003, 2.39305897E+001
3.95750000E+003, 2.40878763E+001
3.96000000E+003, 2.32674047E+001
3.96250000E+003, 2.46110036E+001
3.96500000E+003, 2.49900436E+001
3.96750000E+003, 2.49496130E+001
3.97000000E+003, 2.49867233E+001
3.97250000E+003, 2.54905960E+001
3.97500000E+003, 2.58905572E+001
3.97750000E+003, 2.59536161E+001
3.98000000E+003, 2.54396268E+001
3.98250000E+003, 2.63531706E+001
3.98500000E+003, 2.68619781E+001
3.98750000E+003, 2.74167373E+001
3.99000000E+003, 2.65472981E+001
3.99250000E+003, 2.75946468E+001
3.99500000E+003, 2.68540521E+001
3.99750000E+003, 2.74573959E+001
4.00000000E+003, 2.83656775E+001
