Label:, CH1-2: é¸îgêîâûìöä÷êî
DateTime:, Thu Feb 08 16:35:01 2018
DataKind:, CH1-2, FRF, Mag
DataPoints:, 1601
DataCalc:, H1
Frequency:, 0.000 , 4000.000, Hz
Sample:, 4096, Internal
Average:, 3, Power/Sum
Voltage(CH1):, -20.000, dBVrms
Voltage(CH2):, -10.000, dBVrms
EU/V(CH1):, 3.757E+001
EU/V(CH2):, 1.088E+003
Window(CH1):, Rect
Window(CH2):, Rect
X-AxisScale:, Lin
X-AxisUnit:, Hz
Y-AxisScale:, Log
Y-AxisUnit:, m/s2/N
Y-AxisMagniude:
0.00000000E+000, 4.35622192E+001
2.50000000E+000, 1.46476107E+001
5.00000000E+000, 1.37415469E+001
7.50000000E+000, 1.47068237E+001
1.00000000E+001, 1.35820382E+001
1.25000000E+001, 6.51271960E+000
1.50000000E+001, 2.40906360E+000
1.75000000E+001, 6.37240643E+000
2.00000000E+001, 6.42773613E+000
2.25000000E+001, 8.42118768E+000
2.50000000E+001, 3.44458338E+000
2.75000000E+001, 4.54106077E+000
3.00000000E+001, 4.35682404E+000
3.25000000E+001, 2.80586672E+000
3.50000000E+001, 7.47116071E-001
3.75000000E+001, -3.62389878E+000
4.00000000E+001, -4.38242371E+000
4.25000000E+001, -1.26543714E+001
4.50000000E+001, -1.13064271E+001
4.75000000E+001, -1.12024124E+000
5.00000000E+001, -1.11437892E+001
5.25000000E+001, 5.29458761E-001
5.50000000E+001, 1.39099894E+000
5.75000000E+001, 4.48506731E+000
6.00000000E+001, 6.19336873E+000
6.25000000E+001, 9.03540066E+000
6.50000000E+001, 9.35602577E+000
6.75000000E+001, 9.18096496E+000
7.00000000E+001, 1.01291117E+001
7.25000000E+001, 1.11107934E+001
7.50000000E+001, 1.27687661E+001
7.75000000E+001, 1.37273627E+001
8.00000000E+001, 1.54768800E+001
8.25000000E+001, 1.70627208E+001
8.50000000E+001, 1.68554412E+001
8.75000000E+001, 1.81145403E+001
9.00000000E+001, 1.79803160E+001
9.25000000E+001, 2.00732032E+001
9.50000000E+001, 2.07502168E+001
9.75000000E+001, 2.14657067E+001
1.00000000E+002, 2.20382835E+001
1.02500000E+002, 2.32528487E+001
1.05000000E+002, 2.38861539E+001
1.07500000E+002, 2.46149270E+001
1.10000000E+002, 2.54729904E+001
1.12500000E+002, 2.62706160E+001
1.15000000E+002, 2.76038507E+001
1.17500000E+002, 2.85724314E+001
1.20000000E+002, 3.00504224E+001
1.22500000E+002, 3.10755157E+001
1.25000000E+002, 3.26698900E+001
1.27500000E+002, 3.42273131E+001
1.30000000E+002, 3.59415353E+001
1.32500000E+002, 3.79044643E+001
1.35000000E+002, 4.05660288E+001
1.37500000E+002, 4.40615162E+001
1.40000000E+002, 5.02235725E+001
1.42500000E+002, 6.24612922E+001
1.45000000E+002, 4.86422593E+001
1.47500000E+002, 4.36933717E+001
1.50000000E+002, 4.03786984E+001
1.52500000E+002, 3.81363985E+001
1.55000000E+002, 3.64988933E+001
1.57500000E+002, 3.50282298E+001
1.60000000E+002, 3.39590918E+001
1.62500000E+002, 3.27877450E+001
1.65000000E+002, 3.19323928E+001
1.67500000E+002, 3.11542738E+001
1.70000000E+002, 3.03154786E+001
1.72500000E+002, 2.93574948E+001
1.75000000E+002, 2.87424432E+001
1.77500000E+002, 2.76219017E+001
1.80000000E+002, 2.68763881E+001
1.82500000E+002, 2.60863424E+001
1.85000000E+002, 2.58555384E+001
1.87500000E+002, 2.57653544E+001
1.90000000E+002, 2.58003597E+001
1.92500000E+002, 2.53943468E+001
1.95000000E+002, 2.55341634E+001
1.97500000E+002, 2.51508263E+001
2.00000000E+002, 2.49399484E+001
2.02500000E+002, 2.44667571E+001
2.05000000E+002, 2.41102566E+001
2.07500000E+002, 2.33508431E+001
2.10000000E+002, 2.31179407E+001
2.12500000E+002, 2.27688389E+001
2.15000000E+002, 2.24389498E+001
2.17500000E+002, 2.24932080E+001
2.20000000E+002, 2.25829626E+001
2.22500000E+002, 2.23061924E+001
2.25000000E+002, 2.21055181E+001
2.27500000E+002, 2.19796332E+001
2.30000000E+002, 2.18030978E+001
2.32500000E+002, 2.13659459E+001
2.35000000E+002, 2.10375655E+001
2.37500000E+002, 2.08824914E+001
2.40000000E+002, 2.06116118E+001
2.42500000E+002, 2.09431157E+001
2.45000000E+002, 2.10731987E+001
2.47500000E+002, 2.09749397E+001
2.50000000E+002, 2.11034872E+001
2.52500000E+002, 2.08487019E+001
2.55000000E+002, 2.06059021E+001
2.57500000E+002, 2.08373443E+001
2.60000000E+002, 2.06611561E+001
2.62500000E+002, 2.05293885E+001
2.65000000E+002, 2.01897660E+001
2.67500000E+002, 1.99776983E+001
2.70000000E+002, 1.98429397E+001
2.72500000E+002, 1.99318134E+001
2.75000000E+002, 1.94087855E+001
2.77500000E+002, 1.93972509E+001
2.80000000E+002, 1.91285668E+001
2.82500000E+002, 1.92528044E+001
2.85000000E+002, 1.87869189E+001
2.87500000E+002, 1.85836050E+001
2.90000000E+002, 1.85045922E+001
2.92500000E+002, 1.81413749E+001
2.95000000E+002, 1.79574595E+001
2.97500000E+002, 1.74890747E+001
3.00000000E+002, 1.75959278E+001
3.02500000E+002, 1.75279672E+001
3.05000000E+002, 1.72055909E+001
3.07500000E+002, 1.72995069E+001
3.10000000E+002, 1.68882833E+001
3.12500000E+002, 1.60234382E+001
3.15000000E+002, 1.57077972E+001
3.17500000E+002, 1.55368070E+001
3.20000000E+002, 1.47886381E+001
3.22500000E+002, 1.35923499E+001
3.25000000E+002, 1.25196532E+001
3.27500000E+002, 1.18398107E+001
3.30000000E+002, 1.07057843E+001
3.32500000E+002, 9.98698743E+000
3.35000000E+002, 1.00442906E+001
3.37500000E+002, 7.86410160E+000
3.40000000E+002, 6.83828300E+000
3.42500000E+002, 4.14749142E+000
3.45000000E+002, 2.97897134E+000
3.47500000E+002, 5.17448954E-001
3.50000000E+002, -1.28557234E+000
3.52500000E+002, 1.43618543E+000
3.55000000E+002, 3.35997182E+000
3.57500000E+002, 6.71379842E+000
3.60000000E+002, 8.54318791E+000
3.62500000E+002, 1.01018713E+001
3.65000000E+002, 1.18113717E+001
3.67500000E+002, 1.34537511E+001
3.70000000E+002, 1.48683125E+001
3.72500000E+002, 1.60686049E+001
3.75000000E+002, 1.72305473E+001
3.77500000E+002, 1.83973306E+001
3.80000000E+002, 1.91928543E+001
3.82500000E+002, 2.02635046E+001
3.85000000E+002, 2.11721889E+001
3.87500000E+002, 2.19285889E+001
3.90000000E+002, 2.24676078E+001
3.92500000E+002, 2.30752845E+001
3.95000000E+002, 2.37749491E+001
3.97500000E+002, 2.43210205E+001
4.00000000E+002, 2.48546390E+001
4.02500000E+002, 2.56061123E+001
4.05000000E+002, 2.60305655E+001
4.07500000E+002, 2.65429930E+001
4.10000000E+002, 2.71907960E+001
4.12500000E+002, 2.75970431E+001
4.15000000E+002, 2.82601636E+001
4.17500000E+002, 2.87343283E+001
4.20000000E+002, 2.93576669E+001
4.22500000E+002, 2.98692239E+001
4.25000000E+002, 3.04544828E+001
4.27500000E+002, 3.09614865E+001
4.30000000E+002, 3.14464679E+001
4.32500000E+002, 3.19178773E+001
4.35000000E+002, 3.23495848E+001
4.37500000E+002, 3.28569411E+001
4.40000000E+002, 3.32647308E+001
4.42500000E+002, 3.36103136E+001
4.45000000E+002, 3.40955786E+001
4.47500000E+002, 3.45881775E+001
4.50000000E+002, 3.51144640E+001
4.52500000E+002, 3.55284525E+001
4.55000000E+002, 3.60366978E+001
4.57500000E+002, 3.65248837E+001
4.60000000E+002, 3.70284440E+001
4.62500000E+002, 3.74935735E+001
4.65000000E+002, 3.80143265E+001
4.67500000E+002, 3.85990906E+001
4.70000000E+002, 3.91684976E+001
4.72500000E+002, 3.96916487E+001
4.75000000E+002, 4.03045543E+001
4.77500000E+002, 4.08358516E+001
4.80000000E+002, 4.13875160E+001
4.82500000E+002, 4.19906625E+001
4.85000000E+002, 4.24810249E+001
4.87500000E+002, 4.30839665E+001
4.90000000E+002, 4.36715139E+001
4.92500000E+002, 4.43001547E+001
4.95000000E+002, 4.50392510E+001
4.97500000E+002, 4.56693036E+001
5.00000000E+002, 4.65752889E+001
5.02500000E+002, 4.74831449E+001
5.05000000E+002, 4.83927069E+001
5.07500000E+002, 4.95913750E+001
5.10000000E+002, 5.08669666E+001
5.12500000E+002, 5.22373433E+001
5.15000000E+002, 5.38284955E+001
5.17500000E+002, 5.55892180E+001
5.20000000E+002, 5.77647781E+001
5.22500000E+002, 6.06296103E+001
5.25000000E+002, 6.49127665E+001
5.27500000E+002, 7.27620179E+001
5.30000000E+002, 7.53535727E+001
5.32500000E+002, 6.56512234E+001
5.35000000E+002, 6.11687860E+001
5.37500000E+002, 5.81648424E+001
5.40000000E+002, 5.58765783E+001
5.42500000E+002, 5.40420670E+001
5.45000000E+002, 5.26101780E+001
5.47500000E+002, 5.12329592E+001
5.50000000E+002, 5.01855741E+001
5.52500000E+002, 4.92785521E+001
5.55000000E+002, 4.85548409E+001
5.57500000E+002, 4.79137289E+001
5.60000000E+002, 4.74584362E+001
5.62500000E+002, 4.67386856E+001
5.65000000E+002, 4.62144224E+001
5.67500000E+002, 4.55557897E+001
5.70000000E+002, 4.49021449E+001
5.72500000E+002, 4.43601171E+001
5.75000000E+002, 4.38520421E+001
5.77500000E+002, 4.33412002E+001
5.80000000E+002, 4.29159356E+001
5.82500000E+002, 4.24099288E+001
5.85000000E+002, 4.20607124E+001
5.87500000E+002, 4.16927162E+001
5.90000000E+002, 4.13521281E+001
5.92500000E+002, 4.10193959E+001
5.95000000E+002, 4.07140710E+001
5.97500000E+002, 4.04157995E+001
6.00000000E+002, 4.01619368E+001
6.02500000E+002, 3.99074725E+001
6.05000000E+002, 3.96216389E+001
6.07500000E+002, 3.94080977E+001
6.10000000E+002, 3.91426551E+001
6.12500000E+002, 3.88409684E+001
6.15000000E+002, 3.85662176E+001
6.17500000E+002, 3.83310211E+001
6.20000000E+002, 3.80723890E+001
6.22500000E+002, 3.78198882E+001
6.25000000E+002, 3.75656060E+001
6.27500000E+002, 3.73563585E+001
6.30000000E+002, 3.71650567E+001
6.32500000E+002, 3.68858818E+001
6.35000000E+002, 3.66352554E+001
6.37500000E+002, 3.64288756E+001
6.40000000E+002, 3.62405018E+001
6.42500000E+002, 3.60809604E+001
6.45000000E+002, 3.59459520E+001
6.47500000E+002, 3.57878416E+001
6.50000000E+002, 3.56152780E+001
6.52500000E+002, 3.54091127E+001
6.55000000E+002, 3.52702543E+001
6.57500000E+002, 3.51117820E+001
6.60000000E+002, 3.49392032E+001
6.62500000E+002, 3.47880065E+001
6.65000000E+002, 3.46378564E+001
6.67500000E+002, 3.45049681E+001
6.70000000E+002, 3.44520833E+001
6.72500000E+002, 3.42279488E+001
6.75000000E+002, 3.40864985E+001
6.77500000E+002, 3.39030024E+001
6.80000000E+002, 3.37546544E+001
6.82500000E+002, 3.35702153E+001
6.85000000E+002, 3.34815944E+001
6.87500000E+002, 3.32522243E+001
6.90000000E+002, 3.30985713E+001
6.92500000E+002, 3.29583823E+001
6.95000000E+002, 3.28993379E+001
6.97500000E+002, 3.28091258E+001
7.00000000E+002, 3.26585242E+001
7.02500000E+002, 3.25695035E+001
7.05000000E+002, 3.24256660E+001
7.07500000E+002, 3.23094579E+001
7.10000000E+002, 3.21353261E+001
7.12500000E+002, 3.20059112E+001
7.15000000E+002, 3.19299024E+001
7.17500000E+002, 3.17429705E+001
7.20000000E+002, 3.15596442E+001
7.22500000E+002, 3.14580369E+001
7.25000000E+002, 3.12396626E+001
7.27500000E+002, 3.09652330E+001
7.30000000E+002, 3.07676068E+001
7.32500000E+002, 3.05934964E+001
7.35000000E+002, 3.03681051E+001
7.37500000E+002, 3.02957959E+001
7.40000000E+002, 3.00338753E+001
7.42500000E+002, 2.99110421E+001
7.45000000E+002, 2.96651640E+001
7.47500000E+002, 2.94143269E+001
7.50000000E+002, 2.92471442E+001
7.52500000E+002, 2.90331276E+001
7.55000000E+002, 2.86738335E+001
7.57500000E+002, 2.83391091E+001
7.60000000E+002, 2.79671011E+001
7.62500000E+002, 2.75545966E+001
7.65000000E+002, 2.72439414E+001
7.67500000E+002, 2.68424772E+001
7.70000000E+002, 2.64084174E+001
7.72500000E+002, 2.59413401E+001
7.75000000E+002, 2.53417110E+001
7.77500000E+002, 2.48491659E+001
7.80000000E+002, 2.41901281E+001
7.82500000E+002, 2.33319714E+001
7.85000000E+002, 2.25223608E+001
7.87500000E+002, 2.14593170E+001
7.90000000E+002, 2.01387209E+001
7.92500000E+002, 1.87295165E+001
7.95000000E+002, 1.66170051E+001
7.97500000E+002, 1.46090629E+001
8.00000000E+002, 1.29661258E+001
8.02500000E+002, 1.23617271E+001
8.05000000E+002, 1.46202039E+001
8.07500000E+002, 1.73422585E+001
8.10000000E+002, 1.96489935E+001
8.12500000E+002, 2.17403980E+001
8.15000000E+002, 2.29364794E+001
8.17500000E+002, 2.51932066E+001
8.20000000E+002, 2.70987522E+001
8.22500000E+002, 2.86719668E+001
8.25000000E+002, 3.01918122E+001
8.27500000E+002, 3.17119359E+001
8.30000000E+002, 3.30280487E+001
8.32500000E+002, 3.43033851E+001
8.35000000E+002, 3.57060288E+001
8.37500000E+002, 3.70630730E+001
8.40000000E+002, 3.84869043E+001
8.42500000E+002, 3.98574959E+001
8.45000000E+002, 4.12485605E+001
8.47500000E+002, 4.28688949E+001
8.50000000E+002, 4.46106405E+001
8.52500000E+002, 4.63420083E+001
8.55000000E+002, 4.85089319E+001
8.57500000E+002, 5.08336615E+001
8.60000000E+002, 5.33543574E+001
8.62500000E+002, 5.60706610E+001
8.65000000E+002, 5.78957300E+001
8.67500000E+002, 5.71056614E+001
8.70000000E+002, 5.46523177E+001
8.72500000E+002, 5.23693647E+001
8.75000000E+002, 5.05634305E+001
8.77500000E+002, 4.90219380E+001
8.80000000E+002, 4.77873664E+001
8.82500000E+002, 4.67664907E+001
8.85000000E+002, 4.58989094E+001
8.87500000E+002, 4.50670816E+001
8.90000000E+002, 4.44590660E+001
8.92500000E+002, 4.38868322E+001
8.95000000E+002, 4.33262807E+001
8.97500000E+002, 4.28679208E+001
9.00000000E+002, 4.23946108E+001
9.02500000E+002, 4.19472594E+001
9.05000000E+002, 4.15732081E+001
9.07500000E+002, 4.12435181E+001
9.10000000E+002, 4.08704552E+001
9.12500000E+002, 4.05725156E+001
9.15000000E+002, 4.03338240E+001
9.17500000E+002, 4.00578940E+001
9.20000000E+002, 3.97256246E+001
9.22500000E+002, 3.94395901E+001
9.25000000E+002, 3.91534856E+001
9.27500000E+002, 3.89684365E+001
9.30000000E+002, 3.88200398E+001
9.32500000E+002, 3.86032876E+001
9.35000000E+002, 3.83862053E+001
9.37500000E+002, 3.82774441E+001
9.40000000E+002, 3.80655787E+001
9.42500000E+002, 3.79258195E+001
9.45000000E+002, 3.78240288E+001
9.47500000E+002, 3.75765083E+001
9.50000000E+002, 3.73802594E+001
9.52500000E+002, 3.72661054E+001
9.55000000E+002, 3.71095404E+001
9.57500000E+002, 3.69583451E+001
9.60000000E+002, 3.67791357E+001
9.62500000E+002, 3.67405794E+001
9.65000000E+002, 3.65756342E+001
9.67500000E+002, 3.64606488E+001
9.70000000E+002, 3.63709954E+001
9.72500000E+002, 3.62307360E+001
9.75000000E+002, 3.61441647E+001
9.77500000E+002, 3.60385403E+001
9.80000000E+002, 3.59036646E+001
9.82500000E+002, 3.58403540E+001
9.85000000E+002, 3.57314756E+001
9.87500000E+002, 3.56105000E+001
9.90000000E+002, 3.55243486E+001
9.92500000E+002, 3.54314042E+001
9.95000000E+002, 3.53415676E+001
9.97500000E+002, 3.52899214E+001
1.00000000E+003, 3.52165524E+001
1.00250000E+003, 3.51545124E+001
1.00500000E+003, 3.50851634E+001
1.00750000E+003, 3.50341107E+001
1.01000000E+003, 3.49603173E+001
1.01250000E+003, 3.48814224E+001
1.01500000E+003, 3.48254229E+001
1.01750000E+003, 3.47350839E+001
1.02000000E+003, 3.46692591E+001
1.02250000E+003, 3.46055438E+001
1.02500000E+003, 3.45658630E+001
1.02750000E+003, 3.44762987E+001
1.03000000E+003, 3.44162315E+001
1.03250000E+003, 3.43614233E+001
1.03500000E+003, 3.43436643E+001
1.03750000E+003, 3.43247976E+001
1.04000000E+003, 3.42491444E+001
1.04250000E+003, 3.41680598E+001
1.04500000E+003, 3.41304665E+001
1.04750000E+003, 3.40913313E+001
1.05000000E+003, 3.40632379E+001
1.05250000E+003, 3.39606008E+001
1.05500000E+003, 3.39159354E+001
1.05750000E+003, 3.38098602E+001
1.06000000E+003, 3.37788791E+001
1.06250000E+003, 3.36970477E+001
1.06500000E+003, 3.36647485E+001
1.06750000E+003, 3.36162092E+001
1.07000000E+003, 3.35492747E+001
1.07250000E+003, 3.34868165E+001
1.07500000E+003, 3.34555540E+001
1.07750000E+003, 3.33219314E+001
1.08000000E+003, 3.33315000E+001
1.08250000E+003, 3.32628364E+001
1.08500000E+003, 3.31576464E+001
1.08750000E+003, 3.31056401E+001
1.09000000E+003, 3.30367369E+001
1.09250000E+003, 3.29822111E+001
1.09500000E+003, 3.29615979E+001
1.09750000E+003, 3.28875873E+001
1.10000000E+003, 3.28208298E+001
1.10250000E+003, 3.27453775E+001
1.10500000E+003, 3.27492515E+001
1.10750000E+003, 3.26569312E+001
1.11000000E+003, 3.25882034E+001
1.11250000E+003, 3.25705009E+001
1.11500000E+003, 3.24868290E+001
1.11750000E+003, 3.23640175E+001
1.12000000E+003, 3.23988274E+001
1.12250000E+003, 3.22643114E+001
1.12500000E+003, 3.21326260E+001
1.12750000E+003, 3.21685841E+001
1.13000000E+003, 3.20432801E+001
1.13250000E+003, 3.19790094E+001
1.13500000E+003, 3.19075393E+001
1.13750000E+003, 3.18597746E+001
1.14000000E+003, 3.17960491E+001
1.14250000E+003, 3.17755996E+001
1.14500000E+003, 3.16870140E+001
1.14750000E+003, 3.15955985E+001
1.15000000E+003, 3.15195938E+001
1.15250000E+003, 3.15121287E+001
1.15500000E+003, 3.14609634E+001
1.15750000E+003, 3.12803563E+001
1.16000000E+003, 3.12110383E+001
1.16250000E+003, 3.10733979E+001
1.16500000E+003, 3.09890994E+001
1.16750000E+003, 3.09326060E+001
1.17000000E+003, 3.08257501E+001
1.17250000E+003, 3.07762926E+001
1.17500000E+003, 3.06670392E+001
1.17750000E+003, 3.05844716E+001
1.18000000E+003, 3.05511154E+001
1.18250000E+003, 3.04418603E+001
1.18500000E+003, 3.03414180E+001
1.18750000E+003, 3.02659171E+001
1.19000000E+003, 3.02411135E+001
1.19250000E+003, 3.00714449E+001
1.19500000E+003, 3.00983643E+001
1.19750000E+003, 2.99419357E+001
1.20000000E+003, 2.98104362E+001
1.20250000E+003, 2.96559221E+001
1.20500000E+003, 2.95942112E+001
1.20750000E+003, 2.94642015E+001
1.21000000E+003, 2.93608515E+001
1.21250000E+003, 2.92742030E+001
1.21500000E+003, 2.92318654E+001
1.21750000E+003, 2.90597030E+001
1.22000000E+003, 2.89128439E+001
1.22250000E+003, 2.89079697E+001
1.22500000E+003, 2.86745530E+001
1.22750000E+003, 2.86341457E+001
1.23000000E+003, 2.86099460E+001
1.23250000E+003, 2.84387468E+001
1.23500000E+003, 2.83420028E+001
1.23750000E+003, 2.82763604E+001
1.24000000E+003, 2.81176820E+001
1.24250000E+003, 2.80008770E+001
1.24500000E+003, 2.79057441E+001
1.24750000E+003, 2.77553014E+001
1.25000000E+003, 2.76017441E+001
1.25250000E+003, 2.75497952E+001
1.25500000E+003, 2.73384530E+001
1.25750000E+003, 2.72318225E+001
1.26000000E+003, 2.69729084E+001
1.26250000E+003, 2.69814025E+001
1.26500000E+003, 2.68318560E+001
1.26750000E+003, 2.67037336E+001
1.27000000E+003, 2.65533379E+001
1.27250000E+003, 2.64897445E+001
1.27500000E+003, 2.64047995E+001
1.27750000E+003, 2.61544898E+001
1.28000000E+003, 2.60122006E+001
1.28250000E+003, 2.58511507E+001
1.28500000E+003, 2.57508487E+001
1.28750000E+003, 2.57136403E+001
1.29000000E+003, 2.55881825E+001
1.29250000E+003, 2.55525431E+001
1.29500000E+003, 2.53425605E+001
1.29750000E+003, 2.51148994E+001
1.30000000E+003, 2.48563029E+001
1.30250000E+003, 2.46857146E+001
1.30500000E+003, 2.44349514E+001
1.30750000E+003, 2.40893000E+001
1.31000000E+003, 2.39118061E+001
1.31250000E+003, 2.35626876E+001
1.31500000E+003, 2.31704017E+001
1.31750000E+003, 2.28871564E+001
1.32000000E+003, 2.26229513E+001
1.32250000E+003, 2.18860337E+001
1.32500000E+003, 2.10384074E+001
1.32750000E+003, 1.97766536E+001
1.33000000E+003, 1.78162487E+001
1.33250000E+003, 1.62462466E+001
1.33500000E+003, 2.33150422E+001
1.33750000E+003, 3.55082338E+001
1.34000000E+003, 3.21391122E+001
1.34250000E+003, 2.89986270E+001
1.34500000E+003, 2.73953357E+001
1.34750000E+003, 2.63729296E+001
1.35000000E+003, 2.56240727E+001
1.35250000E+003, 2.50541778E+001
1.35500000E+003, 2.46415489E+001
1.35750000E+003, 2.42932741E+001
1.36000000E+003, 2.41136350E+001
1.36250000E+003, 2.37299171E+001
1.36500000E+003, 2.34370704E+001
1.36750000E+003, 2.31727218E+001
1.37000000E+003, 2.28402647E+001
1.37250000E+003, 2.25236289E+001
1.37500000E+003, 2.21256777E+001
1.37750000E+003, 2.18515917E+001
1.38000000E+003, 2.16313977E+001
1.38250000E+003, 2.11509087E+001
1.38500000E+003, 2.10120640E+001
1.38750000E+003, 2.08868161E+001
1.39000000E+003, 2.02493436E+001
1.39250000E+003, 1.99200973E+001
1.39500000E+003, 1.97396333E+001
1.39750000E+003, 1.94386413E+001
1.40000000E+003, 1.90041451E+001
1.40250000E+003, 1.86861885E+001
1.40500000E+003, 1.80738417E+001
1.40750000E+003, 1.77566772E+001
1.41000000E+003, 1.73593146E+001
1.41250000E+003, 1.69283871E+001
1.41500000E+003, 1.65038395E+001
1.41750000E+003, 1.58148461E+001
1.42000000E+003, 1.51133421E+001
1.42250000E+003, 1.46926776E+001
1.42500000E+003, 1.38702907E+001
1.42750000E+003, 1.37635417E+001
1.43000000E+003, 1.28067309E+001
1.43250000E+003, 1.17747172E+001
1.43500000E+003, 1.11039512E+001
1.43750000E+003, 9.65534866E+000
1.44000000E+003, 8.24527317E+000
1.44250000E+003, 6.36487745E+000
1.44500000E+003, 4.82610620E+000
1.44750000E+003, 2.03307316E+000
1.45000000E+003, 1.00947457E+000
1.45250000E+003, -4.69741526E+000
1.45500000E+003, -9.19440342E+000
1.45750000E+003, -1.21572524E+000
1.46000000E+003, 2.37845299E-002
1.46250000E+003, 4.57746782E+000
1.46500000E+003, 6.49361839E+000
1.46750000E+003, 8.14250898E+000
1.47000000E+003, 1.02679596E+001
1.47250000E+003, 1.06225605E+001
1.47500000E+003, 1.19288945E+001
1.47750000E+003, 1.27318374E+001
1.48000000E+003, 1.39285701E+001
1.48250000E+003, 1.46903355E+001
1.48500000E+003, 1.57021835E+001
1.48750000E+003, 1.63397292E+001
1.49000000E+003, 1.71234550E+001
1.49250000E+003, 1.76779401E+001
1.49500000E+003, 1.81308124E+001
1.49750000E+003, 1.91568838E+001
1.50000000E+003, 1.94257789E+001
1.50250000E+003, 1.97970229E+001
1.50500000E+003, 2.05561178E+001
1.50750000E+003, 2.08745719E+001
1.51000000E+003, 2.11672720E+001
1.51250000E+003, 2.16314364E+001
1.51500000E+003, 2.21955364E+001
1.51750000E+003, 2.26005620E+001
1.52000000E+003, 2.29207129E+001
1.52250000E+003, 2.33064426E+001
1.52500000E+003, 2.38083019E+001
1.52750000E+003, 2.41748578E+001
1.53000000E+003, 2.43965038E+001
1.53250000E+003, 2.47405328E+001
1.53500000E+003, 2.50799806E+001
1.53750000E+003, 2.54611608E+001
1.54000000E+003, 2.56966218E+001
1.54250000E+003, 2.60117607E+001
1.54500000E+003, 2.62851010E+001
1.54750000E+003, 2.66886705E+001
1.55000000E+003, 2.68748498E+001
1.55250000E+003, 2.71019115E+001
1.55500000E+003, 2.74930515E+001
1.55750000E+003, 2.76676415E+001
1.56000000E+003, 2.79405239E+001
1.56250000E+003, 2.81694146E+001
1.56500000E+003, 2.85873309E+001
1.56750000E+003, 2.86688336E+001
1.57000000E+003, 2.89351070E+001
1.57250000E+003, 2.91620992E+001
1.57500000E+003, 2.93928257E+001
1.57750000E+003, 2.96036506E+001
1.58000000E+003, 2.98605947E+001
1.58250000E+003, 3.00638826E+001
1.58500000E+003, 3.03597122E+001
1.58750000E+003, 3.05177303E+001
1.59000000E+003, 3.07865936E+001
1.59250000E+003, 3.10474511E+001
1.59500000E+003, 3.13234319E+001
1.59750000E+003, 3.15609652E+001
1.60000000E+003, 3.17711680E+001
1.60250000E+003, 3.18741489E+001
1.60500000E+003, 3.21497798E+001
1.60750000E+003, 3.23288365E+001
1.61000000E+003, 3.24835229E+001
1.61250000E+003, 3.26946303E+001
1.61500000E+003, 3.29023499E+001
1.61750000E+003, 3.30402948E+001
1.62000000E+003, 3.33420702E+001
1.62250000E+003, 3.35112811E+001
1.62500000E+003, 3.37498718E+001
1.62750000E+003, 3.39343578E+001
1.63000000E+003, 3.41207350E+001
1.63250000E+003, 3.44005259E+001
1.63500000E+003, 3.45313723E+001
1.63750000E+003, 3.47739504E+001
1.64000000E+003, 3.49753025E+001
1.64250000E+003, 3.51602455E+001
1.64500000E+003, 3.53694192E+001
1.64750000E+003, 3.55806290E+001
1.65000000E+003, 3.57773041E+001
1.65250000E+003, 3.60070952E+001
1.65500000E+003, 3.61702109E+001
1.65750000E+003, 3.63982614E+001
1.66000000E+003, 3.66002801E+001
1.66250000E+003, 3.67632376E+001
1.66500000E+003, 3.69542934E+001
1.66750000E+003, 3.71815950E+001
1.67000000E+003, 3.73759377E+001
1.67250000E+003, 3.75683174E+001
1.67500000E+003, 3.78019723E+001
1.67750000E+003, 3.80340456E+001
1.68000000E+003, 3.82121267E+001
1.68250000E+003, 3.84657240E+001
1.68500000E+003, 3.86744130E+001
1.68750000E+003, 3.89673744E+001
1.69000000E+003, 3.91132272E+001
1.69250000E+003, 3.93999839E+001
1.69500000E+003, 3.95720028E+001
1.69750000E+003, 3.98192204E+001
1.70000000E+003, 3.99890398E+001
1.70250000E+003, 4.02729270E+001
1.70500000E+003, 4.04797894E+001
1.70750000E+003, 4.07022851E+001
1.71000000E+003, 4.09742279E+001
1.71250000E+003, 4.12189913E+001
1.71500000E+003, 4.14588265E+001
1.71750000E+003, 4.17112788E+001
1.72000000E+003, 4.19674997E+001
1.72250000E+003, 4.22008376E+001
1.72500000E+003, 4.24967368E+001
1.72750000E+003, 4.27095387E+001
1.73000000E+003, 4.29396406E+001
1.73250000E+003, 4.31325598E+001
1.73500000E+003, 4.34132940E+001
1.73750000E+003, 4.37110789E+001
1.74000000E+003, 4.40336279E+001
1.74250000E+003, 4.43259967E+001
1.74500000E+003, 4.46501697E+001
1.74750000E+003, 4.49545227E+001
1.75000000E+003, 4.53061796E+001
1.75250000E+003, 4.56383275E+001
1.75500000E+003, 4.59630138E+001
1.75750000E+003, 4.62557862E+001
1.76000000E+003, 4.66303703E+001
1.76250000E+003, 4.69351158E+001
1.76500000E+003, 4.73944937E+001
1.76750000E+003, 4.78759631E+001
1.77000000E+003, 4.83725345E+001
1.77250000E+003, 4.87716394E+001
1.77500000E+003, 4.92565403E+001
1.77750000E+003, 4.97197001E+001
1.78000000E+003, 5.02980350E+001
1.78250000E+003, 5.08927384E+001
1.78500000E+003, 5.16006673E+001
1.78750000E+003, 5.23970878E+001
1.79000000E+003, 5.34814773E+001
1.79250000E+003, 5.50616980E+001
1.79500000E+003, 5.86142892E+001
1.79750000E+003, 5.18416536E+001
1.80000000E+003, 4.95883445E+001
1.80250000E+003, 5.26877901E+001
1.80500000E+003, 5.46136133E+001
1.80750000E+003, 5.63433199E+001
1.81000000E+003, 5.82147136E+001
1.81250000E+003, 6.05867323E+001
1.81500000E+003, 6.36242046E+001
1.81750000E+003, 6.71040096E+001
1.82000000E+003, 6.64441825E+001
1.82250000E+003, 6.24525312E+001
1.82500000E+003, 5.83875797E+001
1.82750000E+003, 5.44061685E+001
1.83000000E+003, 5.00391686E+001
1.83250000E+003, 4.39002686E+001
1.83500000E+003, 3.83743356E+001
1.83750000E+003, 5.67096867E+001
1.84000000E+003, 4.62368115E+001
1.84250000E+003, 3.13719388E+001
1.84500000E+003, 3.62977691E+001
1.84750000E+003, 4.31324687E+001
1.85000000E+003, 4.68480754E+001
1.85250000E+003, 4.95189093E+001
1.85500000E+003, 5.17758086E+001
1.85750000E+003, 5.38141460E+001
1.86000000E+003, 5.57539476E+001
1.86250000E+003, 5.77443229E+001
1.86500000E+003, 5.99031438E+001
1.86750000E+003, 6.22505364E+001
1.87000000E+003, 6.48515964E+001
1.87250000E+003, 6.73518732E+001
1.87500000E+003, 6.89698251E+001
1.87750000E+003, 6.89373511E+001
1.88000000E+003, 6.73822299E+001
1.88250000E+003, 6.52674695E+001
1.88500000E+003, 6.32537762E+001
1.88750000E+003, 6.15381902E+001
1.89000000E+003, 6.00475679E+001
1.89250000E+003, 5.88979872E+001
1.89500000E+003, 5.78890522E+001
1.89750000E+003, 5.69765645E+001
1.90000000E+003, 5.61958874E+001
1.90250000E+003, 5.54470831E+001
1.90500000E+003, 5.47918890E+001
1.90750000E+003, 5.42372610E+001
1.91000000E+003, 5.36286192E+001
1.91250000E+003, 5.31481084E+001
1.91500000E+003, 5.27197988E+001
1.91750000E+003, 5.22416808E+001
1.92000000E+003, 5.18034661E+001
1.92250000E+003, 5.14425411E+001
1.92500000E+003, 5.10727886E+001
1.92750000E+003, 5.07145029E+001
1.93000000E+003, 5.02958366E+001
1.93250000E+003, 4.99245555E+001
1.93500000E+003, 4.95732229E+001
1.93750000E+003, 4.92059893E+001
1.94000000E+003, 4.88987724E+001
1.94250000E+003, 4.85913403E+001
1.94500000E+003, 4.83216020E+001
1.94750000E+003, 4.80326187E+001
1.95000000E+003, 4.77425866E+001
1.95250000E+003, 4.74609677E+001
1.95500000E+003, 4.71675722E+001
1.95750000E+003, 4.68778276E+001
1.96000000E+003, 4.65610082E+001
1.96250000E+003, 4.62420001E+001
1.96500000E+003, 4.58364574E+001
1.96750000E+003, 4.54531408E+001
1.97000000E+003, 4.49206893E+001
1.97250000E+003, 4.43350222E+001
1.97500000E+003, 4.34138255E+001
1.97750000E+003, 4.18891923E+001
1.98000000E+003, 3.93760290E+001
1.98250000E+003, 4.70314942E+001
1.98500000E+003, 5.18889348E+001
1.98750000E+003, 4.92637617E+001
1.99000000E+003, 4.79408795E+001
1.99250000E+003, 4.71841170E+001
1.99500000E+003, 4.65753784E+001
1.99750000E+003, 4.62292603E+001
2.00000000E+003, 4.58843926E+001
2.00250000E+003, 4.55721607E+001
2.00500000E+003, 4.53508228E+001
2.00750000E+003, 4.51006869E+001
2.01000000E+003, 4.49430505E+001
2.01250000E+003, 4.47544957E+001
2.01500000E+003, 4.45958336E+001
2.01750000E+003, 4.44368112E+001
2.02000000E+003, 4.42375717E+001
2.02250000E+003, 4.40189358E+001
2.02500000E+003, 4.38344735E+001
2.02750000E+003, 4.36754930E+001
2.03000000E+003, 4.35043251E+001
2.03250000E+003, 4.33784121E+001
2.03500000E+003, 4.32251309E+001
2.03750000E+003, 4.31068663E+001
2.04000000E+003, 4.29710215E+001
2.04250000E+003, 4.28643669E+001
2.04500000E+003, 4.26830559E+001
2.04750000E+003, 4.25812552E+001
2.05000000E+003, 4.25006627E+001
2.05250000E+003, 4.23480804E+001
2.05500000E+003, 4.21872101E+001
2.05750000E+003, 4.20561631E+001
2.06000000E+003, 4.19034667E+001
2.06250000E+003, 4.18352668E+001
2.06500000E+003, 4.17252477E+001
2.06750000E+003, 4.15870442E+001
2.07000000E+003, 4.14738729E+001
2.07250000E+003, 4.13927956E+001
2.07500000E+003, 4.12584630E+001
2.07750000E+003, 4.11325871E+001
2.08000000E+003, 4.10164952E+001
2.08250000E+003, 4.08939971E+001
2.08500000E+003, 4.08323722E+001
2.08750000E+003, 4.06688136E+001
2.09000000E+003, 4.05870676E+001
2.09250000E+003, 4.04318365E+001
2.09500000E+003, 4.03444510E+001
2.09750000E+003, 4.02071460E+001
2.10000000E+003, 4.01461979E+001
2.10250000E+003, 4.00508617E+001
2.10500000E+003, 3.99467014E+001
2.10750000E+003, 3.98542998E+001
2.11000000E+003, 3.97066789E+001
2.11250000E+003, 3.96315271E+001
2.11500000E+003, 3.95108383E+001
2.11750000E+003, 3.93898434E+001
2.12000000E+003, 3.92756393E+001
2.12250000E+003, 3.91093368E+001
2.12500000E+003, 3.90087705E+001
2.12750000E+003, 3.89487763E+001
2.13000000E+003, 3.88063305E+001
2.13250000E+003, 3.87349586E+001
2.13500000E+003, 3.85766056E+001
2.13750000E+003, 3.85484348E+001
2.14000000E+003, 3.84304678E+001
2.14250000E+003, 3.83063941E+001
2.14500000E+003, 3.81709898E+001
2.14750000E+003, 3.81005542E+001
2.15000000E+003, 3.79220737E+001
2.15250000E+003, 3.77780472E+001
2.15500000E+003, 3.77961012E+001
2.15750000E+003, 3.76731613E+001
2.16000000E+003, 3.75870026E+001
2.16250000E+003, 3.74177735E+001
2.16500000E+003, 3.72298962E+001
2.16750000E+003, 3.71644607E+001
2.17000000E+003, 3.70020979E+001
2.17250000E+003, 3.68812706E+001
2.17500000E+003, 3.67428170E+001
2.17750000E+003, 3.65814118E+001
2.18000000E+003, 3.64254451E+001
2.18250000E+003, 3.63438289E+001
2.18500000E+003, 3.61880507E+001
2.18750000E+003, 3.59881703E+001
2.19000000E+003, 3.59170439E+001
2.19250000E+003, 3.57344902E+001
2.19500000E+003, 3.55734290E+001
2.19750000E+003, 3.54385196E+001
2.20000000E+003, 3.53155980E+001
2.20250000E+003, 3.50987278E+001
2.20500000E+003, 3.49129872E+001
2.20750000E+003, 3.47044240E+001
2.21000000E+003, 3.46981702E+001
2.21250000E+003, 3.45139433E+001
2.21500000E+003, 3.43349489E+001
2.21750000E+003, 3.41071172E+001
2.22000000E+003, 3.39193537E+001
2.22250000E+003, 3.36719129E+001
2.22500000E+003, 3.33699600E+001
2.22750000E+003, 3.31664119E+001
2.23000000E+003, 3.29572880E+001
2.23250000E+003, 3.26930853E+001
2.23500000E+003, 3.25308813E+001
2.23750000E+003, 3.22129488E+001
2.24000000E+003, 3.19839932E+001
2.24250000E+003, 3.16271398E+001
2.24500000E+003, 3.12440885E+001
2.24750000E+003, 3.09169009E+001
2.25000000E+003, 3.04662466E+001
2.25250000E+003, 3.00245119E+001
2.25500000E+003, 2.95626712E+001
2.25750000E+003, 2.89725009E+001
2.26000000E+003, 2.83156407E+001
2.26250000E+003, 2.74960192E+001
2.26500000E+003, 2.71445967E+001
2.26750000E+003, 2.68034805E+001
2.27000000E+003, 2.64097872E+001
2.27250000E+003, 2.61597823E+001
2.27500000E+003, 2.56696785E+001
2.27750000E+003, 2.53448664E+001
2.28000000E+003, 2.51151867E+001
2.28250000E+003, 2.51358858E+001
2.28500000E+003, 2.54652395E+001
2.28750000E+003, 2.62665004E+001
2.29000000E+003, 2.72901759E+001
2.29250000E+003, 2.84889859E+001
2.29500000E+003, 2.97969706E+001
2.29750000E+003, 3.11407982E+001
2.30000000E+003, 3.25629710E+001
2.30250000E+003, 3.39177158E+001
2.30500000E+003, 3.52707492E+001
2.30750000E+003, 3.66474808E+001
2.31000000E+003, 3.78536780E+001
2.31250000E+003, 3.91290273E+001
2.31500000E+003, 4.04126879E+001
2.31750000E+003, 4.16793083E+001
2.32000000E+003, 4.29945154E+001
2.32250000E+003, 4.42310543E+001
2.32500000E+003, 4.54868753E+001
2.32750000E+003, 4.66940889E+001
2.33000000E+003, 4.76908866E+001
2.33250000E+003, 4.84580441E+001
2.33500000E+003, 4.88074220E+001
2.33750000E+003, 4.88088087E+001
2.34000000E+003, 4.85774986E+001
2.34250000E+003, 4.80649429E+001
2.34500000E+003, 4.74273786E+001
2.34750000E+003, 4.67389243E+001
2.35000000E+003, 4.62341495E+001
2.35250000E+003, 4.57976735E+001
2.35500000E+003, 4.52752669E+001
2.35750000E+003, 4.48024343E+001
2.36000000E+003, 4.43930046E+001
2.36250000E+003, 4.39809962E+001
2.36500000E+003, 4.35994496E+001
2.36750000E+003, 4.32712708E+001
2.37000000E+003, 4.29972311E+001
2.37250000E+003, 4.26596644E+001
2.37500000E+003, 4.23915186E+001
2.37750000E+003, 4.21270303E+001
2.38000000E+003, 4.19120382E+001
2.38250000E+003, 4.16546668E+001
2.38500000E+003, 4.14592193E+001
2.38750000E+003, 4.12794838E+001
2.39000000E+003, 4.11176243E+001
2.39250000E+003, 4.09583210E+001
2.39500000E+003, 4.07988697E+001
2.39750000E+003, 4.06785202E+001
2.40000000E+003, 4.05638232E+001
2.40250000E+003, 4.03810673E+001
2.40500000E+003, 4.02589351E+001
2.40750000E+003, 4.02627309E+001
2.41000000E+003, 4.02840741E+001
2.41250000E+003, 4.02748578E+001
2.41500000E+003, 4.02941889E+001
2.41750000E+003, 4.01906369E+001
2.42000000E+003, 4.00270159E+001
2.42250000E+003, 3.95993903E+001
2.42500000E+003, 3.89204346E+001
2.42750000E+003, 3.78388977E+001
2.43000000E+003, 3.63662138E+001
2.43250000E+003, 3.49527105E+001
2.43500000E+003, 3.37405861E+001
2.43750000E+003, 3.29727159E+001
2.44000000E+003, 3.26743520E+001
2.44250000E+003, 3.25393227E+001
2.44500000E+003, 3.24778711E+001
2.44750000E+003, 3.25110531E+001
2.45000000E+003, 3.24583910E+001
2.45250000E+003, 3.25515992E+001
2.45500000E+003, 3.25577985E+001
2.45750000E+003, 3.25761800E+001
2.46000000E+003, 3.25631367E+001
2.46250000E+003, 3.25509720E+001
2.46500000E+003, 3.26029507E+001
2.46750000E+003, 3.25038730E+001
2.47000000E+003, 3.24890081E+001
2.47250000E+003, 3.23993043E+001
2.47500000E+003, 3.23719802E+001
2.47750000E+003, 3.22555043E+001
2.48000000E+003, 3.21412135E+001
2.48250000E+003, 3.20700319E+001
2.48500000E+003, 3.19681590E+001
2.48750000E+003, 3.18157439E+001
2.49000000E+003, 3.17288377E+001
2.49250000E+003, 3.16799021E+001
2.49500000E+003, 3.15282186E+001
2.49750000E+003, 3.13929823E+001
2.50000000E+003, 3.13645704E+001
2.50250000E+003, 3.13060963E+001
2.50500000E+003, 3.11713449E+001
2.50750000E+003, 3.10138786E+001
2.51000000E+003, 3.07898858E+001
2.51250000E+003, 3.07316069E+001
2.51500000E+003, 3.06192503E+001
2.51750000E+003, 3.04904205E+001
2.52000000E+003, 3.02244529E+001
2.52250000E+003, 3.01409919E+001
2.52500000E+003, 3.00147461E+001
2.52750000E+003, 2.98758466E+001
2.53000000E+003, 2.97369815E+001
2.53250000E+003, 2.96328156E+001
2.53500000E+003, 2.94238121E+001
2.53750000E+003, 2.92814115E+001
2.54000000E+003, 2.91830077E+001
2.54250000E+003, 2.91014470E+001
2.54500000E+003, 2.89064970E+001
2.54750000E+003, 2.86130479E+001
2.55000000E+003, 2.85664862E+001
2.55250000E+003, 2.84124606E+001
2.55500000E+003, 2.81830331E+001
2.55750000E+003, 2.80161061E+001
2.56000000E+003, 2.78045607E+001
2.56250000E+003, 2.76719121E+001
2.56500000E+003, 2.74234226E+001
2.56750000E+003, 2.72789400E+001
2.57000000E+003, 2.71375907E+001
2.57250000E+003, 2.69963769E+001
2.57500000E+003, 2.66488099E+001
2.57750000E+003, 2.63972976E+001
2.58000000E+003, 2.62654633E+001
2.58250000E+003, 2.60892662E+001
2.58500000E+003, 2.58275329E+001
2.58750000E+003, 2.56432520E+001
2.59000000E+003, 2.54234651E+001
2.59250000E+003, 2.51507102E+001
2.59500000E+003, 2.48709196E+001
2.59750000E+003, 2.46611554E+001
2.60000000E+003, 2.43133235E+001
2.60250000E+003, 2.40560417E+001
2.60500000E+003, 2.38106154E+001
2.60750000E+003, 2.35326643E+001
2.61000000E+003, 2.30880578E+001
2.61250000E+003, 2.26491188E+001
2.61500000E+003, 2.24513704E+001
2.61750000E+003, 2.21646378E+001
2.62000000E+003, 2.16152057E+001
2.62250000E+003, 2.11537310E+001
2.62500000E+003, 2.07963715E+001
2.62750000E+003, 2.04778819E+001
2.63000000E+003, 1.98521239E+001
2.63250000E+003, 1.93242370E+001
2.63500000E+003, 1.88422621E+001
2.63750000E+003, 1.83875784E+001
2.64000000E+003, 1.76067594E+001
2.64250000E+003, 1.69989115E+001
2.64500000E+003, 1.62289023E+001
2.64750000E+003, 1.53421722E+001
2.65000000E+003, 1.43402686E+001
2.65250000E+003, 1.30388577E+001
2.65500000E+003, 1.18095760E+001
2.65750000E+003, 1.00565614E+001
2.66000000E+003, 8.79331036E+000
2.66250000E+003, 6.93602893E+000
2.66500000E+003, 4.94952924E+000
2.66750000E+003, 2.13145660E+000
2.67000000E+003, 7.39646677E-001
2.67250000E+003, 1.02502209E+000
2.67500000E+003, 3.42636832E+000
2.67750000E+003, 6.81070072E+000
2.68000000E+003, 8.76570379E+000
2.68250000E+003, 1.00548612E+001
2.68500000E+003, 1.26083237E+001
2.68750000E+003, 1.32739561E+001
2.69000000E+003, 1.42631218E+001
2.69250000E+003, 1.55563876E+001
2.69500000E+003, 1.60492942E+001
2.69750000E+003, 1.69542017E+001
2.70000000E+003, 1.79003702E+001
2.70250000E+003, 1.84373813E+001
2.70500000E+003, 1.95396443E+001
2.70750000E+003, 2.01277266E+001
2.71000000E+003, 2.05307182E+001
2.71250000E+003, 2.13109259E+001
2.71500000E+003, 2.17739328E+001
2.71750000E+003, 2.21633567E+001
2.72000000E+003, 2.26856006E+001
2.72250000E+003, 2.32329353E+001
2.72500000E+003, 2.35894893E+001
2.72750000E+003, 2.38529620E+001
2.73000000E+003, 2.45522073E+001
2.73250000E+003, 2.48045926E+001
2.73500000E+003, 2.52898794E+001
2.73750000E+003, 2.55932457E+001
2.74000000E+003, 2.60453915E+001
2.74250000E+003, 2.63744004E+001
2.74500000E+003, 2.67319376E+001
2.74750000E+003, 2.70981426E+001
2.75000000E+003, 2.72508708E+001
2.75250000E+003, 2.77079845E+001
2.75500000E+003, 2.79375386E+001
2.75750000E+003, 2.82869907E+001
2.76000000E+003, 2.86872374E+001
2.76250000E+003, 2.88911700E+001
2.76500000E+003, 2.92251553E+001
2.76750000E+003, 2.94233438E+001
2.77000000E+003, 2.97912044E+001
2.77250000E+003, 3.00301189E+001
2.77500000E+003, 3.03060051E+001
2.77750000E+003, 3.06545110E+001
2.78000000E+003, 3.08959290E+001
2.78250000E+003, 3.12908173E+001
2.78500000E+003, 3.15875058E+001
2.78750000E+003, 3.19236532E+001
2.79000000E+003, 3.21925112E+001
2.79250000E+003, 3.25121854E+001
2.79500000E+003, 3.30278639E+001
2.79750000E+003, 3.34099797E+001
2.80000000E+003, 3.38599762E+001
2.80250000E+003, 3.43684028E+001
2.80500000E+003, 3.49821643E+001
2.80750000E+003, 3.57671645E+001
2.81000000E+003, 3.68792690E+001
2.81250000E+003, 3.85035380E+001
2.81500000E+003, 4.12785316E+001
2.81750000E+003, 4.76305382E+001
2.82000000E+003, 3.88266317E+001
2.82250000E+003, 2.49864374E+001
2.82500000E+003, 1.67802540E+001
2.82750000E+003, 2.45317841E+001
2.83000000E+003, 2.73356131E+001
2.83250000E+003, 2.89753441E+001
2.83500000E+003, 3.00049278E+001
2.83750000E+003, 3.07310335E+001
2.84000000E+003, 3.13523921E+001
2.84250000E+003, 3.18057494E+001
2.84500000E+003, 3.22720995E+001
2.84750000E+003, 3.26375497E+001
2.85000000E+003, 3.30377611E+001
2.85250000E+003, 3.32819384E+001
2.85500000E+003, 3.35983257E+001
2.85750000E+003, 3.37569893E+001
2.86000000E+003, 3.40012401E+001
2.86250000E+003, 3.41607644E+001
2.86500000E+003, 3.44431486E+001
2.86750000E+003, 3.45796612E+001
2.87000000E+003, 3.48169755E+001
2.87250000E+003, 3.49515399E+001
2.87500000E+003, 3.51348487E+001
2.87750000E+003, 3.53159934E+001
2.88000000E+003, 3.56272046E+001
2.88250000E+003, 3.57024887E+001
2.88500000E+003, 3.58963263E+001
2.88750000E+003, 3.60380458E+001
2.89000000E+003, 3.62026454E+001
2.89250000E+003, 3.63472144E+001
2.89500000E+003, 3.65267737E+001
2.89750000E+003, 3.66382653E+001
2.90000000E+003, 3.68830917E+001
2.90250000E+003, 3.70000730E+001
2.90500000E+003, 3.72024933E+001
2.90750000E+003, 3.73500707E+001
2.91000000E+003, 3.74979619E+001
2.91250000E+003, 3.76831104E+001
2.91500000E+003, 3.78898358E+001
2.91750000E+003, 3.80507305E+001
2.92000000E+003, 3.82497203E+001
2.92250000E+003, 3.84516589E+001
2.92500000E+003, 3.86532471E+001
2.92750000E+003, 3.89716950E+001
2.93000000E+003, 3.94970136E+001
2.93250000E+003, 3.99971681E+001
2.93500000E+003, 3.73075078E+001
2.93750000E+003, 3.80515077E+001
2.94000000E+003, 3.84793406E+001
2.94250000E+003, 3.87910224E+001
2.94500000E+003, 3.89999287E+001
2.94750000E+003, 3.92417819E+001
2.95000000E+003, 3.94171451E+001
2.95250000E+003, 3.96011792E+001
2.95500000E+003, 3.97554314E+001
2.95750000E+003, 3.99202082E+001
2.96000000E+003, 4.00315580E+001
2.96250000E+003, 4.01957405E+001
2.96500000E+003, 4.03427273E+001
2.96750000E+003, 4.04516201E+001
2.97000000E+003, 4.05821180E+001
2.97250000E+003, 4.07871245E+001
2.97500000E+003, 4.08506560E+001
2.97750000E+003, 4.10587467E+001
2.98000000E+003, 4.12376352E+001
2.98250000E+003, 4.13865730E+001
2.98500000E+003, 4.14653569E+001
2.98750000E+003, 4.16595500E+001
2.99000000E+003, 4.17935119E+001
2.99250000E+003, 4.18960747E+001
2.99500000E+003, 4.20498747E+001
2.99750000E+003, 4.22136813E+001
3.00000000E+003, 4.23197440E+001
3.00250000E+003, 4.24784189E+001
3.00500000E+003, 4.25964100E+001
3.00750000E+003, 4.27780773E+001
3.01000000E+003, 4.29052574E+001
3.01250000E+003, 4.30595550E+001
3.01500000E+003, 4.31923956E+001
3.01750000E+003, 4.33551694E+001
3.02000000E+003, 4.35145662E+001
3.02250000E+003, 4.36775150E+001
3.02500000E+003, 4.37809218E+001
3.02750000E+003, 4.39093924E+001
3.03000000E+003, 4.40713437E+001
3.03250000E+003, 4.42435225E+001
3.03500000E+003, 4.43566623E+001
3.03750000E+003, 4.44750125E+001
3.04000000E+003, 4.46604290E+001
3.04250000E+003, 4.47882435E+001
3.04500000E+003, 4.49745051E+001
3.04750000E+003, 4.50871219E+001
3.05000000E+003, 4.52545976E+001
3.05250000E+003, 4.54253007E+001
3.05500000E+003, 4.55443190E+001
3.05750000E+003, 4.57307753E+001
3.06000000E+003, 4.58616153E+001
3.06250000E+003, 4.60341779E+001
3.06500000E+003, 4.61559611E+001
3.06750000E+003, 4.63336851E+001
3.07000000E+003, 4.64739860E+001
3.07250000E+003, 4.66399199E+001
3.07500000E+003, 4.68005988E+001
3.07750000E+003, 4.69921874E+001
3.08000000E+003, 4.71069844E+001
3.08250000E+003, 4.73032187E+001
3.08500000E+003, 4.74714184E+001
3.08750000E+003, 4.76050724E+001
3.09000000E+003, 4.78267310E+001
3.09250000E+003, 4.79824492E+001
3.09500000E+003, 4.81587367E+001
3.09750000E+003, 4.83370741E+001
3.10000000E+003, 4.84367607E+001
3.10250000E+003, 4.86407878E+001
3.10500000E+003, 4.87890885E+001
3.10750000E+003, 4.89864425E+001
3.11000000E+003, 4.91749341E+001
3.11250000E+003, 4.94163063E+001
3.11500000E+003, 4.96040128E+001
3.11750000E+003, 4.98083159E+001
3.12000000E+003, 5.00325755E+001
3.12250000E+003, 5.01748629E+001
3.12500000E+003, 5.04394332E+001
3.12750000E+003, 5.06038198E+001
3.13000000E+003, 5.07389045E+001
3.13250000E+003, 5.09657583E+001
3.13500000E+003, 5.12025447E+001
3.13750000E+003, 5.14285420E+001
3.14000000E+003, 5.16312358E+001
3.14250000E+003, 5.18671334E+001
3.14500000E+003, 5.21035155E+001
3.14750000E+003, 5.23191809E+001
3.15000000E+003, 5.25775865E+001
3.15250000E+003, 5.28632933E+001
3.15500000E+003, 5.31430920E+001
3.15750000E+003, 5.33095782E+001
3.16000000E+003, 5.35807756E+001
3.16250000E+003, 5.38566614E+001
3.16500000E+003, 5.40596337E+001
3.16750000E+003, 5.43730569E+001
3.17000000E+003, 5.46238124E+001
3.17250000E+003, 5.49490035E+001
3.17500000E+003, 5.52516742E+001
3.17750000E+003, 5.56385122E+001
3.18000000E+003, 5.58875728E+001
3.18250000E+003, 5.61980836E+001
3.18500000E+003, 5.65492697E+001
3.18750000E+003, 5.68594244E+001
3.19000000E+003, 5.72008267E+001
3.19250000E+003, 5.75838303E+001
3.19500000E+003, 5.79951789E+001
3.19750000E+003, 5.84821541E+001
3.20000000E+003, 5.89852722E+001
3.20250000E+003, 5.93977383E+001
3.20500000E+003, 6.00259048E+001
3.20750000E+003, 6.05190720E+001
3.21000000E+003, 6.10886122E+001
3.21250000E+003, 6.16903177E+001
3.21500000E+003, 6.22605528E+001
3.21750000E+003, 6.29648571E+001
3.22000000E+003, 6.36699039E+001
3.22250000E+003, 6.44402726E+001
3.22500000E+003, 6.54086369E+001
3.22750000E+003, 6.63569436E+001
3.23000000E+003, 6.75150843E+001
3.23250000E+003, 6.87933032E+001
3.23500000E+003, 7.02393342E+001
3.23750000E+003, 7.19649738E+001
3.24000000E+003, 7.40294622E+001
3.24250000E+003, 7.66382699E+001
3.24500000E+003, 7.93275284E+001
3.24750000E+003, 8.00001581E+001
3.25000000E+003, 7.78419960E+001
3.25250000E+003, 7.53441659E+001
3.25500000E+003, 7.31549807E+001
3.25750000E+003, 7.12845071E+001
3.26000000E+003, 6.96962001E+001
3.26250000E+003, 6.82827008E+001
3.26500000E+003, 6.70719456E+001
3.26750000E+003, 6.59678765E+001
3.27000000E+003, 6.50060630E+001
3.27250000E+003, 6.40832313E+001
3.27500000E+003, 6.32596107E+001
3.27750000E+003, 6.24941255E+001
3.28000000E+003, 6.17505746E+001
3.28250000E+003, 6.10974226E+001
3.28500000E+003, 6.04206729E+001
3.28750000E+003, 5.98262390E+001
3.29000000E+003, 5.92617270E+001
3.29250000E+003, 5.87116329E+001
3.29500000E+003, 5.81783738E+001
3.29750000E+003, 5.76923369E+001
3.30000000E+003, 5.72070916E+001
3.30250000E+003, 5.67900885E+001
3.30500000E+003, 5.63455479E+001
3.30750000E+003, 5.59675615E+001
3.31000000E+003, 5.55068302E+001
3.31250000E+003, 5.51003238E+001
3.31500000E+003, 5.46758947E+001
3.31750000E+003, 5.42880193E+001
3.32000000E+003, 5.38828885E+001
3.32250000E+003, 5.34430924E+001
3.32500000E+003, 5.30151224E+001
3.32750000E+003, 5.26385390E+001
3.33000000E+003, 5.22511067E+001
3.33250000E+003, 5.18559137E+001
3.33500000E+003, 5.14245888E+001
3.33750000E+003, 5.09473080E+001
3.34000000E+003, 5.04975868E+001
3.34250000E+003, 4.99893617E+001
3.34500000E+003, 4.93449178E+001
3.34750000E+003, 4.84928132E+001
3.35000000E+003, 4.91529375E+001
3.35250000E+003, 5.00776044E+001
3.35500000E+003, 4.91580119E+001
3.35750000E+003, 4.82992336E+001
3.36000000E+003, 4.75538335E+001
3.36250000E+003, 4.67681177E+001
3.36500000E+003, 4.58774704E+001
3.36750000E+003, 4.47436770E+001
3.37000000E+003, 4.32713379E+001
3.37250000E+003, 4.10157092E+001
3.37500000E+003, 3.82564414E+001
3.37750000E+003, 4.28656216E+001
3.38000000E+003, 5.27250999E+001
3.38250000E+003, 5.78632006E+001
3.38500000E+003, 5.45835551E+001
3.38750000E+003, 5.20199511E+001
3.39000000E+003, 5.03798746E+001
3.39250000E+003, 4.91473781E+001
3.39500000E+003, 4.81756640E+001
3.39750000E+003, 4.73480608E+001
3.40000000E+003, 4.65553283E+001
3.40250000E+003, 4.58835195E+001
3.40500000E+003, 4.51941655E+001
3.40750000E+003, 4.44981473E+001
3.41000000E+003, 4.38326921E+001
3.41250000E+003, 4.31674208E+001
3.41500000E+003, 4.24501906E+001
3.41750000E+003, 4.16334083E+001
3.42000000E+003, 4.08883046E+001
3.42250000E+003, 4.00125150E+001
3.42500000E+003, 3.90191782E+001
3.42750000E+003, 3.80222146E+001
3.43000000E+003, 3.68485535E+001
3.43250000E+003, 3.54609135E+001
3.43500000E+003, 3.39382318E+001
3.43750000E+003, 3.21495019E+001
3.44000000E+003, 3.04557656E+001
3.44250000E+003, 2.87074304E+001
3.44500000E+003, 2.77322667E+001
3.44750000E+003, 2.84613686E+001
3.45000000E+003, 3.04488403E+001
3.45250000E+003, 3.26148960E+001
3.45500000E+003, 3.45636466E+001
3.45750000E+003, 3.63568403E+001
3.46000000E+003, 3.79996755E+001
3.46250000E+003, 3.94544964E+001
3.46500000E+003, 4.08150441E+001
3.46750000E+003, 4.19997604E+001
3.47000000E+003, 4.31047919E+001
3.47250000E+003, 4.41885339E+001
3.47500000E+003, 4.51543671E+001
3.47750000E+003, 4.60109967E+001
3.48000000E+003, 4.69235298E+001
3.48250000E+003, 4.77752965E+001
3.48500000E+003, 4.85811043E+001
3.48750000E+003, 4.94384229E+001
3.49000000E+003, 5.03056269E+001
3.49250000E+003, 5.11463819E+001
3.49500000E+003, 5.20671404E+001
3.49750000E+003, 5.28534412E+001
3.50000000E+003, 5.37111571E+001
3.50250000E+003, 5.46764020E+001
3.50500000E+003, 5.56060372E+001
3.50750000E+003, 5.65788121E+001
3.51000000E+003, 5.75640592E+001
3.51250000E+003, 5.86378836E+001
3.51500000E+003, 5.96248290E+001
3.51750000E+003, 6.07116658E+001
3.52000000E+003, 6.18425014E+001
3.52250000E+003, 6.29721164E+001
3.52500000E+003, 6.41146810E+001
3.52750000E+003, 6.52611070E+001
3.53000000E+003, 6.63873249E+001
3.53250000E+003, 6.72879252E+001
3.53500000E+003, 6.77569999E+001
3.53750000E+003, 6.78181664E+001
3.54000000E+003, 6.73515428E+001
3.54250000E+003, 6.65190322E+001
3.54500000E+003, 6.56670691E+001
3.54750000E+003, 6.46979754E+001
3.55000000E+003, 6.38245504E+001
3.55250000E+003, 6.30303454E+001
3.55500000E+003, 6.21483862E+001
3.55750000E+003, 6.14909339E+001
3.56000000E+003, 6.09090016E+001
3.56250000E+003, 6.03326806E+001
3.56500000E+003, 5.98082088E+001
3.56750000E+003, 5.92839300E+001
3.57000000E+003, 5.88710951E+001
3.57250000E+003, 5.83681788E+001
3.57500000E+003, 5.78833425E+001
3.57750000E+003, 5.75253316E+001
3.58000000E+003, 5.71559002E+001
3.58250000E+003, 5.67566159E+001
3.58500000E+003, 5.63802433E+001
3.58750000E+003, 5.60634636E+001
3.59000000E+003, 5.57809166E+001
3.59250000E+003, 5.54273388E+001
3.59500000E+003, 5.51462424E+001
3.59750000E+003, 5.49153520E+001
3.60000000E+003, 5.46195599E+001
3.60250000E+003, 5.45151813E+001
3.60500000E+003, 5.42126383E+001
3.60750000E+003, 5.39712429E+001
3.61000000E+003, 5.37585480E+001
3.61250000E+003, 5.35595757E+001
3.61500000E+003, 5.32787292E+001
3.61750000E+003, 5.30364170E+001
3.62000000E+003, 5.29431185E+001
3.62250000E+003, 5.27044966E+001
3.62500000E+003, 5.25681652E+001
3.62750000E+003, 5.23988478E+001
3.63000000E+003, 5.22416999E+001
3.63250000E+003, 5.20601089E+001
3.63500000E+003, 5.19079639E+001
3.63750000E+003, 5.17036665E+001
3.64000000E+003, 5.15657319E+001
3.64250000E+003, 5.14472935E+001
3.64500000E+003, 5.12197367E+001
3.64750000E+003, 5.10855747E+001
3.65000000E+003, 5.09232279E+001
3.65250000E+003, 5.07459350E+001
3.65500000E+003, 5.05966292E+001
3.65750000E+003, 5.04921966E+001
3.66000000E+003, 5.03388219E+001
3.66250000E+003, 5.01786710E+001
3.66500000E+003, 5.00759027E+001
3.66750000E+003, 4.99346120E+001
3.67000000E+003, 4.97676449E+001
3.67250000E+003, 4.96284353E+001
3.67500000E+003, 4.94485516E+001
3.67750000E+003, 4.93123465E+001
3.68000000E+003, 4.91393189E+001
3.68250000E+003, 4.89592080E+001
3.68500000E+003, 4.87423151E+001
3.68750000E+003, 4.85938812E+001
3.69000000E+003, 4.84053329E+001
3.69250000E+003, 4.81720884E+001
3.69500000E+003, 4.79327719E+001
3.69750000E+003, 4.75904189E+001
3.70000000E+003, 4.72997530E+001
3.70250000E+003, 4.68474949E+001
3.70500000E+003, 4.62982110E+001
3.70750000E+003, 4.55359605E+001
3.71000000E+003, 4.43796798E+001
3.71250000E+003, 4.24006432E+001
3.71500000E+003, 3.96473354E+001
3.71750000E+003, 4.66733867E+001
3.72000000E+003, 5.51014412E+001
3.72250000E+003, 5.43429534E+001
3.72500000E+003, 5.26634747E+001
3.72750000E+003, 5.15857365E+001
3.73000000E+003, 5.08355662E+001
3.73250000E+003, 5.03377315E+001
3.73500000E+003, 4.99379446E+001
3.73750000E+003, 4.96427149E+001
3.74000000E+003, 4.93505513E+001
3.74250000E+003, 4.90973170E+001
3.74500000E+003, 4.88806501E+001
3.74750000E+003, 4.87240819E+001
3.75000000E+003, 4.85444568E+001
3.75250000E+003, 4.83459613E+001
3.75500000E+003, 4.82455815E+001
3.75750000E+003, 4.80348536E+001
3.76000000E+003, 4.78790327E+001
3.76250000E+003, 4.76885122E+001
3.76500000E+003, 4.75208063E+001
3.76750000E+003, 4.71003356E+001
3.77000000E+003, 4.65667723E+001
3.77250000E+003, 4.83516427E+001
3.77500000E+003, 4.79625910E+001
3.77750000E+003, 4.77226531E+001
3.78000000E+003, 4.75206856E+001
3.78250000E+003, 4.73858514E+001
3.78500000E+003, 4.72259755E+001
3.78750000E+003, 4.70878112E+001
3.79000000E+003, 4.70329907E+001
3.79250000E+003, 4.69352841E+001
3.79500000E+003, 4.68024112E+001
3.79750000E+003, 4.67291370E+001
3.80000000E+003, 4.66661354E+001
3.80250000E+003, 4.65574199E+001
3.80500000E+003, 4.64922868E+001
3.80750000E+003, 4.63480974E+001
3.81000000E+003, 4.62361545E+001
3.81250000E+003, 4.61548482E+001
3.81500000E+003, 4.61368895E+001
3.81750000E+003, 4.60531629E+001
3.82000000E+003, 4.59638832E+001
3.82250000E+003, 4.58582287E+001
3.82500000E+003, 4.57490025E+001
3.82750000E+003, 4.57400630E+001
3.83000000E+003, 4.56916448E+001
3.83250000E+003, 4.55723874E+001
3.83500000E+003, 4.55162752E+001
3.83750000E+003, 4.54034223E+001
3.84000000E+003, 4.52840802E+001
3.84250000E+003, 4.52743272E+001
3.84500000E+003, 4.51537341E+001
3.84750000E+003, 4.50783535E+001
3.85000000E+003, 4.49485428E+001
3.85250000E+003, 4.49113004E+001
3.85500000E+003, 4.48066554E+001
3.85750000E+003, 4.47818409E+001
3.86000000E+003, 4.47301287E+001
3.86250000E+003, 4.45841967E+001
3.86500000E+003, 4.45299332E+001
3.86750000E+003, 4.44765938E+001
3.87000000E+003, 4.43928729E+001
3.87250000E+003, 4.42495644E+001
3.87500000E+003, 4.42225407E+001
3.87750000E+003, 4.40490504E+001
3.88000000E+003, 4.40533078E+001
3.88250000E+003, 4.38841858E+001
3.88500000E+003, 4.38869747E+001
3.88750000E+003, 4.37772348E+001
3.89000000E+003, 4.37262549E+001
3.89250000E+003, 4.36179698E+001
3.89500000E+003, 4.34975266E+001
3.89750000E+003, 4.34117646E+001
3.90000000E+003, 4.33825556E+001
3.90250000E+003, 4.32060085E+001
3.90500000E+003, 4.30988012E+001
3.90750000E+003, 4.30356583E+001
3.91000000E+003, 4.29761357E+001
3.91250000E+003, 4.28628653E+001
3.91500000E+003, 4.26747520E+001
3.91750000E+003, 4.26240339E+001
3.92000000E+003, 4.25901947E+001
3.92250000E+003, 4.25307432E+001
3.92500000E+003, 4.24051556E+001
3.92750000E+003, 4.23550468E+001
3.93000000E+003, 4.22437694E+001
3.93250000E+003, 4.21372974E+001
3.93500000E+003, 4.19970275E+001
3.93750000E+003, 4.18972652E+001
3.94000000E+003, 4.16928561E+001
3.94250000E+003, 4.16196209E+001
3.94500000E+003, 4.14882192E+001
3.94750000E+003, 4.14824776E+001
3.95000000E+003, 4.13740564E+001
3.95250000E+003, 4.12543644E+001
3.95500000E+003, 4.11283290E+001
3.95750000E+003, 4.10584313E+001
3.96000000E+003, 4.09856305E+001
3.96250000E+003, 4.08727378E+001
3.96500000E+003, 4.07761581E+001
3.96750000E+003, 4.05691054E+001
3.97000000E+003, 4.04393996E+001
3.97250000E+003, 4.03214021E+001
3.97500000E+003, 4.01391594E+001
3.97750000E+003, 4.00313471E+001
3.98000000E+003, 3.99298381E+001
3.98250000E+003, 3.97645024E+001
3.98500000E+003, 3.96619171E+001
3.98750000E+003, 3.95123086E+001
3.99000000E+003, 3.93569631E+001
3.99250000E+003, 3.91085378E+001
3.99500000E+003, 3.89674476E+001
3.99750000E+003, 3.87514710E+001
4.00000000E+003, 3.85782128E+001
