Label:, CH1-2: é¸îgêîâûìöä÷êî
DateTime:, Thu Feb 08 16:42:00 2018
DataKind:, CH1-2, FRF, Mag
DataPoints:, 1601
DataCalc:, H1
Frequency:, 0.000 , 4000.000, Hz
Sample:, 4096, Internal
Average:, 3, Power/Sum
Voltage(CH1):, -20.000, dBVrms
Voltage(CH2):, -10.000, dBVrms
EU/V(CH1):, 3.757E+001
EU/V(CH2):, 1.088E+003
Window(CH1):, Rect
Window(CH2):, Rect
X-AxisScale:, Lin
X-AxisUnit:, Hz
Y-AxisScale:, Log
Y-AxisUnit:, m/s2/N
Y-AxisMagniude:
0.00000000E+000, 2.25548293E+001
2.50000000E+000, 1.49045659E+001
5.00000000E+000, 1.24119487E+001
7.50000000E+000, 8.31118422E+000
1.00000000E+001, 1.18058867E+001
1.25000000E+001, 1.81327803E+001
1.50000000E+001, 1.82063133E+001
1.75000000E+001, 1.72814471E+001
2.00000000E+001, 1.80821780E+001
2.25000000E+001, 1.38267476E+001
2.50000000E+001, 1.48562202E+001
2.75000000E+001, 1.49044553E+001
3.00000000E+001, 1.39448841E+001
3.25000000E+001, 1.31422384E+001
3.50000000E+001, 1.29944820E+001
3.75000000E+001, 1.33347578E+001
4.00000000E+001, 1.26601605E+001
4.25000000E+001, 1.14636869E+001
4.50000000E+001, 8.32648991E+000
4.75000000E+001, 8.93084029E+000
5.00000000E+001, 8.49049848E+000
5.25000000E+001, 9.33173063E+000
5.50000000E+001, 6.73866026E+000
5.75000000E+001, 7.73401283E+000
6.00000000E+001, 6.83921269E+000
6.25000000E+001, 6.19170916E+000
6.50000000E+001, 4.14256296E+000
6.75000000E+001, 4.28945245E+000
7.00000000E+001, 5.51026593E+000
7.25000000E+001, 3.67734765E+000
7.50000000E+001, 5.90635734E+000
7.75000000E+001, 5.93924619E+000
8.00000000E+001, 2.75858170E+000
8.25000000E+001, 8.01428077E+000
8.50000000E+001, 5.12713213E+000
8.75000000E+001, 6.27019556E+000
9.00000000E+001, 6.48245171E+000
9.25000000E+001, 6.19922765E+000
9.50000000E+001, 7.45247611E+000
9.75000000E+001, 7.70571904E+000
1.00000000E+002, 8.57756089E+000
1.02500000E+002, 9.09690150E+000
1.05000000E+002, 9.18204412E+000
1.07500000E+002, 9.51021239E+000
1.10000000E+002, 1.15340433E+001
1.12500000E+002, 1.24937435E+001
1.15000000E+002, 1.37783057E+001
1.17500000E+002, 1.45636219E+001
1.20000000E+002, 1.56204692E+001
1.22500000E+002, 1.78641771E+001
1.25000000E+002, 1.87875634E+001
1.27500000E+002, 2.05182258E+001
1.30000000E+002, 2.26554364E+001
1.32500000E+002, 2.53261160E+001
1.35000000E+002, 2.81118413E+001
1.37500000E+002, 3.14857234E+001
1.40000000E+002, 3.68732526E+001
1.42500000E+002, 5.08979388E+001
1.45000000E+002, 3.93699635E+001
1.47500000E+002, 3.33568929E+001
1.50000000E+002, 3.00794253E+001
1.52500000E+002, 2.80666284E+001
1.55000000E+002, 2.67606996E+001
1.57500000E+002, 2.57716809E+001
1.60000000E+002, 2.47198219E+001
1.62500000E+002, 2.40089687E+001
1.65000000E+002, 2.34198702E+001
1.67500000E+002, 2.30108420E+001
1.70000000E+002, 2.26759875E+001
1.72500000E+002, 2.24371406E+001
1.75000000E+002, 2.18477787E+001
1.77500000E+002, 2.18692131E+001
1.80000000E+002, 2.15624699E+001
1.82500000E+002, 2.13049744E+001
1.85000000E+002, 2.15473745E+001
1.87500000E+002, 2.15490392E+001
1.90000000E+002, 2.10291662E+001
1.92500000E+002, 2.14995787E+001
1.95000000E+002, 2.10784940E+001
1.97500000E+002, 2.14216698E+001
2.00000000E+002, 2.09778961E+001
2.02500000E+002, 2.14065114E+001
2.05000000E+002, 2.09395543E+001
2.07500000E+002, 2.06762054E+001
2.10000000E+002, 2.06310181E+001
2.12500000E+002, 2.11922277E+001
2.15000000E+002, 2.05673979E+001
2.17500000E+002, 2.11815253E+001
2.20000000E+002, 2.13937992E+001
2.22500000E+002, 2.11585825E+001
2.25000000E+002, 2.10154742E+001
2.27500000E+002, 2.11827554E+001
2.30000000E+002, 2.12142063E+001
2.32500000E+002, 2.12672725E+001
2.35000000E+002, 2.15458057E+001
2.37500000E+002, 2.14814033E+001
2.40000000E+002, 2.16267435E+001
2.42500000E+002, 2.16026225E+001
2.45000000E+002, 2.17466703E+001
2.47500000E+002, 2.15835789E+001
2.50000000E+002, 2.17951545E+001
2.52500000E+002, 2.16248704E+001
2.55000000E+002, 2.19150899E+001
2.57500000E+002, 2.18769040E+001
2.60000000E+002, 2.19504738E+001
2.62500000E+002, 2.19670484E+001
2.65000000E+002, 2.20709227E+001
2.67500000E+002, 2.19790169E+001
2.70000000E+002, 2.21738674E+001
2.72500000E+002, 2.22135123E+001
2.75000000E+002, 2.24568689E+001
2.77500000E+002, 2.25207626E+001
2.80000000E+002, 2.23461009E+001
2.82500000E+002, 2.22637662E+001
2.85000000E+002, 2.25047942E+001
2.87500000E+002, 2.26651694E+001
2.90000000E+002, 2.23968622E+001
2.92500000E+002, 2.27529687E+001
2.95000000E+002, 2.27727761E+001
2.97500000E+002, 2.27473456E+001
3.00000000E+002, 2.28497087E+001
3.02500000E+002, 2.28789982E+001
3.05000000E+002, 2.26779871E+001
3.07500000E+002, 2.28843812E+001
3.10000000E+002, 2.30581949E+001
3.12500000E+002, 2.28474041E+001
3.15000000E+002, 2.32595953E+001
3.17500000E+002, 2.31594220E+001
3.20000000E+002, 2.33137428E+001
3.22500000E+002, 2.32602726E+001
3.25000000E+002, 2.34115783E+001
3.27500000E+002, 2.33791966E+001
3.30000000E+002, 2.32672838E+001
3.32500000E+002, 2.33657824E+001
3.35000000E+002, 2.34942735E+001
3.37500000E+002, 2.37239967E+001
3.40000000E+002, 2.37281220E+001
3.42500000E+002, 2.35973008E+001
3.45000000E+002, 2.38341599E+001
3.47500000E+002, 2.40096485E+001
3.50000000E+002, 2.38423375E+001
3.52500000E+002, 2.42991445E+001
3.55000000E+002, 2.41888290E+001
3.57500000E+002, 2.42580049E+001
3.60000000E+002, 2.43733728E+001
3.62500000E+002, 2.44390122E+001
3.65000000E+002, 2.46448272E+001
3.67500000E+002, 2.46927526E+001
3.70000000E+002, 2.47723460E+001
3.72500000E+002, 2.49777132E+001
3.75000000E+002, 2.49104242E+001
3.77500000E+002, 2.52336587E+001
3.80000000E+002, 2.52683009E+001
3.82500000E+002, 2.53930384E+001
3.85000000E+002, 2.55826416E+001
3.87500000E+002, 2.57476557E+001
3.90000000E+002, 2.58533527E+001
3.92500000E+002, 2.60343840E+001
3.95000000E+002, 2.62734288E+001
3.97500000E+002, 2.63457735E+001
4.00000000E+002, 2.64511793E+001
4.02500000E+002, 2.67291982E+001
4.05000000E+002, 2.68386974E+001
4.07500000E+002, 2.69709436E+001
4.10000000E+002, 2.71238887E+001
4.12500000E+002, 2.72454661E+001
4.15000000E+002, 2.74932691E+001
4.17500000E+002, 2.76187606E+001
4.20000000E+002, 2.78451909E+001
4.22500000E+002, 2.80704028E+001
4.25000000E+002, 2.83184163E+001
4.27500000E+002, 2.86279657E+001
4.30000000E+002, 2.88274606E+001
4.32500000E+002, 2.92458184E+001
4.35000000E+002, 2.94222191E+001
4.37500000E+002, 2.98471260E+001
4.40000000E+002, 3.00887456E+001
4.42500000E+002, 3.03340839E+001
4.45000000E+002, 3.06123733E+001
4.47500000E+002, 3.10133081E+001
4.50000000E+002, 3.12393442E+001
4.52500000E+002, 3.16058894E+001
4.55000000E+002, 3.19036580E+001
4.57500000E+002, 3.22729876E+001
4.60000000E+002, 3.25185708E+001
4.62500000E+002, 3.29809810E+001
4.65000000E+002, 3.33064534E+001
4.67500000E+002, 3.35589417E+001
4.70000000E+002, 3.40621640E+001
4.72500000E+002, 3.43314993E+001
4.75000000E+002, 3.48465581E+001
4.77500000E+002, 3.53187142E+001
4.80000000E+002, 3.58657731E+001
4.82500000E+002, 3.63953118E+001
4.85000000E+002, 3.69542571E+001
4.87500000E+002, 3.74748987E+001
4.90000000E+002, 3.80241996E+001
4.92500000E+002, 3.86209051E+001
4.95000000E+002, 3.92087294E+001
4.97500000E+002, 4.00061085E+001
5.00000000E+002, 4.06646009E+001
5.02500000E+002, 4.14459713E+001
5.05000000E+002, 4.22648778E+001
5.07500000E+002, 4.31595174E+001
5.10000000E+002, 4.42185893E+001
5.12500000E+002, 4.53943907E+001
5.15000000E+002, 4.66088792E+001
5.17500000E+002, 4.82066708E+001
5.20000000E+002, 5.00984747E+001
5.22500000E+002, 5.23189692E+001
5.25000000E+002, 5.55567840E+001
5.27500000E+002, 6.03402863E+001
5.30000000E+002, 7.01519183E+001
5.32500000E+002, 6.47408781E+001
5.35000000E+002, 5.80485186E+001
5.37500000E+002, 5.42927277E+001
5.40000000E+002, 5.16854573E+001
5.42500000E+002, 4.96678924E+001
5.45000000E+002, 4.80748207E+001
5.47500000E+002, 4.66259538E+001
5.50000000E+002, 4.54752213E+001
5.52500000E+002, 4.44616629E+001
5.55000000E+002, 4.35422804E+001
5.57500000E+002, 4.26961518E+001
5.60000000E+002, 4.19487086E+001
5.62500000E+002, 4.11857819E+001
5.65000000E+002, 4.06063949E+001
5.67500000E+002, 4.00177473E+001
5.70000000E+002, 3.95493383E+001
5.72500000E+002, 3.89403223E+001
5.75000000E+002, 3.83301070E+001
5.77500000E+002, 3.80073157E+001
5.80000000E+002, 3.75175654E+001
5.82500000E+002, 3.70720795E+001
5.85000000E+002, 3.65714417E+001
5.87500000E+002, 3.61346832E+001
5.90000000E+002, 3.57916107E+001
5.92500000E+002, 3.54407419E+001
5.95000000E+002, 3.50510617E+001
5.97500000E+002, 3.46767757E+001
6.00000000E+002, 3.42780642E+001
6.02500000E+002, 3.39130080E+001
6.05000000E+002, 3.34913661E+001
6.07500000E+002, 3.32417661E+001
6.10000000E+002, 3.28533500E+001
6.12500000E+002, 3.25421390E+001
6.15000000E+002, 3.22893960E+001
6.17500000E+002, 3.18412870E+001
6.20000000E+002, 3.15387353E+001
6.22500000E+002, 3.12149252E+001
6.25000000E+002, 3.08968063E+001
6.27500000E+002, 3.06174198E+001
6.30000000E+002, 3.03386517E+001
6.32500000E+002, 3.00579344E+001
6.35000000E+002, 2.96490787E+001
6.37500000E+002, 2.94335619E+001
6.40000000E+002, 2.91806459E+001
6.42500000E+002, 2.87764614E+001
6.45000000E+002, 2.85141699E+001
6.47500000E+002, 2.81659021E+001
6.50000000E+002, 2.79670842E+001
6.52500000E+002, 2.74549094E+001
6.55000000E+002, 2.72160459E+001
6.57500000E+002, 2.68628270E+001
6.60000000E+002, 2.65421260E+001
6.62500000E+002, 2.61671363E+001
6.65000000E+002, 2.57726643E+001
6.67500000E+002, 2.52927040E+001
6.70000000E+002, 2.50818659E+001
6.72500000E+002, 2.48136686E+001
6.75000000E+002, 2.44314295E+001
6.77500000E+002, 2.39245384E+001
6.80000000E+002, 2.33088582E+001
6.82500000E+002, 2.27734777E+001
6.85000000E+002, 2.26827382E+001
6.87500000E+002, 2.21999662E+001
6.90000000E+002, 2.16253075E+001
6.92500000E+002, 2.09619524E+001
6.95000000E+002, 2.04114185E+001
6.97500000E+002, 1.97584171E+001
7.00000000E+002, 1.92011168E+001
7.02500000E+002, 1.82913291E+001
7.05000000E+002, 1.75678053E+001
7.07500000E+002, 1.68062527E+001
7.10000000E+002, 1.57992758E+001
7.12500000E+002, 1.52579487E+001
7.15000000E+002, 1.37027675E+001
7.17500000E+002, 1.27445017E+001
7.20000000E+002, 1.13492541E+001
7.22500000E+002, 9.74238652E+000
7.25000000E+002, 7.01344513E+000
7.27500000E+002, 4.01055254E+000
7.30000000E+002, 2.47008296E+000
7.32500000E+002, 4.70077263E+000
7.35000000E+002, 7.94762826E+000
7.37500000E+002, 9.67218551E+000
7.40000000E+002, 1.15853591E+001
7.42500000E+002, 1.38441084E+001
7.45000000E+002, 1.52026780E+001
7.47500000E+002, 1.65766841E+001
7.50000000E+002, 1.75314360E+001
7.52500000E+002, 1.87267757E+001
7.55000000E+002, 1.99957418E+001
7.57500000E+002, 2.05994796E+001
7.60000000E+002, 2.15588831E+001
7.62500000E+002, 2.25573257E+001
7.65000000E+002, 2.32400325E+001
7.67500000E+002, 2.36397696E+001
7.70000000E+002, 2.44904083E+001
7.72500000E+002, 2.52815839E+001
7.75000000E+002, 2.61878004E+001
7.77500000E+002, 2.66109400E+001
7.80000000E+002, 2.72164837E+001
7.82500000E+002, 2.78678395E+001
7.85000000E+002, 2.83857736E+001
7.87500000E+002, 2.91267860E+001
7.90000000E+002, 2.96938699E+001
7.92500000E+002, 3.03133532E+001
7.95000000E+002, 3.08650772E+001
7.97500000E+002, 3.14655459E+001
8.00000000E+002, 3.19199654E+001
8.02500000E+002, 3.26347171E+001
8.05000000E+002, 3.32057937E+001
8.07500000E+002, 3.38228837E+001
8.10000000E+002, 3.44304178E+001
8.12500000E+002, 3.50389175E+001
8.15000000E+002, 3.56556785E+001
8.17500000E+002, 3.60006978E+001
8.20000000E+002, 3.68259598E+001
8.22500000E+002, 3.75964800E+001
8.25000000E+002, 3.83212623E+001
8.27500000E+002, 3.90937940E+001
8.30000000E+002, 3.98504886E+001
8.32500000E+002, 4.07120062E+001
8.35000000E+002, 4.14635333E+001
8.37500000E+002, 4.23684097E+001
8.40000000E+002, 4.33528371E+001
8.42500000E+002, 4.44240612E+001
8.45000000E+002, 4.55175225E+001
8.47500000E+002, 4.67283224E+001
8.50000000E+002, 4.81061529E+001
8.52500000E+002, 4.96610105E+001
8.55000000E+002, 5.13891901E+001
8.57500000E+002, 5.34118939E+001
8.60000000E+002, 5.58205558E+001
8.62500000E+002, 5.84320867E+001
8.65000000E+002, 6.06256036E+001
8.67500000E+002, 6.06814526E+001
8.70000000E+002, 5.84912653E+001
8.72500000E+002, 5.60176729E+001
8.75000000E+002, 5.40195493E+001
8.77500000E+002, 5.23690336E+001
8.80000000E+002, 5.09480227E+001
8.82500000E+002, 4.98202656E+001
8.85000000E+002, 4.87166682E+001
8.87500000E+002, 4.78363301E+001
8.90000000E+002, 4.70030963E+001
8.92500000E+002, 4.63142050E+001
8.95000000E+002, 4.56953004E+001
8.97500000E+002, 4.51369929E+001
9.00000000E+002, 4.45281700E+001
9.02500000E+002, 4.40079040E+001
9.05000000E+002, 4.35409710E+001
9.07500000E+002, 4.31729305E+001
9.10000000E+002, 4.28226980E+001
9.12500000E+002, 4.24199230E+001
9.15000000E+002, 4.20353954E+001
9.17500000E+002, 4.18875985E+001
9.20000000E+002, 4.15369869E+001
9.22500000E+002, 4.12502444E+001
9.25000000E+002, 4.09035637E+001
9.27500000E+002, 4.06767652E+001
9.30000000E+002, 4.04225410E+001
9.32500000E+002, 4.02099186E+001
9.35000000E+002, 3.99483279E+001
9.37500000E+002, 3.97746334E+001
9.40000000E+002, 3.95868102E+001
9.42500000E+002, 3.93805794E+001
9.45000000E+002, 3.92434149E+001
9.47500000E+002, 3.90274045E+001
9.50000000E+002, 3.89202652E+001
9.52500000E+002, 3.87316299E+001
9.55000000E+002, 3.85355590E+001
9.57500000E+002, 3.83881516E+001
9.60000000E+002, 3.82547759E+001
9.62500000E+002, 3.81263074E+001
9.65000000E+002, 3.79932628E+001
9.67500000E+002, 3.78341746E+001
9.70000000E+002, 3.76908168E+001
9.72500000E+002, 3.75709066E+001
9.75000000E+002, 3.74810278E+001
9.77500000E+002, 3.73509837E+001
9.80000000E+002, 3.72833051E+001
9.82500000E+002, 3.72073181E+001
9.85000000E+002, 3.70102903E+001
9.87500000E+002, 3.69692103E+001
9.90000000E+002, 3.68632479E+001
9.92500000E+002, 3.67279492E+001
9.95000000E+002, 3.67369159E+001
9.97500000E+002, 3.66331873E+001
1.00000000E+003, 3.65670904E+001
1.00250000E+003, 3.65232851E+001
1.00500000E+003, 3.64624674E+001
1.00750000E+003, 3.63961191E+001
1.01000000E+003, 3.63275407E+001
1.01250000E+003, 3.62269223E+001
1.01500000E+003, 3.61256714E+001
1.01750000E+003, 3.60200872E+001
1.02000000E+003, 3.59095223E+001
1.02250000E+003, 3.58702082E+001
1.02500000E+003, 3.57835631E+001
1.02750000E+003, 3.57856308E+001
1.03000000E+003, 3.56506498E+001
1.03250000E+003, 3.56561406E+001
1.03500000E+003, 3.55723993E+001
1.03750000E+003, 3.55629252E+001
1.04000000E+003, 3.54890282E+001
1.04250000E+003, 3.54107071E+001
1.04500000E+003, 3.53981231E+001
1.04750000E+003, 3.53404930E+001
1.05000000E+003, 3.52459558E+001
1.05250000E+003, 3.52278740E+001
1.05500000E+003, 3.52128666E+001
1.05750000E+003, 3.51446380E+001
1.06000000E+003, 3.50500493E+001
1.06250000E+003, 3.50479052E+001
1.06500000E+003, 3.49577815E+001
1.06750000E+003, 3.49932177E+001
1.07000000E+003, 3.50024901E+001
1.07250000E+003, 3.49050064E+001
1.07500000E+003, 3.48801208E+001
1.07750000E+003, 3.49059909E+001
1.08000000E+003, 3.48502631E+001
1.08250000E+003, 3.47676262E+001
1.08500000E+003, 3.47548746E+001
1.08750000E+003, 3.47407705E+001
1.09000000E+003, 3.47196655E+001
1.09250000E+003, 3.47165575E+001
1.09500000E+003, 3.46794687E+001
1.09750000E+003, 3.46389758E+001
1.10000000E+003, 3.46085756E+001
1.10250000E+003, 3.45657230E+001
1.10500000E+003, 3.45778254E+001
1.10750000E+003, 3.46125277E+001
1.11000000E+003, 3.45388306E+001
1.11250000E+003, 3.44931757E+001
1.11500000E+003, 3.45003997E+001
1.11750000E+003, 3.44682171E+001
1.12000000E+003, 3.44718954E+001
1.12250000E+003, 3.44698013E+001
1.12500000E+003, 3.44332671E+001
1.12750000E+003, 3.44352525E+001
1.13000000E+003, 3.43798926E+001
1.13250000E+003, 3.44024309E+001
1.13500000E+003, 3.43511687E+001
1.13750000E+003, 3.44073183E+001
1.14000000E+003, 3.43342568E+001
1.14250000E+003, 3.43409549E+001
1.14500000E+003, 3.43067261E+001
1.14750000E+003, 3.43268253E+001
1.15000000E+003, 3.43576149E+001
1.15250000E+003, 3.43542249E+001
1.15500000E+003, 3.43408952E+001
1.15750000E+003, 3.43758355E+001
1.16000000E+003, 3.43281918E+001
1.16250000E+003, 3.42868350E+001
1.16500000E+003, 3.42890492E+001
1.16750000E+003, 3.42715090E+001
1.17000000E+003, 3.42698214E+001
1.17250000E+003, 3.42477432E+001
1.17500000E+003, 3.42728161E+001
1.17750000E+003, 3.42545270E+001
1.18000000E+003, 3.41817707E+001
1.18250000E+003, 3.42626387E+001
1.18500000E+003, 3.42470279E+001
1.18750000E+003, 3.42362645E+001
1.19000000E+003, 3.42336293E+001
1.19250000E+003, 3.42358779E+001
1.19500000E+003, 3.42357400E+001
1.19750000E+003, 3.42551508E+001
1.20000000E+003, 3.42845976E+001
1.20250000E+003, 3.42860083E+001
1.20500000E+003, 3.42779984E+001
1.20750000E+003, 3.42658976E+001
1.21000000E+003, 3.43076857E+001
1.21250000E+003, 3.42468101E+001
1.21500000E+003, 3.42465896E+001
1.21750000E+003, 3.42775340E+001
1.22000000E+003, 3.42580037E+001
1.22250000E+003, 3.42949829E+001
1.22500000E+003, 3.42630678E+001
1.22750000E+003, 3.42458238E+001
1.23000000E+003, 3.42826775E+001
1.23250000E+003, 3.43072036E+001
1.23500000E+003, 3.43398746E+001
1.23750000E+003, 3.43520099E+001
1.24000000E+003, 3.42902085E+001
1.24250000E+003, 3.43401127E+001
1.24500000E+003, 3.43447491E+001
1.24750000E+003, 3.43468182E+001
1.25000000E+003, 3.43786722E+001
1.25250000E+003, 3.43542572E+001
1.25500000E+003, 3.43570046E+001
1.25750000E+003, 3.43278736E+001
1.26000000E+003, 3.43460781E+001
1.26250000E+003, 3.43999293E+001
1.26500000E+003, 3.44024032E+001
1.26750000E+003, 3.44793649E+001
1.27000000E+003, 3.44665031E+001
1.27250000E+003, 3.44424842E+001
1.27500000E+003, 3.44822530E+001
1.27750000E+003, 3.44976490E+001
1.28000000E+003, 3.45216442E+001
1.28250000E+003, 3.45119219E+001
1.28500000E+003, 3.45554784E+001
1.28750000E+003, 3.45563419E+001
1.29000000E+003, 3.45774977E+001
1.29250000E+003, 3.46075173E+001
1.29500000E+003, 3.46578830E+001
1.29750000E+003, 3.46411920E+001
1.30000000E+003, 3.47160045E+001
1.30250000E+003, 3.47339562E+001
1.30500000E+003, 3.46926128E+001
1.30750000E+003, 3.47853560E+001
1.31000000E+003, 3.47619428E+001
1.31250000E+003, 3.48276758E+001
1.31500000E+003, 3.47984892E+001
1.31750000E+003, 3.48899137E+001
1.32000000E+003, 3.49329222E+001
1.32250000E+003, 3.50228352E+001
1.32500000E+003, 3.51510614E+001
1.32750000E+003, 3.51439095E+001
1.33000000E+003, 3.53328709E+001
1.33250000E+003, 3.54687908E+001
1.33500000E+003, 3.58640875E+001
1.33750000E+003, 3.65272116E+001
1.34000000E+003, 3.63479381E+001
1.34250000E+003, 3.23530884E+001
1.34500000E+003, 3.35128888E+001
1.34750000E+003, 3.40209351E+001
1.35000000E+003, 3.43079063E+001
1.35250000E+003, 3.44724315E+001
1.35500000E+003, 3.45789494E+001
1.35750000E+003, 3.46191636E+001
1.36000000E+003, 3.47127631E+001
1.36250000E+003, 3.47596350E+001
1.36500000E+003, 3.47797377E+001
1.36750000E+003, 3.48107809E+001
1.37000000E+003, 3.48772628E+001
1.37250000E+003, 3.49590807E+001
1.37500000E+003, 3.49346986E+001
1.37750000E+003, 3.50086981E+001
1.38000000E+003, 3.50748069E+001
1.38250000E+003, 3.50576133E+001
1.38500000E+003, 3.51364547E+001
1.38750000E+003, 3.51953864E+001
1.39000000E+003, 3.52031958E+001
1.39250000E+003, 3.52430498E+001
1.39500000E+003, 3.53131594E+001
1.39750000E+003, 3.53049310E+001
1.40000000E+003, 3.53710861E+001
1.40250000E+003, 3.54011694E+001
1.40500000E+003, 3.53874106E+001
1.40750000E+003, 3.54896789E+001
1.41000000E+003, 3.55065534E+001
1.41250000E+003, 3.55078705E+001
1.41500000E+003, 3.56070216E+001
1.41750000E+003, 3.56086867E+001
1.42000000E+003, 3.56505334E+001
1.42250000E+003, 3.57071668E+001
1.42500000E+003, 3.56814977E+001
1.42750000E+003, 3.57655229E+001
1.43000000E+003, 3.57332780E+001
1.43250000E+003, 3.57838497E+001
1.43500000E+003, 3.58263964E+001
1.43750000E+003, 3.58862913E+001
1.44000000E+003, 3.58906239E+001
1.44250000E+003, 3.59843900E+001
1.44500000E+003, 3.59628937E+001
1.44750000E+003, 3.60215583E+001
1.45000000E+003, 3.60691769E+001
1.45250000E+003, 3.60862902E+001
1.45500000E+003, 3.61271941E+001
1.45750000E+003, 3.61823334E+001
1.46000000E+003, 3.62397937E+001
1.46250000E+003, 3.62252759E+001
1.46500000E+003, 3.62749767E+001
1.46750000E+003, 3.63221378E+001
1.47000000E+003, 3.64007771E+001
1.47250000E+003, 3.64604049E+001
1.47500000E+003, 3.64188457E+001
1.47750000E+003, 3.64945014E+001
1.48000000E+003, 3.65247057E+001
1.48250000E+003, 3.65984218E+001
1.48500000E+003, 3.66200659E+001
1.48750000E+003, 3.66384120E+001
1.49000000E+003, 3.66986879E+001
1.49250000E+003, 3.67742546E+001
1.49500000E+003, 3.68223553E+001
1.49750000E+003, 3.68940651E+001
1.50000000E+003, 3.68655218E+001
1.50250000E+003, 3.69286197E+001
1.50500000E+003, 3.70046667E+001
1.50750000E+003, 3.70993855E+001
1.51000000E+003, 3.71061317E+001
1.51250000E+003, 3.71442910E+001
1.51500000E+003, 3.71901434E+001
1.51750000E+003, 3.72564070E+001
1.52000000E+003, 3.72911790E+001
1.52250000E+003, 3.73357152E+001
1.52500000E+003, 3.73890394E+001
1.52750000E+003, 3.74473124E+001
1.53000000E+003, 3.75091394E+001
1.53250000E+003, 3.75648337E+001
1.53500000E+003, 3.76398579E+001
1.53750000E+003, 3.76826426E+001
1.54000000E+003, 3.77500165E+001
1.54250000E+003, 3.78350390E+001
1.54500000E+003, 3.79405670E+001
1.54750000E+003, 3.79946178E+001
1.55000000E+003, 3.80354913E+001
1.55250000E+003, 3.80769077E+001
1.55500000E+003, 3.81132046E+001
1.55750000E+003, 3.81646020E+001
1.56000000E+003, 3.82325581E+001
1.56250000E+003, 3.83012584E+001
1.56500000E+003, 3.83174458E+001
1.56750000E+003, 3.83592365E+001
1.57000000E+003, 3.84862559E+001
1.57250000E+003, 3.85783605E+001
1.57500000E+003, 3.86532584E+001
1.57750000E+003, 3.86884339E+001
1.58000000E+003, 3.87167305E+001
1.58250000E+003, 3.87996311E+001
1.58500000E+003, 3.88962446E+001
1.58750000E+003, 3.89608412E+001
1.59000000E+003, 3.90805642E+001
1.59250000E+003, 3.91556832E+001
1.59500000E+003, 3.91905985E+001
1.59750000E+003, 3.93132719E+001
1.60000000E+003, 3.93988272E+001
1.60250000E+003, 3.94111684E+001
1.60500000E+003, 3.95315593E+001
1.60750000E+003, 3.96414606E+001
1.61000000E+003, 3.97013836E+001
1.61250000E+003, 3.97218398E+001
1.61500000E+003, 3.98048788E+001
1.61750000E+003, 3.99053348E+001
1.62000000E+003, 3.99675722E+001
1.62250000E+003, 4.00587351E+001
1.62500000E+003, 4.01278559E+001
1.62750000E+003, 4.02234144E+001
1.63000000E+003, 4.02623373E+001
1.63250000E+003, 4.04234513E+001
1.63500000E+003, 4.04614651E+001
1.63750000E+003, 4.05369493E+001
1.64000000E+003, 4.06524792E+001
1.64250000E+003, 4.07806864E+001
1.64500000E+003, 4.08510444E+001
1.64750000E+003, 4.09326473E+001
1.65000000E+003, 4.10039448E+001
1.65250000E+003, 4.11190547E+001
1.65500000E+003, 4.12266019E+001
1.65750000E+003, 4.13183199E+001
1.66000000E+003, 4.14158979E+001
1.66250000E+003, 4.15221946E+001
1.66500000E+003, 4.16474339E+001
1.66750000E+003, 4.17244605E+001
1.67000000E+003, 4.18208560E+001
1.67250000E+003, 4.18914323E+001
1.67500000E+003, 4.20050813E+001
1.67750000E+003, 4.21219317E+001
1.68000000E+003, 4.22397030E+001
1.68250000E+003, 4.24075360E+001
1.68500000E+003, 4.25386854E+001
1.68750000E+003, 4.25970295E+001
1.69000000E+003, 4.27461024E+001
1.69250000E+003, 4.29172781E+001
1.69500000E+003, 4.30245007E+001
1.69750000E+003, 4.30804099E+001
1.70000000E+003, 4.32446657E+001
1.70250000E+003, 4.33925636E+001
1.70500000E+003, 4.35577468E+001
1.70750000E+003, 4.36949119E+001
1.71000000E+003, 4.37990078E+001
1.71250000E+003, 4.40019549E+001
1.71500000E+003, 4.41366232E+001
1.71750000E+003, 4.42868216E+001
1.72000000E+003, 4.44573081E+001
1.72250000E+003, 4.45819699E+001
1.72500000E+003, 4.47576420E+001
1.72750000E+003, 4.48620850E+001
1.73000000E+003, 4.50327447E+001
1.73250000E+003, 4.51312296E+001
1.73500000E+003, 4.53522868E+001
1.73750000E+003, 4.55738561E+001
1.74000000E+003, 4.57861155E+001
1.74250000E+003, 4.60403184E+001
1.74500000E+003, 4.62843751E+001
1.74750000E+003, 4.64545144E+001
1.75000000E+003, 4.66659358E+001
1.75250000E+003, 4.68750269E+001
1.75500000E+003, 4.71263484E+001
1.75750000E+003, 4.73635161E+001
1.76000000E+003, 4.76741548E+001
1.76250000E+003, 4.79346777E+001
1.76500000E+003, 4.82191159E+001
1.76750000E+003, 4.85144592E+001
1.77000000E+003, 4.87988316E+001
1.77250000E+003, 4.91759289E+001
1.77500000E+003, 4.94634068E+001
1.77750000E+003, 4.98534724E+001
1.78000000E+003, 5.02377485E+001
1.78250000E+003, 5.06948682E+001
1.78500000E+003, 5.11941545E+001
1.78750000E+003, 5.17322384E+001
1.79000000E+003, 5.23676211E+001
1.79250000E+003, 5.32496979E+001
1.79500000E+003, 5.48795611E+001
1.79750000E+003, 5.13042826E+001
1.80000000E+003, 5.25708927E+001
1.80250000E+003, 5.40891540E+001
1.80500000E+003, 5.52706347E+001
1.80750000E+003, 5.64829986E+001
1.81000000E+003, 5.80467392E+001
1.81250000E+003, 5.98471331E+001
1.81500000E+003, 6.23098421E+001
1.81750000E+003, 6.63337068E+001
1.82000000E+003, 7.16530592E+001
1.82250000E+003, 6.57444767E+001
1.82500000E+003, 5.89941357E+001
1.82750000E+003, 5.36474755E+001
1.83000000E+003, 4.78752775E+001
1.83250000E+003, 3.85761836E+001
1.83500000E+003, 4.25625581E+001
1.83750000E+003, 5.64122374E+001
1.84000000E+003, 4.53597899E+001
1.84250000E+003, 2.69886717E+001
1.84500000E+003, 4.17140149E+001
1.84750000E+003, 4.62004593E+001
1.85000000E+003, 4.89553524E+001
1.85250000E+003, 5.11830411E+001
1.85500000E+003, 5.30966077E+001
1.85750000E+003, 5.48885426E+001
1.86000000E+003, 5.67653481E+001
1.86250000E+003, 5.86768557E+001
1.86500000E+003, 6.08152737E+001
1.86750000E+003, 6.33898301E+001
1.87000000E+003, 6.64901613E+001
1.87250000E+003, 7.04104898E+001
1.87500000E+003, 7.43277575E+001
1.87750000E+003, 7.24610700E+001
1.88000000E+003, 6.83066696E+001
1.88250000E+003, 6.52531972E+001
1.88500000E+003, 6.30470856E+001
1.88750000E+003, 6.12453031E+001
1.89000000E+003, 5.98436603E+001
1.89250000E+003, 5.85484918E+001
1.89500000E+003, 5.75232196E+001
1.89750000E+003, 5.65344938E+001
1.90000000E+003, 5.57130043E+001
1.90250000E+003, 5.48910715E+001
1.90500000E+003, 5.41615834E+001
1.90750000E+003, 5.34980611E+001
1.91000000E+003, 5.29455832E+001
1.91250000E+003, 5.23686053E+001
1.91500000E+003, 5.18204712E+001
1.91750000E+003, 5.13685309E+001
1.92000000E+003, 5.09139398E+001
1.92250000E+003, 5.04611376E+001
1.92500000E+003, 5.00111213E+001
1.92750000E+003, 4.96304783E+001
1.93000000E+003, 4.92167278E+001
1.93250000E+003, 4.88967481E+001
1.93500000E+003, 4.85102178E+001
1.93750000E+003, 4.82178585E+001
1.94000000E+003, 4.78396691E+001
1.94250000E+003, 4.74992325E+001
1.94500000E+003, 4.71937279E+001
1.94750000E+003, 4.68777754E+001
1.95000000E+003, 4.66184857E+001
1.95250000E+003, 4.62536559E+001
1.95500000E+003, 4.60299260E+001
1.95750000E+003, 4.57308039E+001
1.96000000E+003, 4.54896406E+001
1.96250000E+003, 4.52237076E+001
1.96500000E+003, 4.47929719E+001
1.96750000E+003, 4.44009143E+001
1.97000000E+003, 4.39434475E+001
1.97250000E+003, 4.35722734E+001
1.97500000E+003, 4.30270110E+001
1.97750000E+003, 4.21716186E+001
1.98000000E+003, 4.09628163E+001
1.98250000E+003, 3.90428279E+001
1.98500000E+003, 4.90107113E+001
1.98750000E+003, 4.69335666E+001
1.99000000E+003, 4.55194807E+001
1.99250000E+003, 4.46866778E+001
1.99500000E+003, 4.41544028E+001
1.99750000E+003, 4.37446623E+001
2.00000000E+003, 4.35106345E+001
2.00250000E+003, 4.31150188E+001
2.00500000E+003, 4.29338345E+001
2.00750000E+003, 4.26457112E+001
2.01000000E+003, 4.24092460E+001
2.01250000E+003, 4.22324429E+001
2.01500000E+003, 4.20949423E+001
2.01750000E+003, 4.20468525E+001
2.02000000E+003, 4.16938170E+001
2.02250000E+003, 4.14337448E+001
2.02500000E+003, 4.12037957E+001
2.02750000E+003, 4.10552362E+001
2.03000000E+003, 4.08454559E+001
2.03250000E+003, 4.07176097E+001
2.03500000E+003, 4.05220678E+001
2.03750000E+003, 4.03745408E+001
2.04000000E+003, 4.02192893E+001
2.04250000E+003, 4.01073210E+001
2.04500000E+003, 3.98806023E+001
2.04750000E+003, 3.98051636E+001
2.05000000E+003, 3.96527292E+001
2.05250000E+003, 3.94971969E+001
2.05500000E+003, 3.93720185E+001
2.05750000E+003, 3.92364462E+001
2.06000000E+003, 3.90244514E+001
2.06250000E+003, 3.89324759E+001
2.06500000E+003, 3.87724902E+001
2.06750000E+003, 3.86307032E+001
2.07000000E+003, 3.84919890E+001
2.07250000E+003, 3.83407022E+001
2.07500000E+003, 3.82784132E+001
2.07750000E+003, 3.80357573E+001
2.08000000E+003, 3.79862003E+001
2.08250000E+003, 3.78109522E+001
2.08500000E+003, 3.77273857E+001
2.08750000E+003, 3.76520746E+001
2.09000000E+003, 3.75013135E+001
2.09250000E+003, 3.73031558E+001
2.09500000E+003, 3.72271998E+001
2.09750000E+003, 3.71096786E+001
2.10000000E+003, 3.69439772E+001
2.10250000E+003, 3.68538197E+001
2.10500000E+003, 3.66904607E+001
2.10750000E+003, 3.66176644E+001
2.11000000E+003, 3.65102224E+001
2.11250000E+003, 3.63728999E+001
2.11500000E+003, 3.63376085E+001
2.11750000E+003, 3.61431665E+001
2.12000000E+003, 3.60178089E+001
2.12250000E+003, 3.59305285E+001
2.12500000E+003, 3.58199505E+001
2.12750000E+003, 3.56730161E+001
2.13000000E+003, 3.55691321E+001
2.13250000E+003, 3.54630135E+001
2.13500000E+003, 3.53154331E+001
2.13750000E+003, 3.51888135E+001
2.14000000E+003, 3.51111980E+001
2.14250000E+003, 3.49864450E+001
2.14500000E+003, 3.48471159E+001
2.14750000E+003, 3.47754566E+001
2.15000000E+003, 3.47281053E+001
2.15250000E+003, 3.46011594E+001
2.15500000E+003, 3.44902851E+001
2.15750000E+003, 3.44101114E+001
2.16000000E+003, 3.43032910E+001
2.16250000E+003, 3.42646460E+001
2.16500000E+003, 3.40939340E+001
2.16750000E+003, 3.38899013E+001
2.17000000E+003, 3.38278343E+001
2.17250000E+003, 3.36775014E+001
2.17500000E+003, 3.35451979E+001
2.17750000E+003, 3.34394485E+001
2.18000000E+003, 3.33752516E+001
2.18250000E+003, 3.32384561E+001
2.18500000E+003, 3.31003865E+001
2.18750000E+003, 3.29251763E+001
2.19000000E+003, 3.28942087E+001
2.19250000E+003, 3.27819894E+001
2.19500000E+003, 3.27092263E+001
2.19750000E+003, 3.25167989E+001
2.20000000E+003, 3.23873952E+001
2.20250000E+003, 3.22735068E+001
2.20500000E+003, 3.21326944E+001
2.20750000E+003, 3.18738420E+001
2.21000000E+003, 3.18059645E+001
2.21250000E+003, 3.16961643E+001
2.21500000E+003, 3.16373051E+001
2.21750000E+003, 3.14380544E+001
2.22000000E+003, 3.12972552E+001
2.22250000E+003, 3.12145885E+001
2.22500000E+003, 3.10229302E+001
2.22750000E+003, 3.08104881E+001
2.23000000E+003, 3.06836748E+001
2.23250000E+003, 3.05648006E+001
2.23500000E+003, 3.03076698E+001
2.23750000E+003, 3.01793823E+001
2.24000000E+003, 2.99679405E+001
2.24250000E+003, 2.98142060E+001
2.24500000E+003, 2.95978354E+001
2.24750000E+003, 2.93295793E+001
2.25000000E+003, 2.91537652E+001
2.25250000E+003, 2.89668120E+001
2.25500000E+003, 2.86988324E+001
2.25750000E+003, 2.84868503E+001
2.26000000E+003, 2.81470838E+001
2.26250000E+003, 2.77231924E+001
2.26500000E+003, 2.74260346E+001
2.26750000E+003, 2.72156368E+001
2.27000000E+003, 2.69461422E+001
2.27250000E+003, 2.65892243E+001
2.27500000E+003, 2.61575804E+001
2.27750000E+003, 2.58777404E+001
2.28000000E+003, 2.53806957E+001
2.28250000E+003, 2.47949080E+001
2.28500000E+003, 2.43911538E+001
2.28750000E+003, 2.37435515E+001
2.29000000E+003, 2.31881530E+001
2.29250000E+003, 2.28180735E+001
2.29500000E+003, 2.19561621E+001
2.29750000E+003, 2.13964319E+001
2.30000000E+003, 2.13006419E+001
2.30250000E+003, 2.10821443E+001
2.30500000E+003, 2.14609395E+001
2.30750000E+003, 2.24307754E+001
2.31000000E+003, 2.38456355E+001
2.31250000E+003, 2.51536672E+001
2.31500000E+003, 2.68383909E+001
2.31750000E+003, 2.83941122E+001
2.32000000E+003, 3.01208810E+001
2.32250000E+003, 3.17789136E+001
2.32500000E+003, 3.34291563E+001
2.32750000E+003, 3.50558044E+001
2.33000000E+003, 3.65830850E+001
2.33250000E+003, 3.79377954E+001
2.33500000E+003, 3.92334432E+001
2.33750000E+003, 4.00411094E+001
2.34000000E+003, 4.05181631E+001
2.34250000E+003, 4.06976848E+001
2.34500000E+003, 4.05287782E+001
2.34750000E+003, 4.01788986E+001
2.35000000E+003, 3.96444899E+001
2.35250000E+003, 3.91629635E+001
2.35500000E+003, 3.87081063E+001
2.35750000E+003, 3.82767627E+001
2.36000000E+003, 3.78269285E+001
2.36250000E+003, 3.73756653E+001
2.36500000E+003, 3.70116611E+001
2.36750000E+003, 3.66188073E+001
2.37000000E+003, 3.62662001E+001
2.37250000E+003, 3.59589018E+001
2.37500000E+003, 3.56778168E+001
2.37750000E+003, 3.54658149E+001
2.38000000E+003, 3.51968738E+001
2.38250000E+003, 3.50154843E+001
2.38500000E+003, 3.48602049E+001
2.38750000E+003, 3.46694107E+001
2.39000000E+003, 3.45423870E+001
2.39250000E+003, 3.43946230E+001
2.39500000E+003, 3.42287642E+001
2.39750000E+003, 3.41549054E+001
2.40000000E+003, 3.40066145E+001
2.40250000E+003, 3.39890524E+001
2.40500000E+003, 3.39358827E+001
2.40750000E+003, 3.38477221E+001
2.41000000E+003, 3.38669134E+001
2.41250000E+003, 3.39290115E+001
2.41500000E+003, 3.39473376E+001
2.41750000E+003, 3.38015783E+001
2.42000000E+003, 3.36736106E+001
2.42250000E+003, 3.32966930E+001
2.42500000E+003, 3.27174254E+001
2.42750000E+003, 3.15960537E+001
2.43000000E+003, 3.02155056E+001
2.43250000E+003, 2.87054996E+001
2.43500000E+003, 2.74602934E+001
2.43750000E+003, 2.66622270E+001
2.44000000E+003, 2.64170097E+001
2.44250000E+003, 2.61961297E+001
2.44500000E+003, 2.61585358E+001
2.44750000E+003, 2.60893660E+001
2.45000000E+003, 2.62327879E+001
2.45250000E+003, 2.63618112E+001
2.45500000E+003, 2.63229204E+001
2.45750000E+003, 2.65000605E+001
2.46000000E+003, 2.65206491E+001
2.46250000E+003, 2.64604765E+001
2.46500000E+003, 2.63787693E+001
2.46750000E+003, 2.64442071E+001
2.47000000E+003, 2.63295326E+001
2.47250000E+003, 2.63036294E+001
2.47500000E+003, 2.64214233E+001
2.47750000E+003, 2.62591263E+001
2.48000000E+003, 2.63380762E+001
2.48250000E+003, 2.61910298E+001
2.48500000E+003, 2.60670891E+001
2.48750000E+003, 2.59840167E+001
2.49000000E+003, 2.60152478E+001
2.49250000E+003, 2.59163431E+001
2.49500000E+003, 2.58944158E+001
2.49750000E+003, 2.56453437E+001
2.50000000E+003, 2.54731434E+001
2.50250000E+003, 2.54730427E+001
2.50500000E+003, 2.53532947E+001
2.50750000E+003, 2.54022038E+001
2.51000000E+003, 2.50507451E+001
2.51250000E+003, 2.50513064E+001
2.51500000E+003, 2.50925980E+001
2.51750000E+003, 2.49406185E+001
2.52000000E+003, 2.49189322E+001
2.52250000E+003, 2.46716105E+001
2.52500000E+003, 2.45754156E+001
2.52750000E+003, 2.44863637E+001
2.53000000E+003, 2.43869253E+001
2.53250000E+003, 2.42950739E+001
2.53500000E+003, 2.40846320E+001
2.53750000E+003, 2.39417131E+001
2.54000000E+003, 2.38741761E+001
2.54250000E+003, 2.36821102E+001
2.54500000E+003, 2.35965927E+001
2.54750000E+003, 2.34721757E+001
2.55000000E+003, 2.33064410E+001
2.55250000E+003, 2.31006569E+001
2.55500000E+003, 2.31181486E+001
2.55750000E+003, 2.28234654E+001
2.56000000E+003, 2.27278895E+001
2.56250000E+003, 2.24969182E+001
2.56500000E+003, 2.24267930E+001
2.56750000E+003, 2.22035473E+001
2.57000000E+003, 2.20863124E+001
2.57250000E+003, 2.18766606E+001
2.57500000E+003, 2.17876853E+001
2.57750000E+003, 2.14736751E+001
2.58000000E+003, 2.13593858E+001
2.58250000E+003, 2.12039125E+001
2.58500000E+003, 2.11504064E+001
2.58750000E+003, 2.08759630E+001
2.59000000E+003, 2.08215243E+001
2.59250000E+003, 2.03093129E+001
2.59500000E+003, 2.01817089E+001
2.59750000E+003, 1.99483207E+001
2.60000000E+003, 1.98655850E+001
2.60250000E+003, 1.96192751E+001
2.60500000E+003, 1.92683495E+001
2.60750000E+003, 1.91949307E+001
2.61000000E+003, 1.88316822E+001
2.61250000E+003, 1.82981124E+001
2.61500000E+003, 1.82052270E+001
2.61750000E+003, 1.82407484E+001
2.62000000E+003, 1.79538673E+001
2.62250000E+003, 1.77084645E+001
2.62500000E+003, 1.70690396E+001
2.62750000E+003, 1.68055081E+001
2.63000000E+003, 1.65115318E+001
2.63250000E+003, 1.62889960E+001
2.63500000E+003, 1.60832905E+001
2.63750000E+003, 1.54298363E+001
2.64000000E+003, 1.57049316E+001
2.64250000E+003, 1.50316744E+001
2.64500000E+003, 1.46190451E+001
2.64750000E+003, 1.40039261E+001
2.65000000E+003, 1.36823815E+001
2.65250000E+003, 1.29031493E+001
2.65500000E+003, 1.23987861E+001
2.65750000E+003, 1.22730700E+001
2.66000000E+003, 1.17890608E+001
2.66250000E+003, 1.07249852E+001
2.66500000E+003, 1.10427669E+001
2.66750000E+003, 8.85911020E+000
2.67000000E+003, 8.87072859E+000
2.67250000E+003, 7.57053024E+000
2.67500000E+003, 4.91555965E+000
2.67750000E+003, 5.49341515E+000
2.68000000E+003, 5.13134788E+000
2.68250000E+003, 3.19927532E+000
2.68500000E+003, -1.67375373E+000
2.68750000E+003, -8.46302592E-001
2.69000000E+003, -2.25209274E+000
2.69250000E+003, -2.09776063E+000
2.69500000E+003, -2.69063072E+000
2.69750000E+003, 4.09877434E-001
2.70000000E+003, -4.64371376E-001
2.70250000E+003, 8.34037679E-001
2.70500000E+003, 6.77611526E-001
2.70750000E+003, 1.81419186E+000
2.71000000E+003, 4.88773772E+000
2.71250000E+003, 5.40468211E+000
2.71500000E+003, 6.92696582E+000
2.71750000E+003, 8.57548148E+000
2.72000000E+003, 8.33132177E+000
2.72250000E+003, 1.05964311E+001
2.72500000E+003, 1.12136932E+001
2.72750000E+003, 1.20880017E+001
2.73000000E+003, 1.18079224E+001
2.73250000E+003, 1.25682917E+001
2.73500000E+003, 1.37553043E+001
2.73750000E+003, 1.44805170E+001
2.74000000E+003, 1.49905855E+001
2.74250000E+003, 1.58726395E+001
2.74500000E+003, 1.60368425E+001
2.74750000E+003, 1.68643519E+001
2.75000000E+003, 1.73220366E+001
2.75250000E+003, 1.73674776E+001
2.75500000E+003, 1.77345401E+001
2.75750000E+003, 1.85656596E+001
2.76000000E+003, 1.85669102E+001
2.76250000E+003, 1.90959616E+001
2.76500000E+003, 1.97347506E+001
2.76750000E+003, 1.99421030E+001
2.77000000E+003, 2.02000765E+001
2.77250000E+003, 2.09499771E+001
2.77500000E+003, 2.13190971E+001
2.77750000E+003, 2.16622149E+001
2.78000000E+003, 2.21122822E+001
2.78250000E+003, 2.26108988E+001
2.78500000E+003, 2.34766459E+001
2.78750000E+003, 2.38712467E+001
2.79000000E+003, 2.44648451E+001
2.79250000E+003, 2.48618618E+001
2.79500000E+003, 2.54946158E+001
2.79750000E+003, 2.63538980E+001
2.80000000E+003, 2.68699225E+001
2.80250000E+003, 2.80037915E+001
2.80500000E+003, 2.89784305E+001
2.80750000E+003, 3.02419133E+001
2.81000000E+003, 3.20032448E+001
2.81250000E+003, 3.42806013E+001
2.81500000E+003, 3.82474497E+001
2.81750000E+003, 4.58448812E+001
2.82000000E+003, 4.14185787E+001
2.82250000E+003, 3.33149570E+001
2.82500000E+003, 2.78146444E+001
2.82750000E+003, 2.32497188E+001
2.83000000E+003, 1.86480075E+001
2.83250000E+003, 1.39552226E+001
2.83500000E+003, 6.34263301E+000
2.83750000E+003, 4.86584374E+000
2.84000000E+003, 9.25039303E+000
2.84250000E+003, 1.31093063E+001
2.84500000E+003, 1.54406464E+001
2.84750000E+003, 1.69126088E+001
2.85000000E+003, 1.85332547E+001
2.85250000E+003, 1.90395847E+001
2.85500000E+003, 2.00952554E+001
2.85750000E+003, 2.07463792E+001
2.86000000E+003, 2.12666805E+001
2.86250000E+003, 2.17942598E+001
2.86500000E+003, 2.26329000E+001
2.86750000E+003, 2.28304678E+001
2.87000000E+003, 2.32624129E+001
2.87250000E+003, 2.36309762E+001
2.87500000E+003, 2.40756656E+001
2.87750000E+003, 2.43403331E+001
2.88000000E+003, 2.44205190E+001
2.88250000E+003, 2.49211637E+001
2.88500000E+003, 2.50849187E+001
2.88750000E+003, 2.55912685E+001
2.89000000E+003, 2.58425943E+001
2.89250000E+003, 2.61038841E+001
2.89500000E+003, 2.64300013E+001
2.89750000E+003, 2.65243973E+001
2.90000000E+003, 2.65813491E+001
2.90250000E+003, 2.71718859E+001
2.90500000E+003, 2.72674188E+001
2.90750000E+003, 2.75122153E+001
2.91000000E+003, 2.76513963E+001
2.91250000E+003, 2.78975994E+001
2.91500000E+003, 2.80150282E+001
2.91750000E+003, 2.84196127E+001
2.92000000E+003, 2.84944956E+001
2.92250000E+003, 2.89285575E+001
2.92500000E+003, 2.88381965E+001
2.92750000E+003, 2.88738870E+001
2.93000000E+003, 2.89392629E+001
2.93250000E+003, 2.92527891E+001
2.93500000E+003, 3.00396448E+001
2.93750000E+003, 3.00851820E+001
2.94000000E+003, 3.02112330E+001
2.94250000E+003, 3.03632678E+001
2.94500000E+003, 3.06179634E+001
2.94750000E+003, 3.08163369E+001
2.95000000E+003, 3.09559909E+001
2.95250000E+003, 3.10900168E+001
2.95500000E+003, 3.11490446E+001
2.95750000E+003, 3.12912702E+001
2.96000000E+003, 3.14656897E+001
2.96250000E+003, 3.17052238E+001
2.96500000E+003, 3.18495029E+001
2.96750000E+003, 3.20047453E+001
2.97000000E+003, 3.23284749E+001
2.97250000E+003, 3.23674168E+001
2.97500000E+003, 3.25511877E+001
2.97750000E+003, 3.24367073E+001
2.98000000E+003, 3.28786357E+001
2.98250000E+003, 3.29475534E+001
2.98500000E+003, 3.31360299E+001
2.98750000E+003, 3.31716611E+001
2.99000000E+003, 3.34508733E+001
2.99250000E+003, 3.36540238E+001
2.99500000E+003, 3.37062308E+001
2.99750000E+003, 3.39644681E+001
3.00000000E+003, 3.40524140E+001
3.00250000E+003, 3.41801374E+001
3.00500000E+003, 3.44514500E+001
3.00750000E+003, 3.45080702E+001
3.01000000E+003, 3.48199859E+001
3.01250000E+003, 3.47982444E+001
3.01500000E+003, 3.50883678E+001
3.01750000E+003, 3.52743004E+001
3.02000000E+003, 3.53498801E+001
3.02250000E+003, 3.55410969E+001
3.02500000E+003, 3.55823478E+001
3.02750000E+003, 3.59496063E+001
3.03000000E+003, 3.60057850E+001
3.03250000E+003, 3.59780176E+001
3.03500000E+003, 3.62585106E+001
3.03750000E+003, 3.64907475E+001
3.04000000E+003, 3.66436043E+001
3.04250000E+003, 3.68821823E+001
3.04500000E+003, 3.69242195E+001
3.04750000E+003, 3.71580062E+001
3.05000000E+003, 3.72730980E+001
3.05250000E+003, 3.73833590E+001
3.05500000E+003, 3.75908051E+001
3.05750000E+003, 3.77701345E+001
3.06000000E+003, 3.79478483E+001
3.06250000E+003, 3.81605452E+001
3.06500000E+003, 3.83665602E+001
3.06750000E+003, 3.84411036E+001
3.07000000E+003, 3.85067357E+001
3.07250000E+003, 3.87501548E+001
3.07500000E+003, 3.90359601E+001
3.07750000E+003, 3.90605583E+001
3.08000000E+003, 3.92625706E+001
3.08250000E+003, 3.95151088E+001
3.08500000E+003, 3.97430561E+001
3.08750000E+003, 3.97802806E+001
3.09000000E+003, 4.00459285E+001
3.09250000E+003, 4.02076639E+001
3.09500000E+003, 4.03729738E+001
3.09750000E+003, 4.06020319E+001
3.10000000E+003, 4.07290393E+001
3.10250000E+003, 4.10035634E+001
3.10500000E+003, 4.11444544E+001
3.10750000E+003, 4.13260382E+001
3.11000000E+003, 4.14778504E+001
3.11250000E+003, 4.17143101E+001
3.11500000E+003, 4.19169818E+001
3.11750000E+003, 4.21357731E+001
3.12000000E+003, 4.22940044E+001
3.12250000E+003, 4.25766484E+001
3.12500000E+003, 4.27253216E+001
3.12750000E+003, 4.29149858E+001
3.13000000E+003, 4.32367991E+001
3.13250000E+003, 4.33991723E+001
3.13500000E+003, 4.35924517E+001
3.13750000E+003, 4.38133803E+001
3.14000000E+003, 4.40817117E+001
3.14250000E+003, 4.44239169E+001
3.14500000E+003, 4.45993405E+001
3.14750000E+003, 4.49106978E+001
3.15000000E+003, 4.50726701E+001
3.15250000E+003, 4.53416780E+001
3.15500000E+003, 4.56001233E+001
3.15750000E+003, 4.58500615E+001
3.16000000E+003, 4.60860609E+001
3.16250000E+003, 4.63669573E+001
3.16500000E+003, 4.67326094E+001
3.16750000E+003, 4.68555362E+001
3.17000000E+003, 4.72563293E+001
3.17250000E+003, 4.74322807E+001
3.17500000E+003, 4.77608977E+001
3.17750000E+003, 4.81136992E+001
3.18000000E+003, 4.84051124E+001
3.18250000E+003, 4.88246850E+001
3.18500000E+003, 4.91767705E+001
3.18750000E+003, 4.95125580E+001
3.19000000E+003, 4.97627412E+001
3.19250000E+003, 5.01738776E+001
3.19500000E+003, 5.06121376E+001
3.19750000E+003, 5.10161697E+001
3.20000000E+003, 5.12926124E+001
3.20250000E+003, 5.17617318E+001
3.20500000E+003, 5.22810673E+001
3.20750000E+003, 5.27227550E+001
3.21000000E+003, 5.30981727E+001
3.21250000E+003, 5.35877384E+001
3.21500000E+003, 5.41638468E+001
3.21750000E+003, 5.46393296E+001
3.22000000E+003, 5.53916282E+001
3.22250000E+003, 5.58505713E+001
3.22500000E+003, 5.65962433E+001
3.22750000E+003, 5.73190586E+001
3.23000000E+003, 5.80117196E+001
3.23250000E+003, 5.89267432E+001
3.23500000E+003, 5.97688051E+001
3.23750000E+003, 6.07297405E+001
3.24000000E+003, 6.17772623E+001
3.24250000E+003, 6.29976536E+001
3.24500000E+003, 6.43430226E+001
3.24750000E+003, 6.59388527E+001
3.25000000E+003, 6.79079616E+001
3.25250000E+003, 7.01817212E+001
3.25500000E+003, 7.26834921E+001
3.25750000E+003, 7.49945894E+001
3.26000000E+003, 7.49963813E+001
3.26250000E+003, 7.30489198E+001
3.26500000E+003, 7.04661732E+001
3.26750000E+003, 6.82733696E+001
3.27000000E+003, 6.64454557E+001
3.27250000E+003, 6.49371935E+001
3.27500000E+003, 6.36918291E+001
3.27750000E+003, 6.25470257E+001
3.28000000E+003, 6.15648986E+001
3.28250000E+003, 6.06244303E+001
3.28500000E+003, 5.98093440E+001
3.28750000E+003, 5.90623538E+001
3.29000000E+003, 5.83170896E+001
3.29250000E+003, 5.77287211E+001
3.29500000E+003, 5.71126872E+001
3.29750000E+003, 5.65570402E+001
3.30000000E+003, 5.61354486E+001
3.30250000E+003, 5.56905704E+001
3.30500000E+003, 5.53323974E+001
3.30750000E+003, 5.48720402E+001
3.31000000E+003, 5.44926076E+001
3.31250000E+003, 5.41361604E+001
3.31500000E+003, 5.38361042E+001
3.31750000E+003, 5.35362929E+001
3.32000000E+003, 5.31816583E+001
3.32250000E+003, 5.28680569E+001
3.32500000E+003, 5.25694369E+001
3.32750000E+003, 5.22437636E+001
3.33000000E+003, 5.20398267E+001
3.33250000E+003, 5.18080236E+001
3.33500000E+003, 5.17249830E+001
3.33750000E+003, 5.15088840E+001
3.34000000E+003, 5.13636290E+001
3.34250000E+003, 5.13574623E+001
3.34500000E+003, 5.14501888E+001
3.34750000E+003, 5.16186613E+001
3.35000000E+003, 5.12633438E+001
3.35250000E+003, 4.72815920E+001
3.35500000E+003, 4.78780619E+001
3.35750000E+003, 4.81216130E+001
3.36000000E+003, 4.82884058E+001
3.36250000E+003, 4.81975183E+001
3.36500000E+003, 4.81288099E+001
3.36750000E+003, 4.80552003E+001
3.37000000E+003, 4.78092458E+001
3.37250000E+003, 4.76206603E+001
3.37500000E+003, 4.73746353E+001
3.37750000E+003, 4.68936311E+001
3.38000000E+003, 4.63000232E+001
3.38250000E+003, 4.79280849E+001
3.38500000E+003, 4.89183244E+001
3.38750000E+003, 4.83004978E+001
3.39000000E+003, 4.79773470E+001
3.39250000E+003, 4.76836508E+001
3.39500000E+003, 4.75032394E+001
3.39750000E+003, 4.72204284E+001
3.40000000E+003, 4.70172293E+001
3.40250000E+003, 4.68622473E+001
3.40500000E+003, 4.67142051E+001
3.40750000E+003, 4.65352135E+001
3.41000000E+003, 4.64331516E+001
3.41250000E+003, 4.63268090E+001
3.41500000E+003, 4.62932190E+001
3.41750000E+003, 4.61727386E+001
3.42000000E+003, 4.61149732E+001
3.42250000E+003, 4.59307132E+001
3.42500000E+003, 4.58332207E+001
3.42750000E+003, 4.57177400E+001
3.43000000E+003, 4.56060358E+001
3.43250000E+003, 4.55182449E+001
3.43500000E+003, 4.54171328E+001
3.43750000E+003, 4.53565265E+001
3.44000000E+003, 4.53224713E+001
3.44250000E+003, 4.52032527E+001
3.44500000E+003, 4.49894131E+001
3.44750000E+003, 4.50510767E+001
3.45000000E+003, 4.48826200E+001
3.45250000E+003, 4.48944083E+001
3.45500000E+003, 4.47747327E+001
3.45750000E+003, 4.46809267E+001
3.46000000E+003, 4.45802016E+001
3.46250000E+003, 4.44912574E+001
3.46500000E+003, 4.44720556E+001
3.46750000E+003, 4.43419237E+001
3.47000000E+003, 4.42835743E+001
3.47250000E+003, 4.42765388E+001
3.47500000E+003, 4.41036986E+001
3.47750000E+003, 4.41020784E+001
3.48000000E+003, 4.39162211E+001
3.48250000E+003, 4.39272831E+001
3.48500000E+003, 4.37688417E+001
3.48750000E+003, 4.37921427E+001
3.49000000E+003, 4.37121225E+001
3.49250000E+003, 4.36338121E+001
3.49500000E+003, 4.35625616E+001
3.49750000E+003, 4.34766072E+001
3.50000000E+003, 4.34109274E+001
3.50250000E+003, 4.33551620E+001
3.50500000E+003, 4.33780703E+001
3.50750000E+003, 4.31469284E+001
3.51000000E+003, 4.31916793E+001
3.51250000E+003, 4.30819620E+001
3.51500000E+003, 4.30095093E+001
3.51750000E+003, 4.29244251E+001
3.52000000E+003, 4.29188572E+001
3.52250000E+003, 4.28333489E+001
3.52500000E+003, 4.27170024E+001
3.52750000E+003, 4.26765477E+001
3.53000000E+003, 4.25157711E+001
3.53250000E+003, 4.24357714E+001
3.53500000E+003, 4.24292903E+001
3.53750000E+003, 4.22489395E+001
3.54000000E+003, 4.21016181E+001
3.54250000E+003, 4.20906949E+001
3.54500000E+003, 4.19725390E+001
3.54750000E+003, 4.20407701E+001
3.55000000E+003, 4.21561387E+001
3.55250000E+003, 4.25503116E+001
3.55500000E+003, 4.31619533E+001
3.55750000E+003, 4.36550210E+001
3.56000000E+003, 4.38914334E+001
3.56250000E+003, 4.39097200E+001
3.56500000E+003, 4.37561836E+001
3.56750000E+003, 4.35435657E+001
3.57000000E+003, 4.34349564E+001
3.57250000E+003, 4.32983501E+001
3.57500000E+003, 4.31442390E+001
3.57750000E+003, 4.30515518E+001
3.58000000E+003, 4.29305246E+001
3.58250000E+003, 4.28645735E+001
3.58500000E+003, 4.28000415E+001
3.58750000E+003, 4.27351470E+001
3.59000000E+003, 4.26225850E+001
3.59250000E+003, 4.25667721E+001
3.59500000E+003, 4.24174531E+001
3.59750000E+003, 4.24894807E+001
3.60000000E+003, 4.22881340E+001
3.60250000E+003, 4.22777652E+001
3.60500000E+003, 4.22599016E+001
3.60750000E+003, 4.22501306E+001
3.61000000E+003, 4.20979233E+001
3.61250000E+003, 4.21726412E+001
3.61500000E+003, 4.21330015E+001
3.61750000E+003, 4.20551150E+001
3.62000000E+003, 4.20834925E+001
3.62250000E+003, 4.20085020E+001
3.62500000E+003, 4.19597088E+001
3.62750000E+003, 4.18741738E+001
3.63000000E+003, 4.17893574E+001
3.63250000E+003, 4.17343122E+001
3.63500000E+003, 4.16673466E+001
3.63750000E+003, 4.17182689E+001
3.64000000E+003, 4.16872951E+001
3.64250000E+003, 4.16531966E+001
3.64500000E+003, 4.15549433E+001
3.64750000E+003, 4.14494979E+001
3.65000000E+003, 4.14069726E+001
3.65250000E+003, 4.13632193E+001
3.65500000E+003, 4.13201863E+001
3.65750000E+003, 4.13109594E+001
3.66000000E+003, 4.12055844E+001
3.66250000E+003, 4.11859130E+001
3.66500000E+003, 4.10647822E+001
3.66750000E+003, 4.09877364E+001
3.67000000E+003, 4.08643001E+001
3.67250000E+003, 4.08538114E+001
3.67500000E+003, 4.06585310E+001
3.67750000E+003, 4.05258923E+001
3.68000000E+003, 4.03422706E+001
3.68250000E+003, 4.02529574E+001
3.68500000E+003, 4.01505138E+001
3.68750000E+003, 3.99361174E+001
3.69000000E+003, 3.98229655E+001
3.69250000E+003, 3.94636911E+001
3.69500000E+003, 3.91885013E+001
3.69750000E+003, 3.87604320E+001
3.70000000E+003, 3.82071872E+001
3.70250000E+003, 3.74983701E+001
3.70500000E+003, 3.66670957E+001
3.70750000E+003, 3.52577911E+001
3.71000000E+003, 3.30457564E+001
3.71250000E+003, 2.95676440E+001
3.71500000E+003, 3.31418787E+001
3.71750000E+003, 4.20986670E+001
3.72000000E+003, 5.04631057E+001
3.72250000E+003, 5.37107858E+001
3.72500000E+003, 5.09722178E+001
3.72750000E+003, 4.88491408E+001
3.73000000E+003, 4.76981885E+001
3.73250000E+003, 4.67521886E+001
3.73500000E+003, 4.61160359E+001
3.73750000E+003, 4.55675503E+001
3.74000000E+003, 4.51846901E+001
3.74250000E+003, 4.49166397E+001
3.74500000E+003, 4.46253729E+001
3.74750000E+003, 4.43762012E+001
3.75000000E+003, 4.42173753E+001
3.75250000E+003, 4.41878151E+001
3.75500000E+003, 4.40286708E+001
3.75750000E+003, 4.39138206E+001
3.76000000E+003, 4.38755520E+001
3.76250000E+003, 4.38784228E+001
3.76500000E+003, 4.38303675E+001
3.76750000E+003, 4.37225355E+001
3.77000000E+003, 4.38056774E+001
3.77250000E+003, 4.32107040E+001
3.77500000E+003, 4.31845714E+001
3.77750000E+003, 4.31483198E+001
3.78000000E+003, 4.32456991E+001
3.78250000E+003, 4.32842357E+001
3.78500000E+003, 4.32221332E+001
3.78750000E+003, 4.32641976E+001
3.79000000E+003, 4.31785657E+001
3.79250000E+003, 4.32000129E+001
3.79500000E+003, 4.31354914E+001
3.79750000E+003, 4.31308120E+001
3.80000000E+003, 4.31906871E+001
3.80250000E+003, 4.31101734E+001
3.80500000E+003, 4.31592793E+001
3.80750000E+003, 4.31214730E+001
3.81000000E+003, 4.31746398E+001
3.81250000E+003, 4.30766636E+001
3.81500000E+003, 4.31833994E+001
3.81750000E+003, 4.31480745E+001
3.82000000E+003, 4.32317440E+001
3.82250000E+003, 4.31464139E+001
3.82500000E+003, 4.30192252E+001
3.82750000E+003, 4.30194237E+001
3.83000000E+003, 4.31674446E+001
3.83250000E+003, 4.31602128E+001
3.83500000E+003, 4.31956898E+001
3.83750000E+003, 4.31980142E+001
3.84000000E+003, 4.31487454E+001
3.84250000E+003, 4.32304295E+001
3.84500000E+003, 4.32912886E+001
3.84750000E+003, 4.32864960E+001
3.85000000E+003, 4.32384264E+001
3.85250000E+003, 4.33407420E+001
3.85500000E+003, 4.33215652E+001
3.85750000E+003, 4.33061496E+001
3.86000000E+003, 4.33510883E+001
3.86250000E+003, 4.34601298E+001
3.86500000E+003, 4.34267288E+001
3.86750000E+003, 4.33644973E+001
3.87000000E+003, 4.33821452E+001
3.87250000E+003, 4.33045741E+001
3.87500000E+003, 4.34078327E+001
3.87750000E+003, 4.34053272E+001
3.88000000E+003, 4.34827884E+001
3.88250000E+003, 4.36065527E+001
3.88500000E+003, 4.35638678E+001
3.88750000E+003, 4.36611248E+001
3.89000000E+003, 4.36306715E+001
3.89250000E+003, 4.37522320E+001
3.89500000E+003, 4.37092887E+001
3.89750000E+003, 4.39420720E+001
3.90000000E+003, 4.38554599E+001
3.90250000E+003, 4.40503204E+001
3.90500000E+003, 4.38818355E+001
3.90750000E+003, 4.39929006E+001
3.91000000E+003, 4.40039773E+001
3.91250000E+003, 4.40030940E+001
3.91500000E+003, 4.40808818E+001
3.91750000E+003, 4.40729123E+001
3.92000000E+003, 4.40885648E+001
3.92250000E+003, 4.41372462E+001
3.92500000E+003, 4.41979194E+001
3.92750000E+003, 4.42948171E+001
3.93000000E+003, 4.44305004E+001
3.93250000E+003, 4.44575792E+001
3.93500000E+003, 4.44394266E+001
3.93750000E+003, 4.44817874E+001
3.94000000E+003, 4.44923079E+001
3.94250000E+003, 4.45048051E+001
3.94500000E+003, 4.46032766E+001
3.94750000E+003, 4.46312973E+001
3.95000000E+003, 4.47495798E+001
3.95250000E+003, 4.48230140E+001
3.95500000E+003, 4.48341547E+001
3.95750000E+003, 4.47466562E+001
3.96000000E+003, 4.49470750E+001
3.96250000E+003, 4.50154845E+001
3.96500000E+003, 4.50388206E+001
3.96750000E+003, 4.52420681E+001
3.97000000E+003, 4.52375647E+001
3.97250000E+003, 4.54167464E+001
3.97500000E+003, 4.54146467E+001
3.97750000E+003, 4.54250011E+001
3.98000000E+003, 4.56458308E+001
3.98250000E+003, 4.56262297E+001
3.98500000E+003, 4.57457691E+001
3.98750000E+003, 4.57341368E+001
3.99000000E+003, 4.59711354E+001
3.99250000E+003, 4.59941160E+001
3.99500000E+003, 4.61342704E+001
3.99750000E+003, 4.61222192E+001
4.00000000E+003, 4.64252364E+001
