Label:, CH1-2: é¸îgêîâûìöä÷êî
DateTime:, Thu Feb 08 16:41:17 2018
DataKind:, CH1-2, FRF, Mag
DataPoints:, 1601
DataCalc:, H1
Frequency:, 0.000 , 4000.000, Hz
Sample:, 4096, Internal
Average:, 3, Power/Sum
Voltage(CH1):, -20.000, dBVrms
Voltage(CH2):, -10.000, dBVrms
EU/V(CH1):, 3.757E+001
EU/V(CH2):, 1.088E+003
Window(CH1):, Rect
Window(CH2):, Rect
X-AxisScale:, Lin
X-AxisUnit:, Hz
Y-AxisScale:, Log
Y-AxisUnit:, m/s2/N
Y-AxisMagniude:
0.00000000E+000, 3.46582718E+001
2.50000000E+000, 1.67128740E+001
5.00000000E+000, 1.18493716E+001
7.50000000E+000, 9.88989535E+000
1.00000000E+001, 5.39600987E+000
1.25000000E+001, 1.27341062E+001
1.50000000E+001, 2.46798733E+000
1.75000000E+001, 3.42852702E+000
2.00000000E+001, 6.31882614E+000
2.25000000E+001, 8.46388673E+000
2.50000000E+001, 4.30465425E+000
2.75000000E+001, 6.95833795E+000
3.00000000E+001, 4.53321827E+000
3.25000000E+001, 2.89552530E+000
3.50000000E+001, 2.59234706E+000
3.75000000E+001, 1.84128808E+000
4.00000000E+001, 2.08950975E+000
4.25000000E+001, 3.35514850E+000
4.50000000E+001, 2.31146533E+000
4.75000000E+001, 3.95748538E-001
5.00000000E+001, 3.02944438E+000
5.25000000E+001, 2.46628622E+000
5.50000000E+001, 1.22559094E+000
5.75000000E+001, 2.08762457E+000
6.00000000E+001, 2.27879091E+000
6.25000000E+001, 2.21347774E+000
6.50000000E+001, 1.21575325E+000
6.75000000E+001, 2.67086120E+000
7.00000000E+001, 2.05201677E+000
7.25000000E+001, 2.04932695E+000
7.50000000E+001, 2.42459741E+000
7.75000000E+001, 3.52802510E+000
8.00000000E+001, 1.61964555E+000
8.25000000E+001, 1.74860866E+000
8.50000000E+001, 2.10117294E+000
8.75000000E+001, 1.26726787E+000
9.00000000E+001, 3.55893735E+000
9.25000000E+001, 1.31468055E+000
9.50000000E+001, 1.39286492E+000
9.75000000E+001, 6.71499691E-001
1.00000000E+002, 1.43999171E+000
1.02500000E+002, 2.81687930E+000
1.05000000E+002, -1.59665562E-001
1.07500000E+002, 1.45156070E+000
1.10000000E+002, 4.85417990E+000
1.12500000E+002, 3.45636958E+000
1.15000000E+002, 1.50899793E+000
1.17500000E+002, 1.83396685E+000
1.20000000E+002, 1.20608854E+000
1.22500000E+002, 7.57876333E-001
1.25000000E+002, -2.41481084E+000
1.27500000E+002, -3.01507621E+000
1.30000000E+002, -1.55660348E+000
1.32500000E+002, 6.81152099E-002
1.35000000E+002, 6.79707399E-001
1.37500000E+002, 1.26718512E+000
1.40000000E+002, 9.56689089E+000
1.42500000E+002, 2.53323187E+001
1.45000000E+002, 1.55264395E+001
1.47500000E+002, 1.10614764E+001
1.50000000E+002, 8.87535492E+000
1.52500000E+002, 8.43553766E+000
1.55000000E+002, 7.98456022E+000
1.57500000E+002, 7.51600732E+000
1.60000000E+002, 6.26037906E+000
1.62500000E+002, 6.86388003E+000
1.65000000E+002, 5.46985732E+000
1.67500000E+002, 4.77627324E+000
1.70000000E+002, 5.05948803E+000
1.72500000E+002, 5.14998233E+000
1.75000000E+002, 2.98298505E+000
1.77500000E+002, 3.14030837E+000
1.80000000E+002, 3.75640289E+000
1.82500000E+002, 4.00841493E+000
1.85000000E+002, 5.12431765E+000
1.87500000E+002, 3.53376462E+000
1.90000000E+002, 5.08377109E+000
1.92500000E+002, 4.98763294E+000
1.95000000E+002, 5.40042266E+000
1.97500000E+002, 5.42029696E+000
2.00000000E+002, 3.20652694E+000
2.02500000E+002, 4.18760298E+000
2.05000000E+002, 3.12485567E+000
2.07500000E+002, 4.23804003E+000
2.10000000E+002, 4.29773190E+000
2.12500000E+002, 2.15116256E+000
2.15000000E+002, 2.12293770E+000
2.17500000E+002, 4.22317457E+000
2.20000000E+002, 7.51557758E-001
2.22500000E+002, 3.23438591E+000
2.25000000E+002, 3.87538507E+000
2.27500000E+002, 2.81114642E+000
2.30000000E+002, 4.14427911E+000
2.32500000E+002, 2.93093054E+000
2.35000000E+002, 3.75377782E+000
2.37500000E+002, 1.79891213E+000
2.40000000E+002, 3.09601278E+000
2.42500000E+002, 2.75935463E+000
2.45000000E+002, 1.44233412E+000
2.47500000E+002, 3.52242891E+000
2.50000000E+002, 4.01848175E+000
2.52500000E+002, 2.70811288E+000
2.55000000E+002, 1.34361232E+000
2.57500000E+002, 3.21898812E+000
2.60000000E+002, 1.52670874E+000
2.62500000E+002, 2.90358806E+000
2.65000000E+002, 1.57462940E+000
2.67500000E+002, 2.98926255E+000
2.70000000E+002, 3.12619524E+000
2.72500000E+002, 3.40911760E+000
2.75000000E+002, 2.25283166E+000
2.77500000E+002, 2.06665422E+000
2.80000000E+002, 4.56455215E+000
2.82500000E+002, 2.79007803E+000
2.85000000E+002, 2.13900413E+000
2.87500000E+002, 3.39757215E+000
2.90000000E+002, 3.45052960E+000
2.92500000E+002, 4.38779003E+000
2.95000000E+002, 4.82388422E+000
2.97500000E+002, 4.63374867E+000
3.00000000E+002, 5.18900451E+000
3.02500000E+002, 5.70195097E+000
3.05000000E+002, 5.92117867E+000
3.07500000E+002, 5.46452080E+000
3.10000000E+002, 6.16618347E+000
3.12500000E+002, 5.27697599E+000
3.15000000E+002, 6.52340813E+000
3.17500000E+002, 5.86709409E+000
3.20000000E+002, 6.65391898E+000
3.22500000E+002, 6.64172806E+000
3.25000000E+002, 7.69095738E+000
3.27500000E+002, 7.68244836E+000
3.30000000E+002, 8.18438306E+000
3.32500000E+002, 7.80117474E+000
3.35000000E+002, 8.94972181E+000
3.37500000E+002, 9.19803750E+000
3.40000000E+002, 9.66082938E+000
3.42500000E+002, 9.73198945E+000
3.45000000E+002, 1.01442532E+001
3.47500000E+002, 1.05926535E+001
3.50000000E+002, 1.07596061E+001
3.52500000E+002, 1.08207194E+001
3.55000000E+002, 1.13732529E+001
3.57500000E+002, 1.17132412E+001
3.60000000E+002, 1.17544049E+001
3.62500000E+002, 1.20124741E+001
3.65000000E+002, 1.20392473E+001
3.67500000E+002, 1.28317905E+001
3.70000000E+002, 1.28039238E+001
3.72500000E+002, 1.30799177E+001
3.75000000E+002, 1.34012729E+001
3.77500000E+002, 1.35943826E+001
3.80000000E+002, 1.38076419E+001
3.82500000E+002, 1.42283369E+001
3.85000000E+002, 1.44649401E+001
3.87500000E+002, 1.45316086E+001
3.90000000E+002, 1.50370724E+001
3.92500000E+002, 1.49318518E+001
3.95000000E+002, 1.50674731E+001
3.97500000E+002, 1.55686022E+001
4.00000000E+002, 1.60020754E+001
4.02500000E+002, 1.62617227E+001
4.05000000E+002, 1.65721056E+001
4.07500000E+002, 1.65702010E+001
4.10000000E+002, 1.69680977E+001
4.12500000E+002, 1.71418718E+001
4.15000000E+002, 1.71360641E+001
4.17500000E+002, 1.75032167E+001
4.20000000E+002, 1.76608650E+001
4.22500000E+002, 1.80803163E+001
4.25000000E+002, 1.82226484E+001
4.27500000E+002, 1.84709182E+001
4.30000000E+002, 1.86836530E+001
4.32500000E+002, 1.88831910E+001
4.35000000E+002, 1.93176571E+001
4.37500000E+002, 1.93321342E+001
4.40000000E+002, 1.97355268E+001
4.42500000E+002, 2.01762782E+001
4.45000000E+002, 2.02702536E+001
4.47500000E+002, 2.06812483E+001
4.50000000E+002, 2.09495104E+001
4.52500000E+002, 2.11497636E+001
4.55000000E+002, 2.15680170E+001
4.57500000E+002, 2.17556106E+001
4.60000000E+002, 2.18661181E+001
4.62500000E+002, 2.22800997E+001
4.65000000E+002, 2.26367074E+001
4.67500000E+002, 2.26918176E+001
4.70000000E+002, 2.29368878E+001
4.72500000E+002, 2.32095606E+001
4.75000000E+002, 2.34718930E+001
4.77500000E+002, 2.38259380E+001
4.80000000E+002, 2.43461427E+001
4.82500000E+002, 2.48006452E+001
4.85000000E+002, 2.53796083E+001
4.87500000E+002, 2.60518206E+001
4.90000000E+002, 2.65430483E+001
4.92500000E+002, 2.69577949E+001
4.95000000E+002, 2.74832196E+001
4.97500000E+002, 2.79569061E+001
5.00000000E+002, 2.85399300E+001
5.02500000E+002, 2.91869635E+001
5.05000000E+002, 2.98811066E+001
5.07500000E+002, 3.07188956E+001
5.10000000E+002, 3.16500307E+001
5.12500000E+002, 3.26075555E+001
5.15000000E+002, 3.37063988E+001
5.17500000E+002, 3.50209133E+001
5.20000000E+002, 3.67058239E+001
5.22500000E+002, 3.85907899E+001
5.25000000E+002, 4.11876846E+001
5.27500000E+002, 4.49786653E+001
5.30000000E+002, 5.20541698E+001
5.32500000E+002, 6.15551147E+001
5.35000000E+002, 4.83742246E+001
5.37500000E+002, 4.32458667E+001
5.40000000E+002, 3.99348704E+001
5.42500000E+002, 3.75548907E+001
5.45000000E+002, 3.56126107E+001
5.47500000E+002, 3.40509003E+001
5.50000000E+002, 3.26403160E+001
5.52500000E+002, 3.13505357E+001
5.55000000E+002, 3.03513183E+001
5.57500000E+002, 2.93201556E+001
5.60000000E+002, 2.84082736E+001
5.62500000E+002, 2.74790810E+001
5.65000000E+002, 2.67211086E+001
5.67500000E+002, 2.59624451E+001
5.70000000E+002, 2.54745154E+001
5.72500000E+002, 2.48235372E+001
5.75000000E+002, 2.43580290E+001
5.77500000E+002, 2.36976370E+001
5.80000000E+002, 2.32803095E+001
5.82500000E+002, 2.27591922E+001
5.85000000E+002, 2.23547828E+001
5.87500000E+002, 2.20341432E+001
5.90000000E+002, 2.14736525E+001
5.92500000E+002, 2.10923032E+001
5.95000000E+002, 2.08158997E+001
5.97500000E+002, 2.04415144E+001
6.00000000E+002, 1.99257426E+001
6.02500000E+002, 1.95646482E+001
6.05000000E+002, 1.92859814E+001
6.07500000E+002, 1.87888611E+001
6.10000000E+002, 1.83331473E+001
6.12500000E+002, 1.80584594E+001
6.15000000E+002, 1.77820062E+001
6.17500000E+002, 1.76721729E+001
6.20000000E+002, 1.71313897E+001
6.22500000E+002, 1.71053860E+001
6.25000000E+002, 1.67442004E+001
6.27500000E+002, 1.63437738E+001
6.30000000E+002, 1.64890891E+001
6.32500000E+002, 1.59310820E+001
6.35000000E+002, 1.56741506E+001
6.37500000E+002, 1.54549552E+001
6.40000000E+002, 1.50357744E+001
6.42500000E+002, 1.48354196E+001
6.45000000E+002, 1.45963965E+001
6.47500000E+002, 1.43339876E+001
6.50000000E+002, 1.42742048E+001
6.52500000E+002, 1.38263643E+001
6.55000000E+002, 1.35379767E+001
6.57500000E+002, 1.33016283E+001
6.60000000E+002, 1.30101691E+001
6.62500000E+002, 1.26911280E+001
6.65000000E+002, 1.24764210E+001
6.67500000E+002, 1.21448548E+001
6.70000000E+002, 1.17674685E+001
6.72500000E+002, 1.17248345E+001
6.75000000E+002, 1.12649079E+001
6.77500000E+002, 1.04757333E+001
6.80000000E+002, 9.66786427E+000
6.82500000E+002, 9.63554737E+000
6.85000000E+002, 9.39418782E+000
6.87500000E+002, 8.46543324E+000
6.90000000E+002, 8.13118166E+000
6.92500000E+002, 7.16294348E+000
6.95000000E+002, 6.91428244E+000
6.97500000E+002, 5.68822633E+000
7.00000000E+002, 4.11650434E+000
7.02500000E+002, 4.39611194E+000
7.05000000E+002, 2.65692823E+000
7.07500000E+002, 1.13426903E+000
7.10000000E+002, 8.46908980E-002
7.12500000E+002, -2.52772987E+000
7.15000000E+002, -5.31136358E+000
7.17500000E+002, -9.98065740E+000
7.20000000E+002, -1.11250756E+001
7.22500000E+002, -1.27018144E+001
7.25000000E+002, -8.28832559E+000
7.27500000E+002, -4.36818019E+000
7.30000000E+002, -7.02080989E-001
7.32500000E+002, -6.18278903E-002
7.35000000E+002, 3.46183545E+000
7.37500000E+002, 5.69559360E+000
7.40000000E+002, 6.37972172E+000
7.42500000E+002, 6.78878960E+000
7.45000000E+002, 8.86772881E+000
7.47500000E+002, 9.46130840E+000
7.50000000E+002, 1.01794836E+001
7.52500000E+002, 1.13162405E+001
7.55000000E+002, 1.22853854E+001
7.57500000E+002, 1.29895583E+001
7.60000000E+002, 1.37994250E+001
7.62500000E+002, 1.46908736E+001
7.65000000E+002, 1.52397336E+001
7.67500000E+002, 1.57280889E+001
7.70000000E+002, 1.66947355E+001
7.72500000E+002, 1.73606841E+001
7.75000000E+002, 1.77631584E+001
7.77500000E+002, 1.83701338E+001
7.80000000E+002, 1.90692073E+001
7.82500000E+002, 1.96303060E+001
7.85000000E+002, 2.01242826E+001
7.87500000E+002, 2.06253545E+001
7.90000000E+002, 2.12164159E+001
7.92500000E+002, 2.16553839E+001
7.95000000E+002, 2.23071041E+001
7.97500000E+002, 2.28959668E+001
8.00000000E+002, 2.34149140E+001
8.02500000E+002, 2.40213791E+001
8.05000000E+002, 2.46062654E+001
8.07500000E+002, 2.52732370E+001
8.10000000E+002, 2.56215769E+001
8.12500000E+002, 2.63473163E+001
8.15000000E+002, 2.70203014E+001
8.17500000E+002, 2.74325605E+001
8.20000000E+002, 2.80597110E+001
8.22500000E+002, 2.87417077E+001
8.25000000E+002, 2.95253102E+001
8.27500000E+002, 3.01448029E+001
8.30000000E+002, 3.08938979E+001
8.32500000E+002, 3.16960448E+001
8.35000000E+002, 3.25324646E+001
8.37500000E+002, 3.34241897E+001
8.40000000E+002, 3.43209338E+001
8.42500000E+002, 3.52824453E+001
8.45000000E+002, 3.62618553E+001
8.47500000E+002, 3.74389004E+001
8.50000000E+002, 3.85626016E+001
8.52500000E+002, 4.00756534E+001
8.55000000E+002, 4.15615372E+001
8.57500000E+002, 4.33413704E+001
8.60000000E+002, 4.54287262E+001
8.62500000E+002, 4.79412180E+001
8.65000000E+002, 5.07021672E+001
8.67500000E+002, 5.27341304E+001
8.70000000E+002, 5.19886336E+001
8.72500000E+002, 4.92841358E+001
8.75000000E+002, 4.68507292E+001
8.77500000E+002, 4.48740531E+001
8.80000000E+002, 4.32507116E+001
8.82500000E+002, 4.18942588E+001
8.85000000E+002, 4.07307124E+001
8.87500000E+002, 3.97186264E+001
8.90000000E+002, 3.88355758E+001
8.92500000E+002, 3.80059476E+001
8.95000000E+002, 3.73641043E+001
8.97500000E+002, 3.66621537E+001
9.00000000E+002, 3.60512681E+001
9.02500000E+002, 3.55507953E+001
9.05000000E+002, 3.50824567E+001
9.07500000E+002, 3.46115825E+001
9.10000000E+002, 3.41873967E+001
9.12500000E+002, 3.38629910E+001
9.15000000E+002, 3.34993858E+001
9.17500000E+002, 3.31786790E+001
9.20000000E+002, 3.28705169E+001
9.22500000E+002, 3.26577043E+001
9.25000000E+002, 3.23389664E+001
9.27500000E+002, 3.20435530E+001
9.30000000E+002, 3.17691535E+001
9.32500000E+002, 3.15237760E+001
9.35000000E+002, 3.12758190E+001
9.37500000E+002, 3.10832218E+001
9.40000000E+002, 3.09098535E+001
9.42500000E+002, 3.06844148E+001
9.45000000E+002, 3.05127093E+001
9.47500000E+002, 3.02895231E+001
9.50000000E+002, 3.01300159E+001
9.52500000E+002, 2.99873828E+001
9.55000000E+002, 2.98505412E+001
9.57500000E+002, 2.96549499E+001
9.60000000E+002, 2.95320705E+001
9.62500000E+002, 2.94100380E+001
9.65000000E+002, 2.93112249E+001
9.67500000E+002, 2.91691612E+001
9.70000000E+002, 2.90876669E+001
9.72500000E+002, 2.89314584E+001
9.75000000E+002, 2.88315983E+001
9.77500000E+002, 2.87282729E+001
9.80000000E+002, 2.86147093E+001
9.82500000E+002, 2.85381881E+001
9.85000000E+002, 2.84187640E+001
9.87500000E+002, 2.83712335E+001
9.90000000E+002, 2.82569899E+001
9.92500000E+002, 2.81641755E+001
9.95000000E+002, 2.80292494E+001
9.97500000E+002, 2.79967441E+001
1.00000000E+003, 2.79360083E+001
1.00250000E+003, 2.78481677E+001
1.00500000E+003, 2.78242197E+001
1.00750000E+003, 2.77730126E+001
1.01000000E+003, 2.77586429E+001
1.01250000E+003, 2.76842269E+001
1.01500000E+003, 2.76330705E+001
1.01750000E+003, 2.75051762E+001
1.02000000E+003, 2.74087143E+001
1.02250000E+003, 2.73954106E+001
1.02500000E+003, 2.73293015E+001
1.02750000E+003, 2.72783839E+001
1.03000000E+003, 2.71653571E+001
1.03250000E+003, 2.71630899E+001
1.03500000E+003, 2.70899869E+001
1.03750000E+003, 2.70490014E+001
1.04000000E+003, 2.69999291E+001
1.04250000E+003, 2.69889366E+001
1.04500000E+003, 2.69038116E+001
1.04750000E+003, 2.68689227E+001
1.05000000E+003, 2.68406258E+001
1.05250000E+003, 2.68148335E+001
1.05500000E+003, 2.67898106E+001
1.05750000E+003, 2.67170382E+001
1.06000000E+003, 2.67605733E+001
1.06250000E+003, 2.66993261E+001
1.06500000E+003, 2.66290075E+001
1.06750000E+003, 2.65629243E+001
1.07000000E+003, 2.65295496E+001
1.07250000E+003, 2.65620682E+001
1.07500000E+003, 2.65427330E+001
1.07750000E+003, 2.65387184E+001
1.08000000E+003, 2.65100280E+001
1.08250000E+003, 2.65016049E+001
1.08500000E+003, 2.64978222E+001
1.08750000E+003, 2.64188073E+001
1.09000000E+003, 2.64687895E+001
1.09250000E+003, 2.64324108E+001
1.09500000E+003, 2.63907622E+001
1.09750000E+003, 2.63640714E+001
1.10000000E+003, 2.63222095E+001
1.10250000E+003, 2.63697281E+001
1.10500000E+003, 2.63068204E+001
1.10750000E+003, 2.62963905E+001
1.11000000E+003, 2.62983826E+001
1.11250000E+003, 2.63164120E+001
1.11500000E+003, 2.62514543E+001
1.11750000E+003, 2.62167320E+001
1.12000000E+003, 2.62374636E+001
1.12250000E+003, 2.62202508E+001
1.12500000E+003, 2.62890685E+001
1.12750000E+003, 2.62945063E+001
1.13000000E+003, 2.62560509E+001
1.13250000E+003, 2.62479830E+001
1.13500000E+003, 2.62729774E+001
1.13750000E+003, 2.62429431E+001
1.14000000E+003, 2.62623301E+001
1.14250000E+003, 2.62340846E+001
1.14500000E+003, 2.63106761E+001
1.14750000E+003, 2.63279132E+001
1.15000000E+003, 2.62147077E+001
1.15250000E+003, 2.63348001E+001
1.15500000E+003, 2.63241126E+001
1.15750000E+003, 2.62512922E+001
1.16000000E+003, 2.63120582E+001
1.16250000E+003, 2.63027244E+001
1.16500000E+003, 2.63397426E+001
1.16750000E+003, 2.62665342E+001
1.17000000E+003, 2.64044164E+001
1.17250000E+003, 2.63045125E+001
1.17500000E+003, 2.63278113E+001
1.17750000E+003, 2.63514942E+001
1.18000000E+003, 2.62787298E+001
1.18250000E+003, 2.63076582E+001
1.18500000E+003, 2.63506719E+001
1.18750000E+003, 2.63003350E+001
1.19000000E+003, 2.63107366E+001
1.19250000E+003, 2.63789905E+001
1.19500000E+003, 2.63938185E+001
1.19750000E+003, 2.64161392E+001
1.20000000E+003, 2.63698069E+001
1.20250000E+003, 2.64196301E+001
1.20500000E+003, 2.64448298E+001
1.20750000E+003, 2.63965319E+001
1.21000000E+003, 2.64113780E+001
1.21250000E+003, 2.65370918E+001
1.21500000E+003, 2.65123881E+001
1.21750000E+003, 2.65742251E+001
1.22000000E+003, 2.65560078E+001
1.22250000E+003, 2.65535015E+001
1.22500000E+003, 2.65826434E+001
1.22750000E+003, 2.65447660E+001
1.23000000E+003, 2.65484611E+001
1.23250000E+003, 2.65417187E+001
1.23500000E+003, 2.66043331E+001
1.23750000E+003, 2.66102296E+001
1.24000000E+003, 2.66122581E+001
1.24250000E+003, 2.66356963E+001
1.24500000E+003, 2.66471426E+001
1.24750000E+003, 2.66769518E+001
1.25000000E+003, 2.66696312E+001
1.25250000E+003, 2.67346804E+001
1.25500000E+003, 2.67165959E+001
1.25750000E+003, 2.67880095E+001
1.26000000E+003, 2.67735222E+001
1.26250000E+003, 2.68518651E+001
1.26500000E+003, 2.68647109E+001
1.26750000E+003, 2.69007048E+001
1.27000000E+003, 2.69237604E+001
1.27250000E+003, 2.68936255E+001
1.27500000E+003, 2.70384117E+001
1.27750000E+003, 2.70251825E+001
1.28000000E+003, 2.70396404E+001
1.28250000E+003, 2.71014961E+001
1.28500000E+003, 2.71531774E+001
1.28750000E+003, 2.71774621E+001
1.29000000E+003, 2.72552920E+001
1.29250000E+003, 2.72813151E+001
1.29500000E+003, 2.73237565E+001
1.29750000E+003, 2.74035334E+001
1.30000000E+003, 2.74807441E+001
1.30250000E+003, 2.75031941E+001
1.30500000E+003, 2.76285556E+001
1.30750000E+003, 2.77240950E+001
1.31000000E+003, 2.78205710E+001
1.31250000E+003, 2.79748069E+001
1.31500000E+003, 2.80808963E+001
1.31750000E+003, 2.81952217E+001
1.32000000E+003, 2.84202020E+001
1.32250000E+003, 2.85427816E+001
1.32500000E+003, 2.87958831E+001
1.32750000E+003, 2.91364864E+001
1.33000000E+003, 2.96027003E+001
1.33250000E+003, 3.02665165E+001
1.33500000E+003, 3.13968327E+001
1.33750000E+003, 3.36094385E+001
1.34000000E+003, 3.88449772E+001
1.34250000E+003, 2.56784351E+001
1.34500000E+003, 1.24477124E+001
1.34750000E+003, 2.07833050E+001
1.35000000E+003, 2.30312612E+001
1.35250000E+003, 2.41772468E+001
1.35500000E+003, 2.48213869E+001
1.35750000E+003, 2.52208297E+001
1.36000000E+003, 2.55974931E+001
1.36250000E+003, 2.58863517E+001
1.36500000E+003, 2.60758247E+001
1.36750000E+003, 2.62580215E+001
1.37000000E+003, 2.63963371E+001
1.37250000E+003, 2.65327910E+001
1.37500000E+003, 2.66805536E+001
1.37750000E+003, 2.68188411E+001
1.38000000E+003, 2.69202749E+001
1.38250000E+003, 2.69551580E+001
1.38500000E+003, 2.70701494E+001
1.38750000E+003, 2.71951038E+001
1.39000000E+003, 2.72449727E+001
1.39250000E+003, 2.73521515E+001
1.39500000E+003, 2.74470339E+001
1.39750000E+003, 2.75076760E+001
1.40000000E+003, 2.75965572E+001
1.40250000E+003, 2.76216877E+001
1.40500000E+003, 2.77136842E+001
1.40750000E+003, 2.77823306E+001
1.41000000E+003, 2.78213315E+001
1.41250000E+003, 2.78825155E+001
1.41500000E+003, 2.79547836E+001
1.41750000E+003, 2.79906180E+001
1.42000000E+003, 2.80859658E+001
1.42250000E+003, 2.81140517E+001
1.42500000E+003, 2.82126130E+001
1.42750000E+003, 2.82782632E+001
1.43000000E+003, 2.82913484E+001
1.43250000E+003, 2.83481677E+001
1.43500000E+003, 2.84112371E+001
1.43750000E+003, 2.84582093E+001
1.44000000E+003, 2.85772312E+001
1.44250000E+003, 2.86116899E+001
1.44500000E+003, 2.86314628E+001
1.44750000E+003, 2.87294274E+001
1.45000000E+003, 2.87680100E+001
1.45250000E+003, 2.88315154E+001
1.45500000E+003, 2.88961185E+001
1.45750000E+003, 2.89414478E+001
1.46000000E+003, 2.90383199E+001
1.46250000E+003, 2.91070405E+001
1.46500000E+003, 2.91329788E+001
1.46750000E+003, 2.92089813E+001
1.47000000E+003, 2.92592331E+001
1.47250000E+003, 2.93530091E+001
1.47500000E+003, 2.93611402E+001
1.47750000E+003, 2.94401164E+001
1.48000000E+003, 2.95049428E+001
1.48250000E+003, 2.95162574E+001
1.48500000E+003, 2.96562047E+001
1.48750000E+003, 2.96983005E+001
1.49000000E+003, 2.97877283E+001
1.49250000E+003, 2.98354362E+001
1.49500000E+003, 2.98314517E+001
1.49750000E+003, 2.98633133E+001
1.50000000E+003, 3.00195271E+001
1.50250000E+003, 3.00553392E+001
1.50500000E+003, 3.01261641E+001
1.50750000E+003, 3.02096037E+001
1.51000000E+003, 3.02726861E+001
1.51250000E+003, 3.02515640E+001
1.51500000E+003, 3.03018969E+001
1.51750000E+003, 3.04156167E+001
1.52000000E+003, 3.04395822E+001
1.52250000E+003, 3.05609558E+001
1.52500000E+003, 3.06282106E+001
1.52750000E+003, 3.06732618E+001
1.53000000E+003, 3.07333522E+001
1.53250000E+003, 3.08057840E+001
1.53500000E+003, 3.08881073E+001
1.53750000E+003, 3.09585034E+001
1.54000000E+003, 3.10088683E+001
1.54250000E+003, 3.10664541E+001
1.54500000E+003, 3.11813562E+001
1.54750000E+003, 3.12104294E+001
1.55000000E+003, 3.12911827E+001
1.55250000E+003, 3.13727037E+001
1.55500000E+003, 3.14415707E+001
1.55750000E+003, 3.14704188E+001
1.56000000E+003, 3.15573939E+001
1.56250000E+003, 3.16010644E+001
1.56500000E+003, 3.16714203E+001
1.56750000E+003, 3.16985690E+001
1.57000000E+003, 3.18177452E+001
1.57250000E+003, 3.18486007E+001
1.57500000E+003, 3.19932184E+001
1.57750000E+003, 3.20311987E+001
1.58000000E+003, 3.20804790E+001
1.58250000E+003, 3.21600470E+001
1.58500000E+003, 3.22284369E+001
1.58750000E+003, 3.23030239E+001
1.59000000E+003, 3.24253937E+001
1.59250000E+003, 3.24849995E+001
1.59500000E+003, 3.25588657E+001
1.59750000E+003, 3.26489996E+001
1.60000000E+003, 3.27486375E+001
1.60250000E+003, 3.28108099E+001
1.60500000E+003, 3.28708788E+001
1.60750000E+003, 3.29950437E+001
1.61000000E+003, 3.30857067E+001
1.61250000E+003, 3.31733985E+001
1.61500000E+003, 3.32385869E+001
1.61750000E+003, 3.32783932E+001
1.62000000E+003, 3.33622025E+001
1.62250000E+003, 3.34907667E+001
1.62500000E+003, 3.35519622E+001
1.62750000E+003, 3.36284992E+001
1.63000000E+003, 3.37533978E+001
1.63250000E+003, 3.38800410E+001
1.63500000E+003, 3.39644374E+001
1.63750000E+003, 3.40533931E+001
1.64000000E+003, 3.41551380E+001
1.64250000E+003, 3.42547897E+001
1.64500000E+003, 3.43727023E+001
1.64750000E+003, 3.44620838E+001
1.65000000E+003, 3.45985737E+001
1.65250000E+003, 3.46940018E+001
1.65500000E+003, 3.48083581E+001
1.65750000E+003, 3.49530139E+001
1.66000000E+003, 3.50615890E+001
1.66250000E+003, 3.51392501E+001
1.66500000E+003, 3.52571398E+001
1.66750000E+003, 3.53838075E+001
1.67000000E+003, 3.54868794E+001
1.67250000E+003, 3.56215390E+001
1.67500000E+003, 3.57213203E+001
1.67750000E+003, 3.58481002E+001
1.68000000E+003, 3.60304568E+001
1.68250000E+003, 3.61480106E+001
1.68500000E+003, 3.63070793E+001
1.68750000E+003, 3.64462916E+001
1.69000000E+003, 3.65970883E+001
1.69250000E+003, 3.67208161E+001
1.69500000E+003, 3.69056309E+001
1.69750000E+003, 3.70293308E+001
1.70000000E+003, 3.72203034E+001
1.70250000E+003, 3.73613740E+001
1.70500000E+003, 3.74908040E+001
1.70750000E+003, 3.76772613E+001
1.71000000E+003, 3.78098504E+001
1.71250000E+003, 3.80019249E+001
1.71500000E+003, 3.81655707E+001
1.71750000E+003, 3.83503920E+001
1.72000000E+003, 3.85350785E+001
1.72250000E+003, 3.87137058E+001
1.72500000E+003, 3.88734712E+001
1.72750000E+003, 3.90865950E+001
1.73000000E+003, 3.93057174E+001
1.73250000E+003, 3.94667981E+001
1.73500000E+003, 3.96568345E+001
1.73750000E+003, 3.98417038E+001
1.74000000E+003, 4.00638974E+001
1.74250000E+003, 4.03141478E+001
1.74500000E+003, 4.05460397E+001
1.74750000E+003, 4.08035876E+001
1.75000000E+003, 4.10356896E+001
1.75250000E+003, 4.13353763E+001
1.75500000E+003, 4.15931347E+001
1.75750000E+003, 4.18945207E+001
1.76000000E+003, 4.21514368E+001
1.76250000E+003, 4.24394452E+001
1.76500000E+003, 4.27596573E+001
1.76750000E+003, 4.31296217E+001
1.77000000E+003, 4.34897874E+001
1.77250000E+003, 4.38233524E+001
1.77500000E+003, 4.42286570E+001
1.77750000E+003, 4.46793774E+001
1.78000000E+003, 4.51784368E+001
1.78250000E+003, 4.56953964E+001
1.78500000E+003, 4.63180927E+001
1.78750000E+003, 4.70886789E+001
1.79000000E+003, 4.80554094E+001
1.79250000E+003, 4.95830503E+001
1.79500000E+003, 5.28483537E+001
1.79750000E+003, 5.07125939E+001
1.80000000E+003, 4.24078888E+001
1.80250000E+003, 4.59575298E+001
1.80500000E+003, 4.79175316E+001
1.80750000E+003, 4.94696689E+001
1.81000000E+003, 5.10566134E+001
1.81250000E+003, 5.28789885E+001
1.81500000E+003, 5.51475730E+001
1.81750000E+003, 5.83958115E+001
1.82000000E+003, 6.39503199E+001
1.82250000E+003, 6.69508801E+001
1.82500000E+003, 5.80786139E+001
1.82750000E+003, 5.20915413E+001
1.83000000E+003, 4.69363920E+001
1.83250000E+003, 4.12282384E+001
1.83500000E+003, 3.79086356E+001
1.83750000E+003, 5.22709284E+001
1.84000000E+003, 4.53116835E+001
1.84250000E+003, 3.53888582E+001
1.84500000E+003, 2.26713705E+001
1.84750000E+003, 3.28722100E+001
1.85000000E+003, 3.79936855E+001
1.85250000E+003, 4.10485372E+001
1.85500000E+003, 4.33926766E+001
1.85750000E+003, 4.53925919E+001
1.86000000E+003, 4.72357213E+001
1.86250000E+003, 4.89904268E+001
1.86500000E+003, 5.07559711E+001
1.86750000E+003, 5.27632280E+001
1.87000000E+003, 5.48096234E+001
1.87250000E+003, 5.72859821E+001
1.87500000E+003, 6.03571119E+001
1.87750000E+003, 6.44465901E+001
1.88000000E+003, 6.96898532E+001
1.88250000E+003, 6.85888470E+001
1.88500000E+003, 6.34670159E+001
1.88750000E+003, 5.99784117E+001
1.89000000E+003, 5.75471008E+001
1.89250000E+003, 5.56046506E+001
1.89500000E+003, 5.40625426E+001
1.89750000E+003, 5.27936294E+001
1.90000000E+003, 5.16720926E+001
1.90250000E+003, 5.06544001E+001
1.90500000E+003, 4.98427391E+001
1.90750000E+003, 4.90111698E+001
1.91000000E+003, 4.83129960E+001
1.91250000E+003, 4.76566640E+001
1.91500000E+003, 4.70286326E+001
1.91750000E+003, 4.64313733E+001
1.92000000E+003, 4.58956640E+001
1.92250000E+003, 4.53779977E+001
1.92500000E+003, 4.48758334E+001
1.92750000E+003, 4.44180676E+001
1.93000000E+003, 4.39466526E+001
1.93250000E+003, 4.35788566E+001
1.93500000E+003, 4.31740411E+001
1.93750000E+003, 4.27702836E+001
1.94000000E+003, 4.23606177E+001
1.94250000E+003, 4.19618445E+001
1.94500000E+003, 4.15940098E+001
1.94750000E+003, 4.12004957E+001
1.95000000E+003, 4.08240536E+001
1.95250000E+003, 4.04310170E+001
1.95500000E+003, 4.00091364E+001
1.95750000E+003, 3.95892295E+001
1.96000000E+003, 3.91828202E+001
1.96250000E+003, 3.87387092E+001
1.96500000E+003, 3.80701498E+001
1.96750000E+003, 3.73837061E+001
1.97000000E+003, 3.65724316E+001
1.97250000E+003, 3.55389555E+001
1.97500000E+003, 3.39427730E+001
1.97750000E+003, 3.09893430E+001
1.98000000E+003, 2.77466097E+001
1.98250000E+003, 3.97922390E+001
1.98500000E+003, 5.12062827E+001
1.98750000E+003, 4.63646376E+001
1.99000000E+003, 4.36087253E+001
1.99250000E+003, 4.20331740E+001
1.99500000E+003, 4.10719807E+001
1.99750000E+003, 4.03266562E+001
2.00000000E+003, 3.97371666E+001
2.00250000E+003, 3.92913118E+001
2.00500000E+003, 3.88982630E+001
2.00750000E+003, 3.85203012E+001
2.01000000E+003, 3.82171821E+001
2.01250000E+003, 3.79433624E+001
2.01500000E+003, 3.76734149E+001
2.01750000E+003, 3.74376037E+001
2.02000000E+003, 3.72148339E+001
2.02250000E+003, 3.69936557E+001
2.02500000E+003, 3.67577687E+001
2.02750000E+003, 3.64603867E+001
2.03000000E+003, 3.62476714E+001
2.03250000E+003, 3.60606437E+001
2.03500000E+003, 3.58339847E+001
2.03750000E+003, 3.56724791E+001
2.04000000E+003, 3.54958866E+001
2.04250000E+003, 3.52909443E+001
2.04500000E+003, 3.50822339E+001
2.04750000E+003, 3.49035369E+001
2.05000000E+003, 3.47409122E+001
2.05250000E+003, 3.45161649E+001
2.05500000E+003, 3.43553834E+001
2.05750000E+003, 3.41735580E+001
2.06000000E+003, 3.40433769E+001
2.06250000E+003, 3.38564746E+001
2.06500000E+003, 3.37182272E+001
2.06750000E+003, 3.35180013E+001
2.07000000E+003, 3.33252367E+001
2.07250000E+003, 3.31630495E+001
2.07500000E+003, 3.29909453E+001
2.07750000E+003, 3.28109240E+001
2.08000000E+003, 3.26375604E+001
2.08250000E+003, 3.24131402E+001
2.08500000E+003, 3.22552088E+001
2.08750000E+003, 3.20757037E+001
2.09000000E+003, 3.19140765E+001
2.09250000E+003, 3.17576825E+001
2.09500000E+003, 3.15317632E+001
2.09750000E+003, 3.13749910E+001
2.10000000E+003, 3.12040273E+001
2.10250000E+003, 3.10009714E+001
2.10500000E+003, 3.08317851E+001
2.10750000E+003, 3.07049995E+001
2.11000000E+003, 3.04066467E+001
2.11250000E+003, 3.02571598E+001
2.11500000E+003, 2.99774259E+001
2.11750000E+003, 2.97849214E+001
2.12000000E+003, 2.95859575E+001
2.12250000E+003, 2.93420421E+001
2.12500000E+003, 2.90957911E+001
2.12750000E+003, 2.88428137E+001
2.13000000E+003, 2.86538227E+001
2.13250000E+003, 2.84458933E+001
2.13500000E+003, 2.81408665E+001
2.13750000E+003, 2.79843048E+001
2.14000000E+003, 2.76851639E+001
2.14250000E+003, 2.74140813E+001
2.14500000E+003, 2.71688738E+001
2.14750000E+003, 2.67870278E+001
2.15000000E+003, 2.64895563E+001
2.15250000E+003, 2.62246141E+001
2.15500000E+003, 2.58772186E+001
2.15750000E+003, 2.55797402E+001
2.16000000E+003, 2.53177507E+001
2.16250000E+003, 2.49919533E+001
2.16500000E+003, 2.47437608E+001
2.16750000E+003, 2.42194086E+001
2.17000000E+003, 2.37049744E+001
2.17250000E+003, 2.31403022E+001
2.17500000E+003, 2.26983284E+001
2.17750000E+003, 2.22656887E+001
2.18000000E+003, 2.16551453E+001
2.18250000E+003, 2.11305746E+001
2.18500000E+003, 2.06717095E+001
2.18750000E+003, 2.00369548E+001
2.19000000E+003, 1.94299255E+001
2.19250000E+003, 1.87335123E+001
2.19500000E+003, 1.78798824E+001
2.19750000E+003, 1.67437043E+001
2.20000000E+003, 1.52741704E+001
2.20250000E+003, 1.41087772E+001
2.20500000E+003, 1.33994583E+001
2.20750000E+003, 1.25581878E+001
2.21000000E+003, 1.37954197E+001
2.21250000E+003, 1.64539851E+001
2.21500000E+003, 1.63454990E+001
2.21750000E+003, 1.66009478E+001
2.22000000E+003, 1.70947015E+001
2.22250000E+003, 1.85178136E+001
2.22500000E+003, 1.96682158E+001
2.22750000E+003, 2.10330196E+001
2.23000000E+003, 2.21702187E+001
2.23250000E+003, 2.30707541E+001
2.23500000E+003, 2.40342925E+001
2.23750000E+003, 2.48370593E+001
2.24000000E+003, 2.55790654E+001
2.24250000E+003, 2.64006792E+001
2.24500000E+003, 2.70766263E+001
2.24750000E+003, 2.78031028E+001
2.25000000E+003, 2.86297479E+001
2.25250000E+003, 2.92915555E+001
2.25500000E+003, 2.99579011E+001
2.25750000E+003, 3.05828193E+001
2.26000000E+003, 3.12298904E+001
2.26250000E+003, 3.18429472E+001
2.26500000E+003, 3.25332960E+001
2.26750000E+003, 3.32236054E+001
2.27000000E+003, 3.41172137E+001
2.27250000E+003, 3.46728408E+001
2.27500000E+003, 3.51568913E+001
2.27750000E+003, 3.57061892E+001
2.28000000E+003, 3.63364324E+001
2.28250000E+003, 3.68816219E+001
2.28500000E+003, 3.75176236E+001
2.28750000E+003, 3.81676074E+001
2.29000000E+003, 3.88325093E+001
2.29250000E+003, 3.95145677E+001
2.29500000E+003, 4.01922492E+001
2.29750000E+003, 4.09355495E+001
2.30000000E+003, 4.16177333E+001
2.30250000E+003, 4.23552963E+001
2.30500000E+003, 4.31825932E+001
2.30750000E+003, 4.39808323E+001
2.31000000E+003, 4.48500674E+001
2.31250000E+003, 4.57453259E+001
2.31500000E+003, 4.66296722E+001
2.31750000E+003, 4.75803840E+001
2.32000000E+003, 4.85459769E+001
2.32250000E+003, 4.95671223E+001
2.32500000E+003, 5.06181498E+001
2.32750000E+003, 5.16206629E+001
2.33000000E+003, 5.25593550E+001
2.33250000E+003, 5.32913714E+001
2.33500000E+003, 5.37801108E+001
2.33750000E+003, 5.39356717E+001
2.34000000E+003, 5.37339080E+001
2.34250000E+003, 5.32767844E+001
2.34500000E+003, 5.26267982E+001
2.34750000E+003, 5.18871146E+001
2.35000000E+003, 5.11437529E+001
2.35250000E+003, 5.03698921E+001
2.35500000E+003, 4.97667378E+001
2.35750000E+003, 4.92064565E+001
2.36000000E+003, 4.86224564E+001
2.36250000E+003, 4.81034999E+001
2.36500000E+003, 4.75777211E+001
2.36750000E+003, 4.71104975E+001
2.37000000E+003, 4.66695420E+001
2.37250000E+003, 4.62549894E+001
2.37500000E+003, 4.58928700E+001
2.37750000E+003, 4.55411052E+001
2.38000000E+003, 4.52402756E+001
2.38250000E+003, 4.49762745E+001
2.38500000E+003, 4.46938563E+001
2.38750000E+003, 4.44581065E+001
2.39000000E+003, 4.42461615E+001
2.39250000E+003, 4.40352567E+001
2.39500000E+003, 4.38536001E+001
2.39750000E+003, 4.37070622E+001
2.40000000E+003, 4.35593736E+001
2.40250000E+003, 4.34517447E+001
2.40500000E+003, 4.33410568E+001
2.40750000E+003, 4.32467106E+001
2.41000000E+003, 4.31550669E+001
2.41250000E+003, 4.29744546E+001
2.41500000E+003, 4.28412910E+001
2.41750000E+003, 4.27193776E+001
2.42000000E+003, 4.24541260E+001
2.42250000E+003, 4.19344281E+001
2.42500000E+003, 4.11202663E+001
2.42750000E+003, 4.00659890E+001
2.43000000E+003, 3.87847961E+001
2.43250000E+003, 3.77095379E+001
2.43500000E+003, 3.69646194E+001
2.43750000E+003, 3.66463555E+001
2.44000000E+003, 3.65214800E+001
2.44250000E+003, 3.65205923E+001
2.44500000E+003, 3.65625808E+001
2.44750000E+003, 3.65870555E+001
2.45000000E+003, 3.66208813E+001
2.45250000E+003, 3.66717669E+001
2.45500000E+003, 3.66465253E+001
2.45750000E+003, 3.66853574E+001
2.46000000E+003, 3.66866942E+001
2.46250000E+003, 3.67027254E+001
2.46500000E+003, 3.66658552E+001
2.46750000E+003, 3.66564625E+001
2.47000000E+003, 3.66722355E+001
2.47250000E+003, 3.66445806E+001
2.47500000E+003, 3.66545951E+001
2.47750000E+003, 3.66211907E+001
2.48000000E+003, 3.65998506E+001
2.48250000E+003, 3.65584019E+001
2.48500000E+003, 3.65075646E+001
2.48750000E+003, 3.64752900E+001
2.49000000E+003, 3.64551159E+001
2.49250000E+003, 3.63597238E+001
2.49500000E+003, 3.62756317E+001
2.49750000E+003, 3.61831082E+001
2.50000000E+003, 3.61445270E+001
2.50250000E+003, 3.60826872E+001
2.50500000E+003, 3.60446951E+001
2.50750000E+003, 3.60362729E+001
2.51000000E+003, 3.59648848E+001
2.51250000E+003, 3.59477406E+001
2.51500000E+003, 3.58680656E+001
2.51750000E+003, 3.58644986E+001
2.52000000E+003, 3.58244055E+001
2.52250000E+003, 3.57567192E+001
2.52500000E+003, 3.56984772E+001
2.52750000E+003, 3.56963342E+001
2.53000000E+003, 3.56319094E+001
2.53250000E+003, 3.56068461E+001
2.53500000E+003, 3.56115174E+001
2.53750000E+003, 3.55557586E+001
2.54000000E+003, 3.54683129E+001
2.54250000E+003, 3.53995427E+001
2.54500000E+003, 3.53404294E+001
2.54750000E+003, 3.53611481E+001
2.55000000E+003, 3.52277719E+001
2.55250000E+003, 3.52383166E+001
2.55500000E+003, 3.52088389E+001
2.55750000E+003, 3.51681512E+001
2.56000000E+003, 3.51685767E+001
2.56250000E+003, 3.51102655E+001
2.56500000E+003, 3.50314762E+001
2.56750000E+003, 3.51047684E+001
2.57000000E+003, 3.50859862E+001
2.57250000E+003, 3.50764933E+001
2.57500000E+003, 3.50543653E+001
2.57750000E+003, 3.50178437E+001
2.58000000E+003, 3.49769984E+001
2.58250000E+003, 3.49377990E+001
2.58500000E+003, 3.49247405E+001
2.58750000E+003, 3.48661662E+001
2.59000000E+003, 3.48325090E+001
2.59250000E+003, 3.48138650E+001
2.59500000E+003, 3.48064409E+001
2.59750000E+003, 3.47998900E+001
2.60000000E+003, 3.47547561E+001
2.60250000E+003, 3.46654098E+001
2.60500000E+003, 3.46683545E+001
2.60750000E+003, 3.45826126E+001
2.61000000E+003, 3.45654802E+001
2.61250000E+003, 3.45825155E+001
2.61500000E+003, 3.45508687E+001
2.61750000E+003, 3.45322384E+001
2.62000000E+003, 3.45681609E+001
2.62250000E+003, 3.44915760E+001
2.62500000E+003, 3.44692425E+001
2.62750000E+003, 3.44355347E+001
2.63000000E+003, 3.44200077E+001
2.63250000E+003, 3.44183496E+001
2.63500000E+003, 3.43852195E+001
2.63750000E+003, 3.43881068E+001
2.64000000E+003, 3.43503343E+001
2.64250000E+003, 3.43709373E+001
2.64500000E+003, 3.43099302E+001
2.64750000E+003, 3.42773764E+001
2.65000000E+003, 3.42527831E+001
2.65250000E+003, 3.42237071E+001
2.65500000E+003, 3.42149780E+001
2.65750000E+003, 3.42281979E+001
2.66000000E+003, 3.42318241E+001
2.66250000E+003, 3.42110579E+001
2.66500000E+003, 3.41833447E+001
2.66750000E+003, 3.41363594E+001
2.67000000E+003, 3.41915088E+001
2.67250000E+003, 3.41904856E+001
2.67500000E+003, 3.41584945E+001
2.67750000E+003, 3.41132466E+001
2.68000000E+003, 3.41464910E+001
2.68250000E+003, 3.40812932E+001
2.68500000E+003, 3.40956409E+001
2.68750000E+003, 3.40656388E+001
2.69000000E+003, 3.40784106E+001
2.69250000E+003, 3.40367010E+001
2.69500000E+003, 3.40009054E+001
2.69750000E+003, 3.40048407E+001
2.70000000E+003, 3.39346552E+001
2.70250000E+003, 3.39034154E+001
2.70500000E+003, 3.39220572E+001
2.70750000E+003, 3.38608645E+001
2.71000000E+003, 3.38851792E+001
2.71250000E+003, 3.38609378E+001
2.71500000E+003, 3.38533898E+001
2.71750000E+003, 3.38253438E+001
2.72000000E+003, 3.38163821E+001
2.72250000E+003, 3.37706571E+001
2.72500000E+003, 3.38065669E+001
2.72750000E+003, 3.37626825E+001
2.73000000E+003, 3.37488191E+001
2.73250000E+003, 3.37588820E+001
2.73500000E+003, 3.37624511E+001
2.73750000E+003, 3.37324241E+001
2.74000000E+003, 3.37605809E+001
2.74250000E+003, 3.37648375E+001
2.74500000E+003, 3.37428224E+001
2.74750000E+003, 3.37619624E+001
2.75000000E+003, 3.37675169E+001
2.75250000E+003, 3.37588066E+001
2.75500000E+003, 3.37455593E+001
2.75750000E+003, 3.37850480E+001
2.76000000E+003, 3.37300814E+001
2.76250000E+003, 3.37384280E+001
2.76500000E+003, 3.37698547E+001
2.76750000E+003, 3.37789093E+001
2.77000000E+003, 3.37742307E+001
2.77250000E+003, 3.37946938E+001
2.77500000E+003, 3.38040951E+001
2.77750000E+003, 3.38292034E+001
2.78000000E+003, 3.38510704E+001
2.78250000E+003, 3.38720954E+001
2.78500000E+003, 3.39220297E+001
2.78750000E+003, 3.39656995E+001
2.79000000E+003, 3.40053559E+001
2.79250000E+003, 3.40889995E+001
2.79500000E+003, 3.41815639E+001
2.79750000E+003, 3.42737115E+001
2.80000000E+003, 3.43910793E+001
2.80250000E+003, 3.45634742E+001
2.80500000E+003, 3.47501157E+001
2.80750000E+003, 3.50263953E+001
2.81000000E+003, 3.55307794E+001
2.81250000E+003, 3.63097015E+001
2.81500000E+003, 3.78941293E+001
2.81750000E+003, 4.16560191E+001
2.82000000E+003, 2.93890165E+001
2.82250000E+003, 2.54860142E+001
2.82500000E+003, 2.90530016E+001
2.82750000E+003, 3.03906006E+001
2.83000000E+003, 3.11019151E+001
2.83250000E+003, 3.15802174E+001
2.83500000E+003, 3.18434743E+001
2.83750000E+003, 3.20837928E+001
2.84000000E+003, 3.21768792E+001
2.84250000E+003, 3.23157803E+001
2.84500000E+003, 3.23688224E+001
2.84750000E+003, 3.24592592E+001
2.85000000E+003, 3.26256869E+001
2.85250000E+003, 3.26260828E+001
2.85500000E+003, 3.27186103E+001
2.85750000E+003, 3.27764636E+001
2.86000000E+003, 3.28039826E+001
2.86250000E+003, 3.28661776E+001
2.86500000E+003, 3.29287733E+001
2.86750000E+003, 3.29790036E+001
2.87000000E+003, 3.30529625E+001
2.87250000E+003, 3.29723962E+001
2.87500000E+003, 3.31523967E+001
2.87750000E+003, 3.31453844E+001
2.88000000E+003, 3.31524475E+001
2.88250000E+003, 3.32435602E+001
2.88500000E+003, 3.32451330E+001
2.88750000E+003, 3.32759647E+001
2.89000000E+003, 3.32559673E+001
2.89250000E+003, 3.33806094E+001
2.89500000E+003, 3.33720647E+001
2.89750000E+003, 3.33932370E+001
2.90000000E+003, 3.34418453E+001
2.90250000E+003, 3.35838245E+001
2.90500000E+003, 3.34825137E+001
2.90750000E+003, 3.36016965E+001
2.91000000E+003, 3.36192736E+001
2.91250000E+003, 3.36772409E+001
2.91500000E+003, 3.36966045E+001
2.91750000E+003, 3.38252617E+001
2.92000000E+003, 3.39328071E+001
2.92250000E+003, 3.41637438E+001
2.92500000E+003, 3.44832875E+001
2.92750000E+003, 3.49036065E+001
2.93000000E+003, 3.59021233E+001
2.93250000E+003, 3.73164443E+001
2.93500000E+003, 2.88705256E+001
2.93750000E+003, 2.96670404E+001
2.94000000E+003, 3.08299812E+001
2.94250000E+003, 3.14363428E+001
2.94500000E+003, 3.16927374E+001
2.94750000E+003, 3.18634051E+001
2.95000000E+003, 3.20448414E+001
2.95250000E+003, 3.21107127E+001
2.95500000E+003, 3.21732947E+001
2.95750000E+003, 3.22956499E+001
2.96000000E+003, 3.22715763E+001
2.96250000E+003, 3.23006621E+001
2.96500000E+003, 3.23195538E+001
2.96750000E+003, 3.23879113E+001
2.97000000E+003, 3.23650863E+001
2.97250000E+003, 3.22611782E+001
2.97500000E+003, 3.23517829E+001
2.97750000E+003, 3.23285065E+001
2.98000000E+003, 3.23528704E+001
2.98250000E+003, 3.23302066E+001
2.98500000E+003, 3.23380623E+001
2.98750000E+003, 3.22918916E+001
2.99000000E+003, 3.23115039E+001
2.99250000E+003, 3.23089663E+001
2.99500000E+003, 3.22755965E+001
2.99750000E+003, 3.22573410E+001
3.00000000E+003, 3.22391849E+001
3.00250000E+003, 3.22654890E+001
3.00500000E+003, 3.22024233E+001
3.00750000E+003, 3.21727270E+001
3.01000000E+003, 3.22003897E+001
3.01250000E+003, 3.21450119E+001
3.01500000E+003, 3.20529577E+001
3.01750000E+003, 3.21330059E+001
3.02000000E+003, 3.21314653E+001
3.02250000E+003, 3.21074755E+001
3.02500000E+003, 3.20732297E+001
3.02750000E+003, 3.19826611E+001
3.03000000E+003, 3.19668083E+001
3.03250000E+003, 3.19292854E+001
3.03500000E+003, 3.19111362E+001
3.03750000E+003, 3.18356443E+001
3.04000000E+003, 3.18451700E+001
3.04250000E+003, 3.17368315E+001
3.04500000E+003, 3.17548817E+001
3.04750000E+003, 3.16794073E+001
3.05000000E+003, 3.16035450E+001
3.05250000E+003, 3.15534434E+001
3.05500000E+003, 3.15398087E+001
3.05750000E+003, 3.14448329E+001
3.06000000E+003, 3.14469743E+001
3.06250000E+003, 3.13948326E+001
3.06500000E+003, 3.13452001E+001
3.06750000E+003, 3.12653357E+001
3.07000000E+003, 3.12410149E+001
3.07250000E+003, 3.11705089E+001
3.07500000E+003, 3.10904239E+001
3.07750000E+003, 3.10264981E+001
3.08000000E+003, 3.09026675E+001
3.08250000E+003, 3.08862662E+001
3.08500000E+003, 3.07707652E+001
3.08750000E+003, 3.06286789E+001
3.09000000E+003, 3.05497680E+001
3.09250000E+003, 3.05120308E+001
3.09500000E+003, 3.03672673E+001
3.09750000E+003, 3.02101108E+001
3.10000000E+003, 3.01173916E+001
3.10250000E+003, 2.99625002E+001
3.10500000E+003, 2.98483845E+001
3.10750000E+003, 2.96862755E+001
3.11000000E+003, 2.95617512E+001
3.11250000E+003, 2.94054311E+001
3.11500000E+003, 2.91930373E+001
3.11750000E+003, 2.90283163E+001
3.12000000E+003, 2.88100656E+001
3.12250000E+003, 2.86886706E+001
3.12500000E+003, 2.84128120E+001
3.12750000E+003, 2.82072339E+001
3.13000000E+003, 2.79329853E+001
3.13250000E+003, 2.76266840E+001
3.13500000E+003, 2.73571817E+001
3.13750000E+003, 2.68765745E+001
3.14000000E+003, 2.65919649E+001
3.14250000E+003, 2.61396757E+001
3.14500000E+003, 2.56600039E+001
3.14750000E+003, 2.51675343E+001
3.15000000E+003, 2.46918475E+001
3.15250000E+003, 2.38640700E+001
3.15500000E+003, 2.30319757E+001
3.15750000E+003, 2.22680024E+001
3.16000000E+003, 2.10236295E+001
3.16250000E+003, 1.98155139E+001
3.16500000E+003, 1.85239653E+001
3.16750000E+003, 1.65942998E+001
3.17000000E+003, 1.25768348E+001
3.17250000E+003, 7.14604150E+000
3.17500000E+003, -5.10533402E+000
3.17750000E+003, 5.50359376E+000
3.18000000E+003, 1.24764622E+001
3.18250000E+003, 1.64031502E+001
3.18500000E+003, 1.94197181E+001
3.18750000E+003, 2.16773647E+001
3.19000000E+003, 2.40688505E+001
3.19250000E+003, 2.59510877E+001
3.19500000E+003, 2.73912898E+001
3.19750000E+003, 2.88781623E+001
3.20000000E+003, 3.02212422E+001
3.20250000E+003, 3.15229742E+001
3.20500000E+003, 3.26332611E+001
3.20750000E+003, 3.36830832E+001
3.21000000E+003, 3.48400613E+001
3.21250000E+003, 3.58803860E+001
3.21500000E+003, 3.68217907E+001
3.21750000E+003, 3.79054354E+001
3.22000000E+003, 3.89054130E+001
3.22250000E+003, 3.97493367E+001
3.22500000E+003, 4.08167396E+001
3.22750000E+003, 4.18014716E+001
3.23000000E+003, 4.28867715E+001
3.23250000E+003, 4.39453078E+001
3.23500000E+003, 4.51084880E+001
3.23750000E+003, 4.61464498E+001
3.24000000E+003, 4.72705683E+001
3.24250000E+003, 4.84493913E+001
3.24500000E+003, 4.98030781E+001
3.24750000E+003, 5.11482569E+001
3.25000000E+003, 5.27383475E+001
3.25250000E+003, 5.42451050E+001
3.25500000E+003, 5.61117900E+001
3.25750000E+003, 5.82518675E+001
3.26000000E+003, 6.09018766E+001
3.26250000E+003, 6.42842764E+001
3.26500000E+003, 6.88603668E+001
3.26750000E+003, 7.38362596E+001
3.27000000E+003, 7.09975085E+001
3.27250000E+003, 6.65079881E+001
3.27500000E+003, 6.34947636E+001
3.27750000E+003, 6.12923655E+001
3.28000000E+003, 5.97395560E+001
3.28250000E+003, 5.84634129E+001
3.28500000E+003, 5.73592071E+001
3.28750000E+003, 5.64999708E+001
3.29000000E+003, 5.57249546E+001
3.29250000E+003, 5.50624671E+001
3.29500000E+003, 5.45107250E+001
3.29750000E+003, 5.40274631E+001
3.30000000E+003, 5.35746607E+001
3.30250000E+003, 5.31767817E+001
3.30500000E+003, 5.28829238E+001
3.30750000E+003, 5.25733105E+001
3.31000000E+003, 5.23287970E+001
3.31250000E+003, 5.20781973E+001
3.31500000E+003, 5.18667413E+001
3.31750000E+003, 5.17372461E+001
3.32000000E+003, 5.16027739E+001
3.32250000E+003, 5.14609076E+001
3.32500000E+003, 5.13502819E+001
3.32750000E+003, 5.12845405E+001
3.33000000E+003, 5.12020924E+001
3.33250000E+003, 5.11351041E+001
3.33500000E+003, 5.11607882E+001
3.33750000E+003, 5.11632226E+001
3.34000000E+003, 5.12657995E+001
3.34250000E+003, 5.13675162E+001
3.34500000E+003, 5.16365503E+001
3.34750000E+003, 5.21280559E+001
3.35000000E+003, 5.27028410E+001
3.35250000E+003, 4.88604157E+001
3.35500000E+003, 4.93281744E+001
3.35750000E+003, 4.99222414E+001
3.36000000E+003, 5.03825504E+001
3.36250000E+003, 5.07389921E+001
3.36500000E+003, 5.10786998E+001
3.36750000E+003, 5.14797248E+001
3.37000000E+003, 5.19982282E+001
3.37250000E+003, 5.26959356E+001
3.37500000E+003, 5.36596697E+001
3.37750000E+003, 5.52938182E+001
3.38000000E+003, 5.83201722E+001
3.38250000E+003, 5.99668440E+001
3.38500000E+003, 4.79414274E+001
3.38750000E+003, 3.65109877E+001
3.39000000E+003, 4.03890659E+001
3.39250000E+003, 4.33343456E+001
3.39500000E+003, 4.48602441E+001
3.39750000E+003, 4.58138914E+001
3.40000000E+003, 4.65070709E+001
3.40250000E+003, 4.69575320E+001
3.40500000E+003, 4.73803673E+001
3.40750000E+003, 4.77125831E+001
3.41000000E+003, 4.80108569E+001
3.41250000E+003, 4.83168645E+001
3.41500000E+003, 4.85258820E+001
3.41750000E+003, 4.87416968E+001
3.42000000E+003, 4.89590639E+001
3.42250000E+003, 4.91467872E+001
3.42500000E+003, 4.93445596E+001
3.42750000E+003, 4.95045146E+001
3.43000000E+003, 4.97151659E+001
3.43250000E+003, 4.99112930E+001
3.43500000E+003, 5.00872972E+001
3.43750000E+003, 5.02512879E+001
3.44000000E+003, 5.04577324E+001
3.44250000E+003, 5.06090632E+001
3.44500000E+003, 5.08229390E+001
3.44750000E+003, 5.10209074E+001
3.45000000E+003, 5.12101828E+001
3.45250000E+003, 5.14059558E+001
3.45500000E+003, 5.15976264E+001
3.45750000E+003, 5.18002112E+001
3.46000000E+003, 5.20147116E+001
3.46250000E+003, 5.22353305E+001
3.46500000E+003, 5.24615280E+001
3.46750000E+003, 5.27373302E+001
3.47000000E+003, 5.29373739E+001
3.47250000E+003, 5.31942824E+001
3.47500000E+003, 5.34854087E+001
3.47750000E+003, 5.37183822E+001
3.48000000E+003, 5.40192629E+001
3.48250000E+003, 5.42976444E+001
3.48500000E+003, 5.46316281E+001
3.48750000E+003, 5.49134768E+001
3.49000000E+003, 5.52434195E+001
3.49250000E+003, 5.55726830E+001
3.49500000E+003, 5.59285883E+001
3.49750000E+003, 5.63144313E+001
3.50000000E+003, 5.67337533E+001
3.50250000E+003, 5.71721462E+001
3.50500000E+003, 5.76342514E+001
3.50750000E+003, 5.80989940E+001
3.51000000E+003, 5.86234154E+001
3.51250000E+003, 5.91593746E+001
3.51500000E+003, 5.97379893E+001
3.51750000E+003, 6.03919503E+001
3.52000000E+003, 6.11007646E+001
3.52250000E+003, 6.18426978E+001
3.52500000E+003, 6.26984222E+001
3.52750000E+003, 6.34971049E+001
3.53000000E+003, 6.44920045E+001
3.53250000E+003, 6.55247846E+001
3.53500000E+003, 6.66814680E+001
3.53750000E+003, 6.79007793E+001
3.54000000E+003, 6.92990823E+001
3.54250000E+003, 7.05829203E+001
3.54500000E+003, 7.16148540E+001
3.54750000E+003, 7.19561910E+001
3.55000000E+003, 7.13880174E+001
3.55250000E+003, 7.01593708E+001
3.55500000E+003, 6.86779759E+001
3.55750000E+003, 6.72806486E+001
3.56000000E+003, 6.59452553E+001
3.56250000E+003, 6.47160411E+001
3.56500000E+003, 6.35273030E+001
3.56750000E+003, 6.25988967E+001
3.57000000E+003, 6.16548471E+001
3.57250000E+003, 6.08209574E+001
3.57500000E+003, 6.00215731E+001
3.57750000E+003, 5.92461870E+001
3.58000000E+003, 5.85525722E+001
3.58250000E+003, 5.79530159E+001
3.58500000E+003, 5.73977031E+001
3.58750000E+003, 5.67891752E+001
3.59000000E+003, 5.62607049E+001
3.59250000E+003, 5.57512691E+001
3.59500000E+003, 5.52529696E+001
3.59750000E+003, 5.47875164E+001
3.60000000E+003, 5.43339636E+001
3.60250000E+003, 5.38644529E+001
3.60500000E+003, 5.34572939E+001
3.60750000E+003, 5.30509713E+001
3.61000000E+003, 5.26969525E+001
3.61250000E+003, 5.22702751E+001
3.61500000E+003, 5.18861460E+001
3.61750000E+003, 5.15351323E+001
3.62000000E+003, 5.11889092E+001
3.62250000E+003, 5.08708642E+001
3.62500000E+003, 5.05502303E+001
3.62750000E+003, 5.02155400E+001
3.63000000E+003, 4.98820883E+001
3.63250000E+003, 4.95824691E+001
3.63500000E+003, 4.92470743E+001
3.63750000E+003, 4.89364059E+001
3.64000000E+003, 4.85970562E+001
3.64250000E+003, 4.82996557E+001
3.64500000E+003, 4.80201374E+001
3.64750000E+003, 4.76977789E+001
3.65000000E+003, 4.74452984E+001
3.65250000E+003, 4.71195547E+001
3.65500000E+003, 4.68200567E+001
3.65750000E+003, 4.64990865E+001
3.66000000E+003, 4.62154237E+001
3.66250000E+003, 4.59179043E+001
3.66500000E+003, 4.56013925E+001
3.66750000E+003, 4.52748137E+001
3.67000000E+003, 4.49854175E+001
3.67250000E+003, 4.46253799E+001
3.67500000E+003, 4.42785631E+001
3.67750000E+003, 4.39006145E+001
3.68000000E+003, 4.35214655E+001
3.68250000E+003, 4.31222440E+001
3.68500000E+003, 4.26771751E+001
3.68750000E+003, 4.21766342E+001
3.69000000E+003, 4.15797912E+001
3.69250000E+003, 4.08741113E+001
3.69500000E+003, 4.00611942E+001
3.69750000E+003, 3.90231868E+001
3.70000000E+003, 3.77057873E+001
3.70250000E+003, 3.58491584E+001
3.70500000E+003, 3.30139381E+001
3.70750000E+003, 2.85722483E+001
3.71000000E+003, 2.97984499E+001
3.71250000E+003, 3.75882968E+001
3.71500000E+003, 4.41693553E+001
3.71750000E+003, 5.06321243E+001
3.72000000E+003, 5.74637344E+001
3.72250000E+003, 5.81513023E+001
3.72500000E+003, 5.45748180E+001
3.72750000E+003, 5.20574153E+001
3.73000000E+003, 5.03662222E+001
3.73250000E+003, 4.91153192E+001
3.73500000E+003, 4.81875359E+001
3.73750000E+003, 4.74335804E+001
3.74000000E+003, 4.67774796E+001
3.74250000E+003, 4.62359265E+001
3.74500000E+003, 4.57367188E+001
3.74750000E+003, 4.52994335E+001
3.75000000E+003, 4.48938735E+001
3.75250000E+003, 4.45249902E+001
3.75500000E+003, 4.41969507E+001
3.75750000E+003, 4.38170615E+001
3.76000000E+003, 4.34590758E+001
3.76250000E+003, 4.30684848E+001
3.76500000E+003, 4.25752610E+001
3.76750000E+003, 4.17418435E+001
3.77000000E+003, 4.10023737E+001
3.77250000E+003, 4.46126741E+001
3.77500000E+003, 4.38192158E+001
3.77750000E+003, 4.32615017E+001
3.78000000E+003, 4.28601854E+001
3.78250000E+003, 4.25454029E+001
3.78500000E+003, 4.22876682E+001
3.78750000E+003, 4.20228198E+001
3.79000000E+003, 4.18731343E+001
3.79250000E+003, 4.16948951E+001
3.79500000E+003, 4.14794746E+001
3.79750000E+003, 4.13209755E+001
3.80000000E+003, 4.11802763E+001
3.80250000E+003, 4.10120371E+001
3.80500000E+003, 4.07984342E+001
3.80750000E+003, 4.06745613E+001
3.81000000E+003, 4.04940270E+001
3.81250000E+003, 4.03494202E+001
3.81500000E+003, 4.02189700E+001
3.81750000E+003, 4.00666911E+001
3.82000000E+003, 3.99931621E+001
3.82250000E+003, 3.98033601E+001
3.82500000E+003, 3.97012305E+001
3.82750000E+003, 3.95731639E+001
3.83000000E+003, 3.94262367E+001
3.83250000E+003, 3.93037109E+001
3.83500000E+003, 3.91603112E+001
3.83750000E+003, 3.89986192E+001
3.84000000E+003, 3.89095534E+001
3.84250000E+003, 3.87792858E+001
3.84500000E+003, 3.87110419E+001
3.84750000E+003, 3.85668606E+001
3.85000000E+003, 3.84152795E+001
3.85250000E+003, 3.82649957E+001
3.85500000E+003, 3.81544865E+001
3.85750000E+003, 3.80811839E+001
3.86000000E+003, 3.78772694E+001
3.86250000E+003, 3.78495200E+001
3.86500000E+003, 3.77463417E+001
3.86750000E+003, 3.76027324E+001
3.87000000E+003, 3.74495231E+001
3.87250000E+003, 3.73787175E+001
3.87500000E+003, 3.72305017E+001
3.87750000E+003, 3.71114894E+001
3.88000000E+003, 3.70714090E+001
3.88250000E+003, 3.69506703E+001
3.88500000E+003, 3.68305496E+001
3.88750000E+003, 3.67857163E+001
3.89000000E+003, 3.66683180E+001
3.89250000E+003, 3.65163032E+001
3.89500000E+003, 3.63396330E+001
3.89750000E+003, 3.61697458E+001
3.90000000E+003, 3.61720902E+001
3.90250000E+003, 3.60832929E+001
3.90500000E+003, 3.60066666E+001
3.90750000E+003, 3.58996890E+001
3.91000000E+003, 3.57301234E+001
3.91250000E+003, 3.56125580E+001
3.91500000E+003, 3.54632453E+001
3.91750000E+003, 3.53442883E+001
3.92000000E+003, 3.52367256E+001
3.92250000E+003, 3.50950150E+001
3.92500000E+003, 3.49359796E+001
3.92750000E+003, 3.48943567E+001
3.93000000E+003, 3.47028718E+001
3.93250000E+003, 3.45194878E+001
3.93500000E+003, 3.44511916E+001
3.93750000E+003, 3.42342089E+001
3.94000000E+003, 3.40714608E+001
3.94250000E+003, 3.39312133E+001
3.94500000E+003, 3.38242869E+001
3.94750000E+003, 3.36802066E+001
3.95000000E+003, 3.35938233E+001
3.95250000E+003, 3.33327262E+001
3.95500000E+003, 3.32863440E+001
3.95750000E+003, 3.31172971E+001
3.96000000E+003, 3.28869525E+001
3.96250000E+003, 3.27722947E+001
3.96500000E+003, 3.26315677E+001
3.96750000E+003, 3.23986098E+001
3.97000000E+003, 3.23802435E+001
3.97250000E+003, 3.21459338E+001
3.97500000E+003, 3.19607490E+001
3.97750000E+003, 3.19692496E+001
3.98000000E+003, 3.15733929E+001
3.98250000E+003, 3.15149229E+001
3.98500000E+003, 3.12213205E+001
3.98750000E+003, 3.10685653E+001
3.99000000E+003, 3.08351946E+001
3.99250000E+003, 3.06034337E+001
3.99500000E+003, 3.03321832E+001
3.99750000E+003, 3.02194952E+001
4.00000000E+003, 3.01158815E+001
