Label:, CH1-2: é¸îgêîâûìöä÷êî
DateTime:, Thu Feb 08 16:37:04 2018
DataKind:, CH1-2, FRF, Mag
DataPoints:, 1601
DataCalc:, H1
Frequency:, 0.000 , 4000.000, Hz
Sample:, 4096, Internal
Average:, 3, Power/Sum
Voltage(CH1):, -20.000, dBVrms
Voltage(CH2):, -10.000, dBVrms
EU/V(CH1):, 3.757E+001
EU/V(CH2):, 1.088E+003
Window(CH1):, Rect
Window(CH2):, Rect
X-AxisScale:, Lin
X-AxisUnit:, Hz
Y-AxisScale:, Log
Y-AxisUnit:, m/s2/N
Y-AxisMagniude:
0.00000000E+000, 5.29468063E+001
2.50000000E+000, 2.50575194E+001
5.00000000E+000, 2.18784011E+001
7.50000000E+000, 2.08678944E+001
1.00000000E+001, 2.03541624E+001
1.25000000E+001, 1.86699875E+001
1.50000000E+001, 2.06102045E+001
1.75000000E+001, 2.02648209E+001
2.00000000E+001, 1.90626555E+001
2.25000000E+001, 1.91557813E+001
2.50000000E+001, 1.93368888E+001
2.75000000E+001, 1.68919296E+001
3.00000000E+001, 1.88220943E+001
3.25000000E+001, 1.68931379E+001
3.50000000E+001, 1.53940749E+001
3.75000000E+001, 1.51903233E+001
4.00000000E+001, 1.46005052E+001
4.25000000E+001, 1.32850324E+001
4.50000000E+001, 1.43990596E+001
4.75000000E+001, 1.26776442E+001
5.00000000E+001, 1.21443341E+001
5.25000000E+001, 1.22724614E+001
5.50000000E+001, 1.23942475E+001
5.75000000E+001, 1.11289991E+001
6.00000000E+001, 1.05780905E+001
6.25000000E+001, 1.10356310E+001
6.50000000E+001, 1.13489399E+001
6.75000000E+001, 1.16772649E+001
7.00000000E+001, 1.00832087E+001
7.25000000E+001, 9.51621723E+000
7.50000000E+001, 9.45994095E+000
7.75000000E+001, 8.76417253E+000
8.00000000E+001, 8.53981537E+000
8.25000000E+001, 1.18305700E+001
8.50000000E+001, 8.95263362E+000
8.75000000E+001, 1.00693866E+001
9.00000000E+001, 1.02077050E+001
9.25000000E+001, 8.17683250E+000
9.50000000E+001, 8.58659384E+000
9.75000000E+001, 8.52930053E+000
1.00000000E+002, 1.02449475E+001
1.02500000E+002, 7.36853474E+000
1.05000000E+002, 8.82936028E+000
1.07500000E+002, 8.95968042E+000
1.10000000E+002, 7.21611968E+000
1.12500000E+002, 6.82102920E+000
1.15000000E+002, 6.76250870E+000
1.17500000E+002, 7.64423422E+000
1.20000000E+002, 6.36610402E+000
1.22500000E+002, 7.53905118E+000
1.25000000E+002, 5.98019559E+000
1.27500000E+002, 6.87854514E+000
1.30000000E+002, 9.56645339E+000
1.32500000E+002, 1.02794843E+001
1.35000000E+002, 1.19961857E+001
1.37500000E+002, 1.43612689E+001
1.40000000E+002, 1.95919418E+001
1.42500000E+002, 3.39191081E+001
1.45000000E+002, 2.34023830E+001
1.47500000E+002, 1.70632701E+001
1.50000000E+002, 1.39788944E+001
1.52500000E+002, 1.28156666E+001
1.55000000E+002, 1.26011569E+001
1.57500000E+002, 1.11347907E+001
1.60000000E+002, 1.00878991E+001
1.62500000E+002, 1.06694435E+001
1.65000000E+002, 9.15702009E+000
1.67500000E+002, 8.23791327E+000
1.70000000E+002, 9.18963116E+000
1.72500000E+002, 8.07612475E+000
1.75000000E+002, 9.34776890E+000
1.77500000E+002, 7.58639689E+000
1.80000000E+002, 7.23757779E+000
1.82500000E+002, 9.23454620E+000
1.85000000E+002, 8.02911679E+000
1.87500000E+002, 6.63494610E+000
1.90000000E+002, 7.33368669E+000
1.92500000E+002, 8.03475456E+000
1.95000000E+002, 5.24714349E+000
1.97500000E+002, 6.52279110E+000
2.00000000E+002, 7.78673832E+000
2.02500000E+002, 6.03449706E+000
2.05000000E+002, 7.74843819E+000
2.07500000E+002, 6.02037030E+000
2.10000000E+002, 7.77374737E+000
2.12500000E+002, 5.96953303E+000
2.15000000E+002, 4.92708067E+000
2.17500000E+002, 5.72546370E+000
2.20000000E+002, 6.94848515E+000
2.22500000E+002, 6.43574098E+000
2.25000000E+002, 6.51994327E+000
2.27500000E+002, 4.48087813E+000
2.30000000E+002, 5.17325193E+000
2.32500000E+002, 5.86889102E+000
2.35000000E+002, 7.04613021E+000
2.37500000E+002, 6.09803602E+000
2.40000000E+002, 5.82954896E+000
2.42500000E+002, 5.47129170E+000
2.45000000E+002, 4.01550116E+000
2.47500000E+002, 3.67965765E+000
2.50000000E+002, 3.63867213E+000
2.52500000E+002, 3.03927818E+000
2.55000000E+002, 4.33067824E+000
2.57500000E+002, 4.63111094E+000
2.60000000E+002, 3.50639877E+000
2.62500000E+002, 5.97911402E+000
2.65000000E+002, 4.44061403E+000
2.67500000E+002, 4.41016288E+000
2.70000000E+002, 5.51858564E+000
2.72500000E+002, 4.69831710E+000
2.75000000E+002, 3.07952609E+000
2.77500000E+002, 2.52616137E+000
2.80000000E+002, 2.08132969E+000
2.82500000E+002, -9.81311449E-001
2.85000000E+002, 2.74468314E+000
2.87500000E+002, -3.86688411E-001
2.90000000E+002, 8.47897168E-001
2.92500000E+002, 2.05710484E+000
2.95000000E+002, 8.46149786E-001
2.97500000E+002, 2.97057098E+000
3.00000000E+002, 1.61292423E+000
3.02500000E+002, 1.19629143E+000
3.05000000E+002, -1.21554715E-001
3.07500000E+002, -1.61370021E+000
3.10000000E+002, -4.10413688E+000
3.12500000E+002, 2.66447807E+000
3.15000000E+002, -7.52506691E+000
3.17500000E+002, -5.57601058E+000
3.20000000E+002, -1.85944203E+000
3.22500000E+002, -3.26700495E+000
3.25000000E+002, -2.74794719E+000
3.27500000E+002, -1.06325232E+000
3.30000000E+002, -6.93820766E+000
3.32500000E+002, -4.30572901E+000
3.35000000E+002, -2.46949024E+000
3.37500000E+002, -3.91068345E+000
3.40000000E+002, -8.51759774E+000
3.42500000E+002, -6.48820553E+000
3.45000000E+002, -1.54298467E+000
3.47500000E+002, -2.35143724E+000
3.50000000E+002, -3.99688295E+000
3.52500000E+002, -2.33978433E+001
3.55000000E+002, -3.35655075E+000
3.57500000E+002, -4.97005159E+000
3.60000000E+002, -8.83193872E+000
3.62500000E+002, -1.38142668E+001
3.65000000E+002, -1.52433288E+001
3.67500000E+002, -8.79630314E+000
3.70000000E+002, -1.41129817E+001
3.72500000E+002, -1.01957426E+001
3.75000000E+002, -4.23406597E+001
3.77500000E+002, -3.06152007E+000
3.80000000E+002, -9.37783419E+000
3.82500000E+002, -1.72574793E+001
3.85000000E+002, -7.03456676E+000
3.87500000E+002, -1.08145104E+001
3.90000000E+002, -8.74532033E+000
3.92500000E+002, -1.07543884E+001
3.95000000E+002, -6.48739004E+000
3.97500000E+002, -1.69505262E+001
4.00000000E+002, -5.92835460E+000
4.02500000E+002, -1.01037339E+001
4.05000000E+002, -6.91505644E+000
4.07500000E+002, -5.70703716E+000
4.10000000E+002, -1.13628208E+001
4.12500000E+002, -1.07521935E+001
4.15000000E+002, -6.92322014E+000
4.17500000E+002, -8.14173406E+000
4.20000000E+002, -9.26102608E+000
4.22500000E+002, -3.06178227E+000
4.25000000E+002, -3.43258774E+000
4.27500000E+002, -3.68947748E+000
4.30000000E+002, -5.80319420E+000
4.32500000E+002, -1.00963614E+000
4.35000000E+002, -6.59553055E+000
4.37500000E+002, -1.69064089E-001
4.40000000E+002, -5.45579201E+000
4.42500000E+002, -6.87227841E+000
4.45000000E+002, -8.50315136E+000
4.47500000E+002, -4.66772428E+000
4.50000000E+002, 8.58036804E-002
4.52500000E+002, 1.28876196E+000
4.55000000E+002, -1.91449136E+000
4.57500000E+002, -3.22847993E+000
4.60000000E+002, -2.58437991E+000
4.62500000E+002, -1.38893400E+000
4.65000000E+002, 9.78188393E-001
4.67500000E+002, 1.87629619E+000
4.70000000E+002, 1.38853879E+000
4.72500000E+002, -2.77415992E+000
4.75000000E+002, 4.48753769E+000
4.77500000E+002, 2.59614031E+000
4.80000000E+002, 2.50988513E-001
4.82500000E+002, 1.27750732E-002
4.85000000E+002, 2.51474687E+000
4.87500000E+002, 9.84427778E-001
4.90000000E+002, 2.64912023E+000
4.92500000E+002, -5.03349072E+000
4.95000000E+002, 1.89024867E+000
4.97500000E+002, 4.12646893E+000
5.00000000E+002, 4.11265854E+000
5.02500000E+002, 2.31162130E+000
5.05000000E+002, 3.50714180E+000
5.07500000E+002, 7.41393440E+000
5.10000000E+002, 5.84647960E+000
5.12500000E+002, 4.69892883E+000
5.15000000E+002, 5.80439536E+000
5.17500000E+002, 4.62481732E+000
5.20000000E+002, 6.89384561E+000
5.22500000E+002, 7.93105609E+000
5.25000000E+002, 9.64015510E+000
5.27500000E+002, 1.05569791E+001
5.30000000E+002, 1.74955331E+001
5.32500000E+002, 2.56114857E+001
5.35000000E+002, 9.48508529E+000
5.37500000E+002, 1.12157920E+000
5.40000000E+002, -1.44864822E+000
5.42500000E+002, -1.20585082E+001
5.45000000E+002, -3.50654685E+000
5.47500000E+002, -1.84395630E+001
5.50000000E+002, -6.09899584E+000
5.52500000E+002, -7.96978170E+000
5.55000000E+002, 1.71831375E-001
5.57500000E+002, 1.28576422E+000
5.60000000E+002, -2.01970027E+000
5.62500000E+002, -9.35538007E+000
5.65000000E+002, 5.64720167E-001
5.67500000E+002, 1.93821119E+000
5.70000000E+002, 3.25907384E+000
5.72500000E+002, 2.72087358E+000
5.75000000E+002, 2.23016200E+000
5.77500000E+002, -3.61487860E+000
5.80000000E+002, -3.60311133E-001
5.82500000E+002, 1.04815024E+000
5.85000000E+002, -2.41239751E+000
5.87500000E+002, 1.33653177E+000
5.90000000E+002, -4.05771681E+000
5.92500000E+002, -1.66127664E+000
5.95000000E+002, -1.48399813E+000
5.97500000E+002, -9.32764923E-001
6.00000000E+002, 2.61440797E-001
6.02500000E+002, -3.36670457E+000
6.05000000E+002, -2.40465576E+000
6.07500000E+002, -2.31423235E+000
6.10000000E+002, -3.50468072E+000
6.12500000E+002, -3.65093642E-001
6.15000000E+002, -2.02267027E+000
6.17500000E+002, -2.57351665E+000
6.20000000E+002, -7.43566033E+000
6.22500000E+002, -5.30247067E+000
6.25000000E+002, -6.36896136E+000
6.27500000E+002, -6.68554974E+000
6.30000000E+002, -2.87297950E+000
6.32500000E+002, -1.02094144E+001
6.35000000E+002, -5.42286484E+000
6.37500000E+002, -4.58654958E+000
6.40000000E+002, -7.76397347E+000
6.42500000E+002, -6.21336916E+000
6.45000000E+002, -5.63925826E+000
6.47500000E+002, -1.16105256E+000
6.50000000E+002, -1.00770705E+001
6.52500000E+002, -7.92507835E+000
6.55000000E+002, -1.11827855E+001
6.57500000E+002, -2.28251130E+000
6.60000000E+002, -1.92616359E+001
6.62500000E+002, -9.70430521E+000
6.65000000E+002, -3.93443700E+000
6.67500000E+002, -4.62170064E+000
6.70000000E+002, -1.64162021E+001
6.72500000E+002, -1.67596924E+000
6.75000000E+002, -4.75937990E+000
6.77500000E+002, -6.53708591E+000
6.80000000E+002, -8.45835549E+000
6.82500000E+002, -9.26782722E+000
6.85000000E+002, -1.48524729E+001
6.87500000E+002, -1.34039502E+000
6.90000000E+002, -2.26306940E+001
6.92500000E+002, -8.62814791E+000
6.95000000E+002, -2.25891465E+001
6.97500000E+002, -1.41492265E+001
7.00000000E+002, -5.76417909E+000
7.02500000E+002, -2.92426012E+001
7.05000000E+002, -1.32824067E+001
7.07500000E+002, -1.55802613E+001
7.10000000E+002, -5.55086338E+000
7.12500000E+002, -1.13496628E+001
7.15000000E+002, -6.87793595E+000
7.17500000E+002, -4.54668902E+000
7.20000000E+002, -6.43541001E+000
7.22500000E+002, -1.22360979E+001
7.25000000E+002, -6.60604652E+000
7.27500000E+002, -1.14816974E+001
7.30000000E+002, -9.41583934E+000
7.32500000E+002, -3.06953022E+001
7.35000000E+002, -3.02361720E+000
7.37500000E+002, -7.04129146E+000
7.40000000E+002, -1.09345765E+001
7.42500000E+002, -2.72439188E+001
7.45000000E+002, -8.58613716E+000
7.47500000E+002, -6.84288211E+000
7.50000000E+002, -6.09590656E-001
7.52500000E+002, -2.43805281E+000
7.55000000E+002, -2.35396692E+000
7.57500000E+002, -4.13710411E+000
7.60000000E+002, -4.88829473E-001
7.62500000E+002, -8.63281340E+000
7.65000000E+002, -3.25687801E+000
7.67500000E+002, -2.00003760E+000
7.70000000E+002, -3.43663167E+000
7.72500000E+002, -1.27070614E+000
7.75000000E+002, 8.03224125E-001
7.77500000E+002, -1.61454933E+000
7.80000000E+002, 1.66697716E+000
7.82500000E+002, -2.62748807E+000
7.85000000E+002, 2.63963710E-001
7.87500000E+002, 1.14444598E+000
7.90000000E+002, 4.95598159E-001
7.92500000E+002, 2.99498889E+000
7.95000000E+002, -6.58333397E-001
7.97500000E+002, 2.01197717E+000
8.00000000E+002, 9.10714917E-001
8.02500000E+002, 4.55699204E+000
8.05000000E+002, 4.31788324E+000
8.07500000E+002, 2.31035783E+000
8.10000000E+002, 4.35779521E+000
8.12500000E+002, 4.07595564E+000
8.15000000E+002, 3.98009585E+000
8.17500000E+002, 6.08217888E+000
8.20000000E+002, 3.53643432E+000
8.22500000E+002, 4.48006919E+000
8.25000000E+002, 7.80049748E+000
8.27500000E+002, 6.39299894E+000
8.30000000E+002, 8.30356251E+000
8.32500000E+002, 8.94433123E+000
8.35000000E+002, 8.64905454E+000
8.37500000E+002, 8.96251430E+000
8.40000000E+002, 1.01221033E+001
8.42500000E+002, 1.15453891E+001
8.45000000E+002, 1.17051404E+001
8.47500000E+002, 1.26918683E+001
8.50000000E+002, 1.29339290E+001
8.52500000E+002, 1.50596395E+001
8.55000000E+002, 1.63511318E+001
8.57500000E+002, 1.78120226E+001
8.60000000E+002, 1.92956407E+001
8.62500000E+002, 2.15244218E+001
8.65000000E+002, 2.45360306E+001
8.67500000E+002, 2.69815584E+001
8.70000000E+002, 2.61945138E+001
8.72500000E+002, 2.34686670E+001
8.75000000E+002, 2.05692180E+001
8.77500000E+002, 1.79911721E+001
8.80000000E+002, 1.60021881E+001
8.82500000E+002, 1.48283840E+001
8.85000000E+002, 1.30374161E+001
8.87500000E+002, 1.15655846E+001
8.90000000E+002, 9.67582105E+000
8.92500000E+002, 1.02809955E+001
8.95000000E+002, 9.04683035E+000
8.97500000E+002, 7.82137289E+000
9.00000000E+002, 7.82694004E+000
9.02500000E+002, 6.29324835E+000
9.05000000E+002, 5.72768047E+000
9.07500000E+002, 4.76285992E+000
9.10000000E+002, 5.42577416E+000
9.12500000E+002, 4.39185787E+000
9.15000000E+002, 4.75907545E+000
9.17500000E+002, 1.93519429E+000
9.20000000E+002, 6.96019970E-001
9.22500000E+002, 3.42431397E+000
9.25000000E+002, 2.50059798E+000
9.27500000E+002, 1.79469561E+000
9.30000000E+002, 9.75172858E-002
9.32500000E+002, 1.10201114E+000
9.35000000E+002, 2.08108186E+000
9.37500000E+002, 2.13148418E+000
9.40000000E+002, 2.54749957E-001
9.42500000E+002, 2.53660169E-003
9.45000000E+002, 8.79936059E-001
9.47500000E+002, 1.01942956E+000
9.50000000E+002, -1.66623932E+000
9.52500000E+002, -1.47808294E+000
9.55000000E+002, -1.19482943E+000
9.57500000E+002, 1.80695215E+000
9.60000000E+002, -5.02320842E-001
9.62500000E+002, -1.09982478E+000
9.65000000E+002, 1.22734203E+000
9.67500000E+002, -1.58742515E+000
9.70000000E+002, -3.85625440E-001
9.72500000E+002, -1.27263363E+000
9.75000000E+002, -4.12638724E-001
9.77500000E+002, -6.52853572E-001
9.80000000E+002, -1.93500987E+000
9.82500000E+002, -2.43936571E-001
9.85000000E+002, -5.82394874E-001
9.87500000E+002, 8.25283309E-001
9.90000000E+002, -2.14235149E+000
9.92500000E+002, -1.75131679E+000
9.95000000E+002, -1.20654651E+000
9.97500000E+002, -3.11419264E+000
1.00000000E+003, -3.62597077E+000
1.00250000E+003, 6.56100047E-002
1.00500000E+003, -4.79035654E-001
1.00750000E+003, -4.26920445E+000
1.01000000E+003, -2.97165613E-001
1.01250000E+003, -5.07730696E+000
1.01500000E+003, -3.73417600E+000
1.01750000E+003, -4.21014088E+000
1.02000000E+003, -1.27727826E+000
1.02250000E+003, -3.81830639E+000
1.02500000E+003, -6.75885385E+000
1.02750000E+003, 2.78645173E-001
1.03000000E+003, -4.28428293E+000
1.03250000E+003, -5.47118554E+000
1.03500000E+003, -4.62688230E+000
1.03750000E+003, -1.45127025E+000
1.04000000E+003, -2.59113779E+000
1.04250000E+003, -3.76265509E+000
1.04500000E+003, -4.60989275E+000
1.04750000E+003, -1.13925274E+000
1.05000000E+003, -4.08682066E+000
1.05250000E+003, -6.86066593E+000
1.05500000E+003, -3.15853107E+000
1.05750000E+003, -6.08093193E+000
1.06000000E+003, -1.06047064E+001
1.06250000E+003, -7.19539179E+000
1.06500000E+003, -2.53796405E+000
1.06750000E+003, -1.22795161E+001
1.07000000E+003, -4.37032840E+000
1.07250000E+003, -2.39997351E+000
1.07500000E+003, -4.54766884E+000
1.07750000E+003, -7.86171298E+000
1.08000000E+003, -2.07500059E+000
1.08250000E+003, -4.92059449E+000
1.08500000E+003, -4.54765040E+000
1.08750000E+003, -1.04540427E+001
1.09000000E+003, -5.01979839E+000
1.09250000E+003, -5.74417619E+000
1.09500000E+003, -4.92196671E+000
1.09750000E+003, -4.04780801E+000
1.10000000E+003, -4.88099132E+000
1.10250000E+003, -7.00028080E+000
1.10500000E+003, -5.32993897E+000
1.10750000E+003, -9.21193760E+000
1.11000000E+003, -6.52336656E+000
1.11250000E+003, -1.17069650E+001
1.11500000E+003, -8.29031145E+000
1.11750000E+003, -1.28674022E+001
1.12000000E+003, -1.26151956E+001
1.12250000E+003, -1.18673306E+001
1.12500000E+003, -1.03263628E+001
1.12750000E+003, -1.37554715E+001
1.13000000E+003, -1.74329501E+001
1.13250000E+003, -5.37593579E+000
1.13500000E+003, -1.42542411E+001
1.13750000E+003, -4.09972421E+001
1.14000000E+003, -1.80241364E+001
1.14250000E+003, -8.77677147E+000
1.14500000E+003, -1.70340819E+001
1.14750000E+003, -9.66523745E+000
1.15000000E+003, -1.84737562E+001
1.15250000E+003, -1.49630245E+001
1.15500000E+003, -2.51533150E+001
1.15750000E+003, -1.52962047E+001
1.16000000E+003, -1.38942750E+001
1.16250000E+003, -1.34929528E+001
1.16500000E+003, -1.20272010E+001
1.16750000E+003, -7.76666668E+000
1.17000000E+003, -1.33632952E+001
1.17250000E+003, -1.08924341E+001
1.17500000E+003, -1.85623390E+001
1.17750000E+003, -1.55753154E+001
1.18000000E+003, -8.97031891E+000
1.18250000E+003, -2.75652109E+001
1.18500000E+003, -9.85309605E+000
1.18750000E+003, -2.85799967E+001
1.19000000E+003, -2.48952306E+001
1.19250000E+003, -1.22141474E+001
1.19500000E+003, -9.46665758E+000
1.19750000E+003, -4.36160675E+001
1.20000000E+003, -1.15337538E+001
1.20250000E+003, -1.89179694E+001
1.20500000E+003, -5.77527314E+000
1.20750000E+003, -3.57211934E+001
1.21000000E+003, -8.67115562E+000
1.21250000E+003, -1.36431454E+001
1.21500000E+003, -1.59738176E+001
1.21750000E+003, -1.61122219E+001
1.22000000E+003, -3.16705921E+001
1.22250000E+003, -5.59371779E+000
1.22500000E+003, -1.43632436E+001
1.22750000E+003, -1.77808954E+001
1.23000000E+003, -1.72883116E+001
1.23250000E+003, -1.48123987E+001
1.23500000E+003, -9.13703240E+000
1.23750000E+003, -1.12578662E+001
1.24000000E+003, -8.07525600E+000
1.24250000E+003, -1.77451848E+001
1.24500000E+003, -1.50109232E+001
1.24750000E+003, -8.63687298E+000
1.25000000E+003, -1.82554754E+001
1.25250000E+003, -9.17298181E+000
1.25500000E+003, -5.82250429E+000
1.25750000E+003, -1.30945012E+001
1.26000000E+003, -1.59668538E+001
1.26250000E+003, -9.84393967E+000
1.26500000E+003, -8.30403866E+000
1.26750000E+003, -1.65473467E+001
1.27000000E+003, -1.13030826E+001
1.27250000E+003, -1.65789954E+001
1.27500000E+003, -1.55477684E+001
1.27750000E+003, -7.30448844E+000
1.28000000E+003, -2.26565837E+001
1.28250000E+003, -1.24397979E+001
1.28500000E+003, -1.29252660E+001
1.28750000E+003, -1.92090832E+001
1.29000000E+003, -9.92888130E+000
1.29250000E+003, -1.74568703E+001
1.29500000E+003, -1.11623661E+001
1.29750000E+003, -1.40700578E+001
1.30000000E+003, -1.78037848E+001
1.30250000E+003, -1.46756500E+001
1.30500000E+003, -1.47285366E+001
1.30750000E+003, -1.21281144E+001
1.31000000E+003, -1.86346937E+001
1.31250000E+003, -2.79477231E+001
1.31500000E+003, -1.55967971E+001
1.31750000E+003, -1.25990072E+001
1.32000000E+003, -7.95379422E+000
1.32250000E+003, -3.42244055E+000
1.32500000E+003, -9.96613214E-001
1.32750000E+003, -1.12895818E+000
1.33000000E+003, 7.33077171E-001
1.33250000E+003, 4.36820281E+000
1.33500000E+003, 8.24039300E+000
1.33750000E+003, 1.36190136E+001
1.34000000E+003, 2.39374819E+001
1.34250000E+003, 1.84517277E+001
1.34500000E+003, 1.18596817E+001
1.34750000E+003, 8.55040082E+000
1.35000000E+003, 6.18997327E+000
1.35250000E+003, 4.29240389E+000
1.35500000E+003, 3.23723133E+000
1.35750000E+003, 9.95355952E-001
1.36000000E+003, 1.91671678E+000
1.36250000E+003, 1.79768369E-001
1.36500000E+003, -8.27874303E-001
1.36750000E+003, -7.59146999E-001
1.37000000E+003, -8.67971979E+000
1.37250000E+003, 1.42277556E+000
1.37500000E+003, -1.91796148E+000
1.37750000E+003, -8.23717641E+000
1.38000000E+003, -2.28270833E+000
1.38250000E+003, -7.20349599E+000
1.38500000E+003, -4.29537777E+000
1.38750000E+003, -8.49846044E+000
1.39000000E+003, -2.72926122E+000
1.39250000E+003, -8.40676092E+000
1.39500000E+003, -1.05546641E+001
1.39750000E+003, -5.11301853E+000
1.40000000E+003, -6.73859462E+000
1.40250000E+003, -1.74447363E+001
1.40500000E+003, -6.35365093E+000
1.40750000E+003, -1.17404338E+001
1.41000000E+003, -1.16886238E+001
1.41250000E+003, -7.89626922E+000
1.41500000E+003, -1.47952249E+001
1.41750000E+003, -2.99503595E+001
1.42000000E+003, -1.37013488E+001
1.42250000E+003, -2.51720750E+001
1.42500000E+003, -1.26440365E+001
1.42750000E+003, -8.66682392E+000
1.43000000E+003, -1.46617956E+001
1.43250000E+003, -2.72894505E+001
1.43500000E+003, -1.47828854E+001
1.43750000E+003, -1.23505037E+001
1.44000000E+003, -3.69079577E+001
1.44250000E+003, -1.71543066E+001
1.44500000E+003, -1.75454943E+001
1.44750000E+003, -1.84817430E+001
1.45000000E+003, -1.17259545E+001
1.45250000E+003, -1.08753133E+001
1.45500000E+003, -1.61885096E+001
1.45750000E+003, -8.50378594E+000
1.46000000E+003, -8.82869627E+000
1.46250000E+003, -1.92525628E+001
1.46500000E+003, -2.07653037E+001
1.46750000E+003, -1.11086905E+001
1.47000000E+003, -1.70972642E+001
1.47250000E+003, -9.32947662E+000
1.47500000E+003, -1.05475403E+001
1.47750000E+003, -2.01570850E+001
1.48000000E+003, -6.42396290E+000
1.48250000E+003, -4.46550297E+000
1.48500000E+003, -2.32416379E+001
1.48750000E+003, -3.31306066E+001
1.49000000E+003, -9.58887712E+000
1.49250000E+003, -9.58922417E+000
1.49500000E+003, -6.59896443E+000
1.49750000E+003, -4.73058565E+000
1.50000000E+003, -7.62575510E+000
1.50250000E+003, -7.54673577E+000
1.50500000E+003, -1.10806057E+001
1.50750000E+003, -9.30443660E+000
1.51000000E+003, -8.38948381E+000
1.51250000E+003, -3.25458100E+000
1.51500000E+003, -1.52788611E+001
1.51750000E+003, -1.63720705E+001
1.52000000E+003, -4.92692304E+000
1.52250000E+003, -1.16304797E+001
1.52500000E+003, -1.32026102E+001
1.52750000E+003, -1.11876019E+001
1.53000000E+003, -1.58362605E+001
1.53250000E+003, -8.89101346E+000
1.53500000E+003, -8.59281802E+000
1.53750000E+003, -1.17059829E+001
1.54000000E+003, -5.08634837E+000
1.54250000E+003, -3.62133372E+000
1.54500000E+003, -7.44792305E+000
1.54750000E+003, -1.00258856E+001
1.55000000E+003, -9.83905129E+000
1.55250000E+003, -1.34141506E+001
1.55500000E+003, -8.53850468E+000
1.55750000E+003, -1.85146629E+001
1.56000000E+003, -1.00780031E+001
1.56250000E+003, -7.14848799E+000
1.56500000E+003, -7.64771927E+000
1.56750000E+003, -1.74921423E+001
1.57000000E+003, -1.14648717E+001
1.57250000E+003, -2.19700022E+001
1.57500000E+003, -1.07061815E+001
1.57750000E+003, -1.63761071E+001
1.58000000E+003, -4.38251177E+000
1.58250000E+003, -1.19449518E+001
1.58500000E+003, -2.82877216E+001
1.58750000E+003, -9.34609958E+000
1.59000000E+003, -6.80954319E+000
1.59250000E+003, -1.37663544E+001
1.59500000E+003, -7.63121023E+000
1.59750000E+003, -1.10847031E+001
1.60000000E+003, -8.52676568E+000
1.60250000E+003, -7.27182350E+000
1.60500000E+003, -5.67042127E+000
1.60750000E+003, -6.90250325E+000
1.61000000E+003, -1.67318154E+001
1.61250000E+003, -4.02465555E+000
1.61500000E+003, -7.19396506E+000
1.61750000E+003, -9.28478541E+000
1.62000000E+003, -3.60442519E+000
1.62250000E+003, -6.28987522E+000
1.62500000E+003, -8.78612260E+000
1.62750000E+003, -4.76362411E+000
1.63000000E+003, -2.21737178E+000
1.63250000E+003, -6.51573405E+000
1.63500000E+003, -2.81384931E+000
1.63750000E+003, -3.31895596E+000
1.64000000E+003, -3.84522685E+000
1.64250000E+003, -1.70893957E+000
1.64500000E+003, -4.65739649E+000
1.64750000E+003, -4.27265308E-001
1.65000000E+003, 3.75602427E-001
1.65250000E+003, 7.38205942E-001
1.65500000E+003, -1.47664118E-001
1.65750000E+003, 6.21816883E-001
1.66000000E+003, 2.27603965E+000
1.66250000E+003, 2.57470823E+000
1.66500000E+003, 2.39714802E+000
1.66750000E+003, 3.32368256E+000
1.67000000E+003, 2.22513324E+000
1.67250000E+003, 4.75794109E+000
1.67500000E+003, 3.27989923E+000
1.67750000E+003, 4.81426665E+000
1.68000000E+003, 5.28593158E+000
1.68250000E+003, 6.10566549E+000
1.68500000E+003, 4.35804499E+000
1.68750000E+003, 6.53071625E+000
1.69000000E+003, 6.74149588E+000
1.69250000E+003, 6.40410147E+000
1.69500000E+003, 6.64654336E+000
1.69750000E+003, 7.59210751E+000
1.70000000E+003, 7.40148508E+000
1.70250000E+003, 7.03737532E+000
1.70500000E+003, 9.02672245E+000
1.70750000E+003, 8.33426572E+000
1.71000000E+003, 9.77079848E+000
1.71250000E+003, 9.68404079E+000
1.71500000E+003, 1.03456898E+001
1.71750000E+003, 9.46124744E+000
1.72000000E+003, 1.14789766E+001
1.72250000E+003, 1.13799984E+001
1.72500000E+003, 1.22530256E+001
1.72750000E+003, 1.21365383E+001
1.73000000E+003, 1.24096417E+001
1.73250000E+003, 1.23063546E+001
1.73500000E+003, 1.33758268E+001
1.73750000E+003, 1.40369807E+001
1.74000000E+003, 1.46814349E+001
1.74250000E+003, 1.48063451E+001
1.74500000E+003, 1.53671640E+001
1.74750000E+003, 1.56038205E+001
1.75000000E+003, 1.68095823E+001
1.75250000E+003, 1.70562126E+001
1.75500000E+003, 1.73883805E+001
1.75750000E+003, 1.82440659E+001
1.76000000E+003, 1.89774405E+001
1.76250000E+003, 1.94242723E+001
1.76500000E+003, 1.95507128E+001
1.76750000E+003, 2.12950340E+001
1.77000000E+003, 2.19100881E+001
1.77250000E+003, 2.24489122E+001
1.77500000E+003, 2.31097692E+001
1.77750000E+003, 2.42774883E+001
1.78000000E+003, 2.54176087E+001
1.78250000E+003, 2.67452269E+001
1.78500000E+003, 2.83472250E+001
1.78750000E+003, 3.01780646E+001
1.79000000E+003, 3.26477495E+001
1.79250000E+003, 3.63065343E+001
1.79500000E+003, 4.28179371E+001
1.79750000E+003, 4.87306540E+001
1.80000000E+003, 3.70892129E+001
1.80250000E+003, 3.07964938E+001
1.80500000E+003, 2.52638420E+001
1.80750000E+003, 1.98568080E+001
1.81000000E+003, 1.73851171E+001
1.81250000E+003, 2.29584923E+001
1.81500000E+003, 2.89097844E+001
1.81750000E+003, 3.45182072E+001
1.82000000E+003, 4.13833339E+001
1.82250000E+003, 5.13040499E+001
1.82500000E+003, 4.43765644E+001
1.82750000E+003, 3.95223516E+001
1.83000000E+003, 3.69149656E+001
1.83250000E+003, 3.48749717E+001
1.83500000E+003, 3.34464537E+001
1.83750000E+003, 3.15174879E+001
1.84000000E+003, 3.37045368E+001
1.84250000E+003, 3.26955743E+001
1.84500000E+003, 3.21874639E+001
1.84750000E+003, 3.22211232E+001
1.85000000E+003, 3.21256433E+001
1.85250000E+003, 3.20877860E+001
1.85500000E+003, 3.24632439E+001
1.85750000E+003, 3.28465144E+001
1.86000000E+003, 3.32053320E+001
1.86250000E+003, 3.35607312E+001
1.86500000E+003, 3.44885492E+001
1.86750000E+003, 3.54293706E+001
1.87000000E+003, 3.65775858E+001
1.87250000E+003, 3.83298083E+001
1.87500000E+003, 4.04979145E+001
1.87750000E+003, 4.35064355E+001
1.88000000E+003, 4.81589228E+001
1.88250000E+003, 5.16096539E+001
1.88500000E+003, 4.59414578E+001
1.88750000E+003, 4.12018749E+001
1.89000000E+003, 3.78695986E+001
1.89250000E+003, 3.54830660E+001
1.89500000E+003, 3.35377587E+001
1.89750000E+003, 3.17893706E+001
1.90000000E+003, 3.02863851E+001
1.90250000E+003, 2.90321611E+001
1.90500000E+003, 2.78727566E+001
1.90750000E+003, 2.65898388E+001
1.91000000E+003, 2.59327552E+001
1.91250000E+003, 2.51441613E+001
1.91500000E+003, 2.41769388E+001
1.91750000E+003, 2.36257403E+001
1.92000000E+003, 2.28875007E+001
1.92250000E+003, 2.23151278E+001
1.92500000E+003, 2.17233645E+001
1.92750000E+003, 2.16581840E+001
1.93000000E+003, 2.08620122E+001
1.93250000E+003, 2.04525100E+001
1.93500000E+003, 1.97926658E+001
1.93750000E+003, 1.97729021E+001
1.94000000E+003, 1.99730602E+001
1.94250000E+003, 2.01047902E+001
1.94500000E+003, 1.89050799E+001
1.94750000E+003, 1.93085900E+001
1.95000000E+003, 2.05487391E+001
1.95250000E+003, 1.94960972E+001
1.95500000E+003, 1.97777477E+001
1.95750000E+003, 1.98636803E+001
1.96000000E+003, 2.02193682E+001
1.96250000E+003, 2.06609060E+001
1.96500000E+003, 2.13316165E+001
1.96750000E+003, 2.19412439E+001
1.97000000E+003, 2.32207654E+001
1.97250000E+003, 2.44435167E+001
1.97500000E+003, 2.60088619E+001
1.97750000E+003, 2.84034295E+001
1.98000000E+003, 3.17725295E+001
1.98250000E+003, 3.73038865E+001
1.98500000E+003, 4.36162943E+001
1.98750000E+003, 3.51682573E+001
1.99000000E+003, 2.98881576E+001
1.99250000E+003, 2.66943450E+001
1.99500000E+003, 2.44320113E+001
1.99750000E+003, 2.19106413E+001
2.00000000E+003, 2.01498350E+001
2.00250000E+003, 1.91241253E+001
2.00500000E+003, 1.83555811E+001
2.00750000E+003, 1.68350106E+001
2.01000000E+003, 1.59811329E+001
2.01250000E+003, 1.53742606E+001
2.01500000E+003, 1.35450814E+001
2.01750000E+003, 1.37225571E+001
2.02000000E+003, 1.30645264E+001
2.02250000E+003, 1.31528601E+001
2.02500000E+003, 1.17098886E+001
2.02750000E+003, 1.06802253E+001
2.03000000E+003, 1.13614048E+001
2.03250000E+003, 1.04536665E+001
2.03500000E+003, 1.14380309E+001
2.03750000E+003, 9.90887089E+000
2.04000000E+003, 1.04246964E+001
2.04250000E+003, 1.00853994E+001
2.04500000E+003, 9.67084715E+000
2.04750000E+003, 8.83568363E+000
2.05000000E+003, 9.40471421E+000
2.05250000E+003, 9.47351750E+000
2.05500000E+003, 7.28145514E+000
2.05750000E+003, 5.56867557E+000
2.06000000E+003, 8.40152572E+000
2.06250000E+003, 7.01965446E+000
2.06500000E+003, 9.48365021E+000
2.06750000E+003, 8.26289985E+000
2.07000000E+003, 8.60840154E+000
2.07250000E+003, 7.69070610E+000
2.07500000E+003, 6.78448214E+000
2.07750000E+003, 5.25547819E+000
2.08000000E+003, 7.44096388E+000
2.08250000E+003, 5.79804109E+000
2.08500000E+003, 6.76424792E+000
2.08750000E+003, 4.32451001E+000
2.09000000E+003, 6.35464972E+000
2.09250000E+003, 7.16724628E+000
2.09500000E+003, 6.66488778E+000
2.09750000E+003, 7.66785882E+000
2.10000000E+003, 2.79871112E+000
2.10250000E+003, 5.80859740E+000
2.10500000E+003, 7.40501604E+000
2.10750000E+003, 4.53056070E+000
2.11000000E+003, 7.23991887E+000
2.11250000E+003, 6.19664322E+000
2.11500000E+003, 6.14772079E+000
2.11750000E+003, 7.00032059E+000
2.12000000E+003, 6.41634514E+000
2.12250000E+003, 5.74849156E+000
2.12500000E+003, 7.13552511E+000
2.12750000E+003, 6.63175939E+000
2.13000000E+003, 7.73848676E+000
2.13250000E+003, 6.63204407E+000
2.13500000E+003, 5.52292793E+000
2.13750000E+003, 7.24098574E+000
2.14000000E+003, 6.93728505E+000
2.14250000E+003, 7.10573536E+000
2.14500000E+003, 7.89017737E+000
2.14750000E+003, 8.54120411E+000
2.15000000E+003, 8.05190917E+000
2.15250000E+003, 6.64430881E+000
2.15500000E+003, 7.84704244E+000
2.15750000E+003, 6.93447883E+000
2.16000000E+003, 5.58677435E+000
2.16250000E+003, 6.58919648E+000
2.16500000E+003, 8.57080426E+000
2.16750000E+003, 7.03960858E+000
2.17000000E+003, 5.51883147E+000
2.17250000E+003, 7.58750252E+000
2.17500000E+003, 7.37019242E+000
2.17750000E+003, 8.17030153E+000
2.18000000E+003, 1.00485760E+001
2.18250000E+003, 7.29286563E+000
2.18500000E+003, 9.76579411E+000
2.18750000E+003, 7.40035481E+000
2.19000000E+003, 9.78505649E+000
2.19250000E+003, 7.67832314E+000
2.19500000E+003, 9.84052559E+000
2.19750000E+003, 8.74404713E+000
2.20000000E+003, 8.19954585E+000
2.20250000E+003, 9.44051867E+000
2.20500000E+003, 9.00755072E+000
2.20750000E+003, 8.28274079E+000
2.21000000E+003, 9.64890510E+000
2.21250000E+003, 9.85521980E+000
2.21500000E+003, 1.19640380E+001
2.21750000E+003, 9.01608884E+000
2.22000000E+003, 9.04129461E+000
2.22250000E+003, 9.78607732E+000
2.22500000E+003, 1.10039268E+001
2.22750000E+003, 1.07751756E+001
2.23000000E+003, 1.08264536E+001
2.23250000E+003, 1.07355847E+001
2.23500000E+003, 1.09977933E+001
2.23750000E+003, 1.14505064E+001
2.24000000E+003, 1.24370698E+001
2.24250000E+003, 1.17865213E+001
2.24500000E+003, 1.19645993E+001
2.24750000E+003, 1.31249123E+001
2.25000000E+003, 1.32977244E+001
2.25250000E+003, 1.22604725E+001
2.25500000E+003, 1.36705877E+001
2.25750000E+003, 1.34475877E+001
2.26000000E+003, 1.33676090E+001
2.26250000E+003, 1.37954069E+001
2.26500000E+003, 1.40393287E+001
2.26750000E+003, 1.47430175E+001
2.27000000E+003, 1.52733746E+001
2.27250000E+003, 1.49528137E+001
2.27500000E+003, 1.51602650E+001
2.27750000E+003, 1.48653486E+001
2.28000000E+003, 1.57827954E+001
2.28250000E+003, 1.60077805E+001
2.28500000E+003, 1.61202847E+001
2.28750000E+003, 1.64668228E+001
2.29000000E+003, 1.68932910E+001
2.29250000E+003, 1.73235068E+001
2.29500000E+003, 1.73860185E+001
2.29750000E+003, 1.81930752E+001
2.30000000E+003, 1.83775280E+001
2.30250000E+003, 1.87706311E+001
2.30500000E+003, 1.93490300E+001
2.30750000E+003, 2.01589155E+001
2.31000000E+003, 2.04109401E+001
2.31250000E+003, 2.12249741E+001
2.31500000E+003, 2.16979396E+001
2.31750000E+003, 2.26495012E+001
2.32000000E+003, 2.33271026E+001
2.32250000E+003, 2.41591868E+001
2.32500000E+003, 2.50668720E+001
2.32750000E+003, 2.61600364E+001
2.33000000E+003, 2.70031864E+001
2.33250000E+003, 2.76213613E+001
2.33500000E+003, 2.82884014E+001
2.33750000E+003, 2.85293209E+001
2.34000000E+003, 2.89371477E+001
2.34250000E+003, 2.83748598E+001
2.34500000E+003, 2.76639238E+001
2.34750000E+003, 2.66377656E+001
2.35000000E+003, 2.58572926E+001
2.35250000E+003, 2.50019365E+001
2.35500000E+003, 2.39763414E+001
2.35750000E+003, 2.32588385E+001
2.36000000E+003, 2.22159780E+001
2.36250000E+003, 2.15173900E+001
2.36500000E+003, 2.05639004E+001
2.36750000E+003, 2.00262452E+001
2.37000000E+003, 1.93435368E+001
2.37250000E+003, 1.90939529E+001
2.37500000E+003, 1.82577521E+001
2.37750000E+003, 1.79562911E+001
2.38000000E+003, 1.75118211E+001
2.38250000E+003, 1.70243239E+001
2.38500000E+003, 1.61437328E+001
2.38750000E+003, 1.59405352E+001
2.39000000E+003, 1.55382258E+001
2.39250000E+003, 1.53369581E+001
2.39500000E+003, 1.50903809E+001
2.39750000E+003, 1.50201821E+001
2.40000000E+003, 1.37537012E+001
2.40250000E+003, 1.37208744E+001
2.40500000E+003, 1.41903946E+001
2.40750000E+003, 1.28899308E+001
2.41000000E+003, 1.35568279E+001
2.41250000E+003, 1.23036920E+001
2.41500000E+003, 1.25554417E+001
2.41750000E+003, 1.21442183E+001
2.42000000E+003, 1.28187280E+001
2.42250000E+003, 1.22538070E+001
2.42500000E+003, 1.08751414E+001
2.42750000E+003, 9.59274606E+000
2.43000000E+003, 9.50012248E+000
2.43250000E+003, 8.46321004E+000
2.43500000E+003, 6.78844516E+000
2.43750000E+003, 7.49902314E+000
2.44000000E+003, 5.23845989E+000
2.44250000E+003, 7.40466823E+000
2.44500000E+003, 1.81969304E-001
2.44750000E+003, 3.68334249E+000
2.45000000E+003, 5.11885910E+000
2.45250000E+003, 5.46981324E+000
2.45500000E+003, 7.23864093E+000
2.45750000E+003, 6.21474754E+000
2.46000000E+003, 2.46295569E+000
2.46250000E+003, 4.23292228E+000
2.46500000E+003, 5.06275471E+000
2.46750000E+003, 5.09713116E+000
2.47000000E+003, 4.44858673E+000
2.47250000E+003, 3.50184502E+000
2.47500000E+003, 2.43989698E+000
2.47750000E+003, 2.64869009E+000
2.48000000E+003, 2.73449096E+000
2.48250000E+003, 2.24352128E+000
2.48500000E+003, 3.40219018E-001
2.48750000E+003, 3.94215431E+000
2.49000000E+003, 2.32795404E+000
2.49250000E+003, 1.51344401E+000
2.49500000E+003, 4.64332613E-001
2.49750000E+003, 9.31709398E-001
2.50000000E+003, -1.03043834E-001
2.50250000E+003, 7.24774833E-001
2.50500000E+003, 1.95974120E+000
2.50750000E+003, -1.55766605E+000
2.51000000E+003, -2.00673465E+000
2.51250000E+003, 1.44610979E+000
2.51500000E+003, 1.42378168E+000
2.51750000E+003, 7.78726131E-001
2.52000000E+003, -3.21586400E+000
2.52250000E+003, -1.60875294E+000
2.52500000E+003, -3.74078929E+000
2.52750000E+003, -1.30723634E+001
2.53000000E+003, -1.90581392E-001
2.53250000E+003, -1.69238967E+000
2.53500000E+003, -5.13779215E-001
2.53750000E+003, -7.65490261E+000
2.54000000E+003, -1.93784889E+000
2.54250000E+003, -1.06491810E+001
2.54500000E+003, -9.73366706E+000
2.54750000E+003, -1.51023236E+001
2.55000000E+003, -1.16772553E+001
2.55250000E+003, -9.08897802E+000
2.55500000E+003, -1.97090063E+001
2.55750000E+003, -1.40578156E+001
2.56000000E+003, -1.04132605E+001
2.56250000E+003, -1.11624646E+001
2.56500000E+003, -1.90627180E+001
2.56750000E+003, -1.63367794E+001
2.57000000E+003, -7.59233614E+000
2.57250000E+003, -1.43360697E+001
2.57500000E+003, -1.30681913E+001
2.57750000E+003, -9.61971695E+000
2.58000000E+003, -2.46002728E+001
2.58250000E+003, -1.35245849E+001
2.58500000E+003, -4.94428376E+000
2.58750000E+003, -1.13097716E+001
2.59000000E+003, -8.47389417E+000
2.59250000E+003, -1.03297941E+001
2.59500000E+003, -1.50366140E+001
2.59750000E+003, -1.10155988E+001
2.60000000E+003, -1.29202790E+001
2.60250000E+003, -1.22224138E+001
2.60500000E+003, -3.60225220E+000
2.60750000E+003, -7.98982188E+000
2.61000000E+003, -1.97478341E+001
2.61250000E+003, -2.15076717E+001
2.61500000E+003, -2.48749345E+000
2.61750000E+003, -9.05827417E+000
2.62000000E+003, -1.55832601E+001
2.62250000E+003, -8.04072346E+000
2.62500000E+003, -7.16853403E+000
2.62750000E+003, -4.68625168E+000
2.63000000E+003, -4.70629346E+000
2.63250000E+003, -2.62943018E+001
2.63500000E+003, -2.48835830E+000
2.63750000E+003, -5.27447998E+000
2.64000000E+003, -4.13318643E+000
2.64250000E+003, -4.09705435E+000
2.64500000E+003, -1.40429999E+001
2.64750000E+003, -1.12193416E+000
2.65000000E+003, -3.43062849E+000
2.65250000E+003, -6.66737276E+000
2.65500000E+003, -5.03705131E+000
2.65750000E+003, 1.22461985E+000
2.66000000E+003, -2.21160237E+000
2.66250000E+003, -1.02911922E+000
2.66500000E+003, -2.76334074E+000
2.66750000E+003, -6.42842000E+000
2.67000000E+003, -3.19917203E+000
2.67250000E+003, -2.21043132E+000
2.67500000E+003, -4.08684023E+000
2.67750000E+003, -5.08175158E-001
2.68000000E+003, -1.00917598E+000
2.68250000E+003, 7.52436407E-001
2.68500000E+003, -1.19555002E+000
2.68750000E+003, -4.27912003E-001
2.69000000E+003, 1.03790139E+000
2.69250000E+003, -5.28974694E-001
2.69500000E+003, -9.15053286E-001
2.69750000E+003, -2.53162728E+000
2.70000000E+003, -1.49692282E+000
2.70250000E+003, 1.27381508E+000
2.70500000E+003, -4.10754960E-001
2.70750000E+003, 3.04013797E+000
2.71000000E+003, 7.04424509E-001
2.71250000E+003, -2.66266031E-001
2.71500000E+003, 3.47478237E+000
2.71750000E+003, 6.30206810E+000
2.72000000E+003, 2.55728250E+000
2.72250000E+003, 1.44282659E+000
2.72500000E+003, 3.49857059E+000
2.72750000E+003, 4.84738976E+000
2.73000000E+003, 6.40608787E+000
2.73250000E+003, 5.75635358E+000
2.73500000E+003, 6.90714006E+000
2.73750000E+003, 6.69219541E+000
2.74000000E+003, 7.29232369E+000
2.74250000E+003, 6.99722985E+000
2.74500000E+003, 8.62097454E+000
2.74750000E+003, 6.58670909E+000
2.75000000E+003, 9.72368615E+000
2.75250000E+003, 9.81936718E+000
2.75500000E+003, 9.75058224E+000
2.75750000E+003, 1.05605480E+001
2.76000000E+003, 9.99277118E+000
2.76250000E+003, 1.25401375E+001
2.76500000E+003, 1.25728707E+001
2.76750000E+003, 1.38226665E+001
2.77000000E+003, 1.33500108E+001
2.77250000E+003, 1.49865564E+001
2.77500000E+003, 1.50362934E+001
2.77750000E+003, 1.56160745E+001
2.78000000E+003, 1.62362157E+001
2.78250000E+003, 1.71899838E+001
2.78500000E+003, 1.79936337E+001
2.78750000E+003, 1.85487659E+001
2.79000000E+003, 1.93415249E+001
2.79250000E+003, 2.02848743E+001
2.79500000E+003, 2.12143662E+001
2.79750000E+003, 2.23537057E+001
2.80000000E+003, 2.38728957E+001
2.80250000E+003, 2.54194345E+001
2.80500000E+003, 2.68038415E+001
2.80750000E+003, 2.87685380E+001
2.81000000E+003, 3.11881947E+001
2.81250000E+003, 3.43080337E+001
2.81500000E+003, 3.91293030E+001
2.81750000E+003, 4.81506784E+001
2.82000000E+003, 4.38689677E+001
2.82250000E+003, 3.72213880E+001
2.82500000E+003, 3.34529541E+001
2.82750000E+003, 3.08459172E+001
2.83000000E+003, 2.89499805E+001
2.83250000E+003, 2.73733268E+001
2.83500000E+003, 2.60790080E+001
2.83750000E+003, 2.50728308E+001
2.84000000E+003, 2.40508624E+001
2.84250000E+003, 2.33371224E+001
2.84500000E+003, 2.23308810E+001
2.84750000E+003, 2.15867775E+001
2.85000000E+003, 2.08049418E+001
2.85250000E+003, 2.06938970E+001
2.85500000E+003, 1.98052113E+001
2.85750000E+003, 1.97379179E+001
2.86000000E+003, 1.93106782E+001
2.86250000E+003, 1.90160487E+001
2.86500000E+003, 1.84633733E+001
2.86750000E+003, 1.80639348E+001
2.87000000E+003, 1.80271097E+001
2.87250000E+003, 1.72161624E+001
2.87500000E+003, 1.74555933E+001
2.87750000E+003, 1.69999525E+001
2.88000000E+003, 1.65511330E+001
2.88250000E+003, 1.62396995E+001
2.88500000E+003, 1.60444364E+001
2.88750000E+003, 1.62412272E+001
2.89000000E+003, 1.53038924E+001
2.89250000E+003, 1.58914749E+001
2.89500000E+003, 1.63442905E+001
2.89750000E+003, 1.48118086E+001
2.90000000E+003, 1.54249436E+001
2.90250000E+003, 1.54286570E+001
2.90500000E+003, 1.47854063E+001
2.90750000E+003, 1.42804585E+001
2.91000000E+003, 1.52361214E+001
2.91250000E+003, 1.55928776E+001
2.91500000E+003, 1.55397283E+001
2.91750000E+003, 1.64611712E+001
2.92000000E+003, 1.59427259E+001
2.92250000E+003, 1.63104779E+001
2.92500000E+003, 1.74860268E+001
2.92750000E+003, 1.86249194E+001
2.93000000E+003, 2.13374502E+001
2.93250000E+003, 2.58927904E+001
2.93500000E+003, 1.97600302E+001
2.93750000E+003, 1.01056249E+001
2.94000000E+003, 1.43911052E+000
2.94250000E+003, 5.57077199E-001
2.94500000E+003, 1.17185548E+000
2.94750000E+003, 3.35544737E+000
2.95000000E+003, 3.99203971E+000
2.95250000E+003, 5.25113561E+000
2.95500000E+003, 6.76314670E+000
2.95750000E+003, 7.28196785E+000
2.96000000E+003, 6.95785024E+000
2.96250000E+003, 5.16863135E+000
2.96500000E+003, 7.31449457E+000
2.96750000E+003, 8.39821560E+000
2.97000000E+003, 8.15367536E+000
2.97250000E+003, 6.58208126E+000
2.97500000E+003, 8.16389885E+000
2.97750000E+003, 8.21642080E+000
2.98000000E+003, 9.01003310E+000
2.98250000E+003, 5.40015929E+000
2.98500000E+003, 9.21212787E+000
2.98750000E+003, 6.89291568E+000
2.99000000E+003, 7.15862525E+000
2.99250000E+003, 5.84945545E+000
2.99500000E+003, 7.75985416E+000
2.99750000E+003, 5.70231393E+000
3.00000000E+003, 8.52577063E+000
3.00250000E+003, 5.88463788E+000
3.00500000E+003, 7.04173758E+000
3.00750000E+003, 8.04057102E+000
3.01000000E+003, 8.56707522E+000
3.01250000E+003, 6.34558891E+000
3.01500000E+003, 7.04872549E+000
3.01750000E+003, 4.65052390E+000
3.02000000E+003, 7.77825068E+000
3.02250000E+003, 2.73275066E+000
3.02500000E+003, 6.91195214E+000
3.02750000E+003, 5.39874333E+000
3.03000000E+003, 5.85827083E+000
3.03250000E+003, 4.47503538E+000
3.03500000E+003, 6.79936456E+000
3.03750000E+003, 6.50100227E+000
3.04000000E+003, 3.62082972E+000
3.04250000E+003, 8.16408468E+000
3.04500000E+003, 6.70378831E+000
3.04750000E+003, 5.84034476E+000
3.05000000E+003, 7.17229149E+000
3.05250000E+003, 1.64692904E+000
3.05500000E+003, 7.77018835E+000
3.05750000E+003, 5.59489696E+000
3.06000000E+003, -5.38095378E+000
3.06250000E+003, 4.04587418E+000
3.06500000E+003, 7.21911317E+000
3.06750000E+003, 5.50270113E+000
3.07000000E+003, 4.89074396E+000
3.07250000E+003, 7.17067172E+000
3.07500000E+003, 5.07945840E+000
3.07750000E+003, 1.43032450E+000
3.08000000E+003, -2.66749811E+000
3.08250000E+003, 6.29396886E+000
3.08500000E+003, 6.22164750E+000
3.08750000E+003, 5.89347763E+000
3.09000000E+003, 3.12771933E+000
3.09250000E+003, 3.19599073E+000
3.09500000E+003, 1.02627920E+000
3.09750000E+003, 2.32301185E+000
3.10000000E+003, 6.52972318E+000
3.10250000E+003, 6.40930152E+000
3.10500000E+003, 3.43550699E+000
3.10750000E+003, 5.04169289E+000
3.11000000E+003, 8.29912858E+000
3.11250000E+003, 1.78504123E+000
3.11500000E+003, 6.57015251E+000
3.11750000E+003, 1.06354826E+001
3.12000000E+003, 9.23742380E+000
3.12250000E+003, 2.77745653E+000
3.12500000E+003, 7.00390331E+000
3.12750000E+003, -9.84713716E-001
3.13000000E+003, 4.44334543E+000
3.13250000E+003, 8.65313550E+000
3.13500000E+003, 9.44313496E+000
3.13750000E+003, 1.10618342E+001
3.14000000E+003, 1.06047319E+001
3.14250000E+003, 1.22359415E+001
3.14500000E+003, 8.08408085E+000
3.14750000E+003, -1.81197147E+001
3.15000000E+003, 8.11791692E+000
3.15250000E+003, 5.18265169E+000
3.15500000E+003, 8.77756482E+000
3.15750000E+003, 4.72209942E+000
3.16000000E+003, 9.25851713E+000
3.16250000E+003, 2.05201581E+000
3.16500000E+003, 6.09642406E+000
3.16750000E+003, 6.54711081E+000
3.17000000E+003, 7.36474110E+000
3.17250000E+003, 8.66499159E+000
3.17500000E+003, 1.13661646E+001
3.17750000E+003, 1.09415061E+001
3.18000000E+003, 6.93817158E+000
3.18250000E+003, 7.96027240E+000
3.18500000E+003, 1.27997879E+001
3.18750000E+003, 1.02558501E+001
3.19000000E+003, -2.17420338E+000
3.19250000E+003, 9.43986235E+000
3.19500000E+003, 6.25248483E+000
3.19750000E+003, 9.74394861E+000
3.20000000E+003, 1.08963339E+001
3.20250000E+003, 9.57020272E+000
3.20500000E+003, 8.72283136E+000
3.20750000E+003, 1.09741465E+001
3.21000000E+003, 1.17044104E+001
3.21250000E+003, 7.56070549E+000
3.21500000E+003, 9.23300592E-001
3.21750000E+003, 9.72509040E+000
3.22000000E+003, 5.31698874E+000
3.22250000E+003, 1.06909492E+001
3.22500000E+003, 1.72948938E+001
3.22750000E+003, 1.10495295E+001
3.23000000E+003, 1.19013205E+001
3.23250000E+003, 1.66770901E+001
3.23500000E+003, 1.49724169E+001
3.23750000E+003, 1.01056944E+001
3.24000000E+003, 1.22634111E+001
3.24250000E+003, 1.40068973E+001
3.24500000E+003, 1.55386363E+001
3.24750000E+003, 1.58529972E+001
3.25000000E+003, 1.65247259E+001
3.25250000E+003, 1.83183372E+001
3.25500000E+003, 1.59183332E+001
3.25750000E+003, 1.45394620E+001
3.26000000E+003, 1.94287866E+001
3.26250000E+003, 2.12841296E+001
3.26500000E+003, 2.51093651E+001
3.26750000E+003, 3.01435582E+001
3.27000000E+003, 3.18604085E+001
3.27250000E+003, 2.58538051E+001
3.27500000E+003, 1.97569063E+001
3.27750000E+003, 1.82756772E+001
3.28000000E+003, 1.82538858E+001
3.28250000E+003, 9.57936570E+000
3.28500000E+003, 1.20397575E+001
3.28750000E+003, 8.75036191E+000
3.29000000E+003, 6.80392012E+000
3.29250000E+003, -3.41052528E+000
3.29500000E+003, 3.85850674E+000
3.29750000E+003, 5.16430253E+000
3.30000000E+003, 7.64027898E+000
3.30250000E+003, 6.39290057E+000
3.30500000E+003, -6.56583820E+000
3.30750000E+003, 8.23019445E+000
3.31000000E+003, 8.67802766E+000
3.31250000E+003, 9.46611729E+000
3.31500000E+003, -6.15889054E+000
3.31750000E+003, 5.06775425E+000
3.32000000E+003, 6.52535730E+000
3.32250000E+003, 1.31826395E+001
3.32500000E+003, 4.58010406E+000
3.32750000E+003, 1.49090156E+001
3.33000000E+003, 1.22402876E+001
3.33250000E+003, 1.48484878E+001
3.33500000E+003, 8.60803433E+000
3.33750000E+003, 1.19059490E+001
3.34000000E+003, 1.06782169E+001
3.34250000E+003, 1.61700636E+001
3.34500000E+003, 2.10024146E+001
3.34750000E+003, 2.45623705E+001
3.35000000E+003, 3.04595077E+001
3.35250000E+003, 2.90159622E+001
3.35500000E+003, 2.24905060E+001
3.35750000E+003, 1.72924547E+001
3.36000000E+003, 1.70174909E+001
3.36250000E+003, 1.44812721E+001
3.36500000E+003, 9.54763965E+000
3.36750000E+003, 1.08022802E+001
3.37000000E+003, 9.36104137E+000
3.37250000E+003, 3.94889020E+000
3.37500000E+003, 1.21568244E+001
3.37750000E+003, 1.93122390E+001
3.38000000E+003, 2.55252909E+001
3.38250000E+003, 3.32252056E+001
3.38500000E+003, 2.93789055E+001
3.38750000E+003, 2.47076765E+001
3.39000000E+003, 2.28854968E+001
3.39250000E+003, 2.09175074E+001
3.39500000E+003, 1.96386792E+001
3.39750000E+003, 1.60080077E+001
3.40000000E+003, 1.32622114E+001
3.40250000E+003, 1.81374682E+001
3.40500000E+003, 1.74323271E+001
3.40750000E+003, 1.39353808E+001
3.41000000E+003, 1.55336589E+001
3.41250000E+003, 1.31605099E+001
3.41500000E+003, 1.61852285E+001
3.41750000E+003, 1.36208050E+001
3.42000000E+003, 1.14526240E+001
3.42250000E+003, 1.56323960E+001
3.42500000E+003, 1.26051448E+001
3.42750000E+003, 1.33622802E+001
3.43000000E+003, 1.21299749E+001
3.43250000E+003, 1.45823732E+001
3.43500000E+003, 1.48606558E+001
3.43750000E+003, 1.40480260E+001
3.44000000E+003, 1.16979099E+001
3.44250000E+003, 1.34635441E+001
3.44500000E+003, 1.46307857E+001
3.44750000E+003, 1.42426705E+001
3.45000000E+003, 1.31184796E+001
3.45250000E+003, 1.58433344E+001
3.45500000E+003, 1.49709053E+001
3.45750000E+003, 1.02619369E+001
3.46000000E+003, 1.51410732E+001
3.46250000E+003, 1.48188011E+001
3.46500000E+003, 1.74281158E+001
3.46750000E+003, 1.31354566E+001
3.47000000E+003, 1.59878647E+001
3.47250000E+003, 1.49118562E+001
3.47500000E+003, 1.59648094E+001
3.47750000E+003, 1.53261301E+001
3.48000000E+003, 1.47094905E+001
3.48250000E+003, 1.63076716E+001
3.48500000E+003, 1.61807281E+001
3.48750000E+003, 1.52288678E+001
3.49000000E+003, 1.72997969E+001
3.49250000E+003, 1.68018574E+001
3.49500000E+003, 1.84269287E+001
3.49750000E+003, 1.74111102E+001
3.50000000E+003, 1.77722212E+001
3.50250000E+003, 1.79866696E+001
3.50500000E+003, 1.78015375E+001
3.50750000E+003, 1.77348580E+001
3.51000000E+003, 1.86190336E+001
3.51250000E+003, 1.87503020E+001
3.51500000E+003, 1.99584115E+001
3.51750000E+003, 2.06799322E+001
3.52000000E+003, 2.09578755E+001
3.52250000E+003, 2.10228570E+001
3.52500000E+003, 2.27970264E+001
3.52750000E+003, 2.24781528E+001
3.53000000E+003, 2.31089521E+001
3.53250000E+003, 2.35316653E+001
3.53500000E+003, 2.50261638E+001
3.53750000E+003, 2.56038225E+001
3.54000000E+003, 2.66405412E+001
3.54250000E+003, 2.80870538E+001
3.54500000E+003, 2.85904487E+001
3.54750000E+003, 3.06611450E+001
3.55000000E+003, 3.15645764E+001
3.55250000E+003, 3.27892207E+001
3.55500000E+003, 3.39432195E+001
3.55750000E+003, 3.41958578E+001
3.56000000E+003, 3.33104562E+001
3.56250000E+003, 3.18294475E+001
3.56500000E+003, 3.01448321E+001
3.56750000E+003, 2.88705259E+001
3.57000000E+003, 2.70365084E+001
3.57250000E+003, 2.61502877E+001
3.57500000E+003, 2.45183687E+001
3.57750000E+003, 2.35433607E+001
3.58000000E+003, 2.23640138E+001
3.58250000E+003, 2.15901952E+001
3.58500000E+003, 2.13699368E+001
3.58750000E+003, 2.09354394E+001
3.59000000E+003, 1.92101367E+001
3.59250000E+003, 1.82871924E+001
3.59500000E+003, 1.81633169E+001
3.59750000E+003, 1.74107404E+001
3.60000000E+003, 1.63250542E+001
3.60250000E+003, 1.53793193E+001
3.60500000E+003, 1.42441587E+001
3.60750000E+003, 1.49784598E+001
3.61000000E+003, 1.24744507E+001
3.61250000E+003, 1.42385311E+001
3.61500000E+003, 1.44143336E+001
3.61750000E+003, 1.19370234E+001
3.62000000E+003, 1.31178417E+001
3.62250000E+003, 1.14183027E+001
3.62500000E+003, 1.18302312E+001
3.62750000E+003, 1.13923403E+001
3.63000000E+003, 1.12380026E+001
3.63250000E+003, 9.81090584E+000
3.63500000E+003, 7.30537598E+000
3.63750000E+003, 8.65256053E+000
3.64000000E+003, 9.50220291E+000
3.64250000E+003, 6.71880388E+000
3.64500000E+003, 9.18899671E+000
3.64750000E+003, 6.72952843E+000
3.65000000E+003, 9.58634372E+000
3.65250000E+003, 6.05239597E+000
3.65500000E+003, 5.49676385E+000
3.65750000E+003, 4.33624148E+000
3.66000000E+003, 2.56329827E+000
3.66250000E+003, 8.35872523E+000
3.66500000E+003, 6.79363618E+000
3.66750000E+003, -2.04437481E+000
3.67000000E+003, 2.70173233E+000
3.67250000E+003, 6.87755285E+000
3.67500000E+003, 8.84154490E-001
3.67750000E+003, -5.26656689E+000
3.68000000E+003, 1.65958866E+000
3.68250000E+003, -2.26031871E+001
3.68500000E+003, -1.16479971E+000
3.68750000E+003, -7.55373435E+000
3.69000000E+003, -4.53524265E+000
3.69250000E+003, 1.07029125E+000
3.69500000E+003, -1.66746700E+000
3.69750000E+003, 5.75667406E+000
3.70000000E+003, 9.75250620E+000
3.70250000E+003, 7.52994493E+000
3.70500000E+003, 1.29820314E+001
3.70750000E+003, 1.45074717E+001
3.71000000E+003, 1.75267640E+001
3.71250000E+003, 2.02172984E+001
3.71500000E+003, 2.43482065E+001
3.71750000E+003, 2.82692521E+001
3.72000000E+003, 3.36662334E+001
3.72250000E+003, 3.48916006E+001
3.72500000E+003, 3.02443816E+001
3.72750000E+003, 2.69922840E+001
3.73000000E+003, 2.48877012E+001
3.73250000E+003, 2.31947252E+001
3.73500000E+003, 2.23460229E+001
3.73750000E+003, 2.13451735E+001
3.74000000E+003, 2.12608292E+001
3.74250000E+003, 2.02682138E+001
3.74500000E+003, 2.03031858E+001
3.74750000E+003, 1.88090444E+001
3.75000000E+003, 1.94285992E+001
3.75250000E+003, 1.92122942E+001
3.75500000E+003, 2.00425359E+001
3.75750000E+003, 2.02523231E+001
3.76000000E+003, 2.10195042E+001
3.76250000E+003, 2.26481026E+001
3.76500000E+003, 2.41704316E+001
3.76750000E+003, 2.71836264E+001
3.77000000E+003, 3.28035055E+001
3.77250000E+003, 3.08670286E+001
3.77500000E+003, 2.26985302E+001
3.77750000E+003, 1.86924121E+001
3.78000000E+003, 1.38150513E+001
3.78250000E+003, 6.87630825E+000
3.78500000E+003, 9.26357588E+000
3.78750000E+003, 6.08857955E+000
3.79000000E+003, 3.81700124E+000
3.79250000E+003, -1.46389069E+001
3.79500000E+003, -9.03080076E-001
3.79750000E+003, -9.85589192E+000
3.80000000E+003, -4.99084888E+000
3.80250000E+003, -1.46519553E+001
3.80500000E+003, 3.20891541E+000
3.80750000E+003, -2.66654806E+000
3.81000000E+003, -4.30622158E+000
3.81250000E+003, -6.46927583E+000
3.81500000E+003, -5.22267387E+000
3.81750000E+003, -6.49565626E-001
3.82000000E+003, -1.01874403E+000
3.82250000E+003, -1.95303968E-001
3.82500000E+003, 7.39717850E-001
3.82750000E+003, -1.86278416E+000
3.83000000E+003, 2.75881266E+000
3.83250000E+003, 4.02594252E+000
3.83500000E+003, 6.38084405E+000
3.83750000E+003, -2.81779038E+000
3.84000000E+003, 3.09180577E+000
3.84250000E+003, 4.24350956E+000
3.84500000E+003, 3.45803664E+000
3.84750000E+003, -7.38590942E+000
3.85000000E+003, 2.17956750E+000
3.85250000E+003, 6.25130284E-001
3.85500000E+003, 3.90518213E+000
3.85750000E+003, -5.98736762E+000
3.86000000E+003, 7.32631968E+000
3.86250000E+003, -5.95605636E+000
3.86500000E+003, 4.99894559E+000
3.86750000E+003, -2.45131940E-001
3.87000000E+003, 5.22552169E+000
3.87250000E+003, 7.25780718E+000
3.87500000E+003, 4.61605894E+000
3.87750000E+003, -1.52086547E+000
3.88000000E+003, 2.51728405E+000
3.88250000E+003, 6.79872407E+000
3.88500000E+003, 6.01915187E+000
3.88750000E+003, 9.16882321E+000
3.89000000E+003, 8.07379625E+000
3.89250000E+003, 2.23947197E+000
3.89500000E+003, 5.44753791E+000
3.89750000E+003, -1.21969161E+000
3.90000000E+003, 2.06784396E+000
3.90250000E+003, 4.92828921E+000
3.90500000E+003, -9.65841891E+000
3.90750000E+003, 6.05144299E-001
3.91000000E+003, -1.34530891E+000
3.91250000E+003, 8.47426952E-001
3.91500000E+003, 4.37554429E+000
3.91750000E+003, 1.32568400E+000
3.92000000E+003, 4.66394039E+000
3.92250000E+003, 3.04324377E-001
3.92500000E+003, 2.24890916E+000
3.92750000E+003, 3.25926891E+000
3.93000000E+003, 7.63038401E+000
3.93250000E+003, 6.08016068E+000
3.93500000E+003, 7.13514102E+000
3.93750000E+003, 5.21564173E+000
3.94000000E+003, -1.21335386E+000
3.94250000E+003, 5.38562150E+000
3.94500000E+003, 3.54387275E+000
3.94750000E+003, 4.71466971E+000
3.95000000E+003, 5.83644235E+000
3.95250000E+003, 5.67694180E+000
3.95500000E+003, 1.47086932E+000
3.95750000E+003, 4.50731667E+000
3.96000000E+003, 3.25790522E+000
3.96250000E+003, 5.90146302E+000
3.96500000E+003, 7.91909495E+000
3.96750000E+003, -9.93238058E-001
3.97000000E+003, -1.63253242E+000
3.97250000E+003, 1.13867703E+000
3.97500000E+003, -2.32027153E-001
3.97750000E+003, 5.20063102E+000
3.98000000E+003, 4.36071423E+000
3.98250000E+003, 7.75783212E+000
3.98500000E+003, 2.80867278E+000
3.98750000E+003, 8.41783111E+000
3.99000000E+003, 7.20602994E+000
3.99250000E+003, 7.81844821E+000
3.99500000E+003, 4.68329165E+000
3.99750000E+003, 4.28266301E+000
4.00000000E+003, 1.10309396E+000
