Label:, CH1-2: é¸îgêîâûìöä÷êî
DateTime:, Thu Feb 08 16:45:15 2018
DataKind:, CH1-2, FRF, Mag
DataPoints:, 1601
DataCalc:, H1
Frequency:, 0.000 , 4000.000, Hz
Sample:, 4096, Internal
Average:, 3, Power/Sum
Voltage(CH1):, -20.000, dBVrms
Voltage(CH2):, -10.000, dBVrms
EU/V(CH1):, 3.757E+001
EU/V(CH2):, 1.088E+003
Window(CH1):, Rect
Window(CH2):, Rect
X-AxisScale:, Lin
X-AxisUnit:, Hz
Y-AxisScale:, Log
Y-AxisUnit:, m/s2/N
Y-AxisMagniude:
0.00000000E+000, 4.41853673E+001
2.50000000E+000, 2.28617995E+001
5.00000000E+000, 2.08022702E+001
7.50000000E+000, 2.19745333E+001
1.00000000E+001, 2.36853043E+001
1.25000000E+001, 2.28678421E+001
1.50000000E+001, 2.27420494E+001
1.75000000E+001, 2.32163796E+001
2.00000000E+001, 2.19333028E+001
2.25000000E+001, 2.24094519E+001
2.50000000E+001, 2.25478962E+001
2.75000000E+001, 1.94710708E+001
3.00000000E+001, 2.02350053E+001
3.25000000E+001, 1.92222581E+001
3.50000000E+001, 1.76288237E+001
3.75000000E+001, 1.74705146E+001
4.00000000E+001, 1.64809061E+001
4.25000000E+001, 1.64827184E+001
4.50000000E+001, 1.53775402E+001
4.75000000E+001, 1.46802017E+001
5.00000000E+001, 1.36071668E+001
5.25000000E+001, 1.39426328E+001
5.50000000E+001, 1.31495097E+001
5.75000000E+001, 1.23603534E+001
6.00000000E+001, 1.02462947E+001
6.25000000E+001, 1.19776074E+001
6.50000000E+001, 9.72971611E+000
6.75000000E+001, 1.05429541E+001
7.00000000E+001, 8.52065060E+000
7.25000000E+001, 9.39187872E+000
7.50000000E+001, 8.12207028E+000
7.75000000E+001, 7.92409245E+000
8.00000000E+001, 2.78696724E+000
8.25000000E+001, 4.66531530E+000
8.50000000E+001, 3.21493698E-001
8.75000000E+001, 1.41812013E-001
9.00000000E+001, -5.37291895E+000
9.25000000E+001, -1.46275876E+001
9.50000000E+001, -1.49397985E+001
9.75000000E+001, -2.27448567E+000
1.00000000E+002, -4.06870015E+000
1.02500000E+002, 3.37613374E+000
1.05000000E+002, 3.25423352E+000
1.07500000E+002, 7.22472515E+000
1.10000000E+002, 7.46330247E+000
1.12500000E+002, 9.89564729E+000
1.15000000E+002, 1.08819579E+001
1.17500000E+002, 1.28201016E+001
1.20000000E+002, 1.57048901E+001
1.22500000E+002, 1.71126562E+001
1.25000000E+002, 1.92123077E+001
1.27500000E+002, 2.12888957E+001
1.30000000E+002, 2.34346545E+001
1.32500000E+002, 2.58158535E+001
1.35000000E+002, 2.84063680E+001
1.37500000E+002, 3.18657580E+001
1.40000000E+002, 3.76701665E+001
1.42500000E+002, 5.18021161E+001
1.45000000E+002, 3.99924514E+001
1.47500000E+002, 3.41592322E+001
1.50000000E+002, 3.07763276E+001
1.52500000E+002, 2.84861919E+001
1.55000000E+002, 2.65485591E+001
1.57500000E+002, 2.51677686E+001
1.60000000E+002, 2.40257356E+001
1.62500000E+002, 2.28744562E+001
1.65000000E+002, 2.24790463E+001
1.67500000E+002, 2.17231216E+001
1.70000000E+002, 2.06721775E+001
1.72500000E+002, 2.02420787E+001
1.75000000E+002, 1.95506037E+001
1.77500000E+002, 1.84440394E+001
1.80000000E+002, 1.81623351E+001
1.82500000E+002, 1.82872789E+001
1.85000000E+002, 1.74395671E+001
1.87500000E+002, 1.74050951E+001
1.90000000E+002, 1.67686099E+001
1.92500000E+002, 1.68449634E+001
1.95000000E+002, 1.60639746E+001
1.97500000E+002, 1.51551684E+001
2.00000000E+002, 1.59140083E+001
2.02500000E+002, 1.54933005E+001
2.05000000E+002, 1.47273998E+001
2.07500000E+002, 1.53237792E+001
2.10000000E+002, 1.54931799E+001
2.12500000E+002, 1.40707438E+001
2.15000000E+002, 1.52819012E+001
2.17500000E+002, 1.35954813E+001
2.20000000E+002, 1.43899526E+001
2.22500000E+002, 1.38382661E+001
2.25000000E+002, 1.34838162E+001
2.27500000E+002, 1.26388785E+001
2.30000000E+002, 1.46415500E+001
2.32500000E+002, 1.22369270E+001
2.35000000E+002, 1.20900254E+001
2.37500000E+002, 1.32830126E+001
2.40000000E+002, 1.23483325E+001
2.42500000E+002, 1.15874606E+001
2.45000000E+002, 1.23964692E+001
2.47500000E+002, 1.19517445E+001
2.50000000E+002, 1.12063460E+001
2.52500000E+002, 1.15191743E+001
2.55000000E+002, 1.18190282E+001
2.57500000E+002, 1.18942571E+001
2.60000000E+002, 1.18022296E+001
2.62500000E+002, 1.10594769E+001
2.65000000E+002, 1.27058528E+001
2.67500000E+002, 1.24120780E+001
2.70000000E+002, 1.18538842E+001
2.72500000E+002, 1.19815822E+001
2.75000000E+002, 1.18394319E+001
2.77500000E+002, 1.17448596E+001
2.80000000E+002, 1.25510303E+001
2.82500000E+002, 1.21994025E+001
2.85000000E+002, 1.12849585E+001
2.87500000E+002, 1.19206728E+001
2.90000000E+002, 1.01341505E+001
2.92500000E+002, 1.15028158E+001
2.95000000E+002, 1.20550521E+001
2.97500000E+002, 1.11538312E+001
3.00000000E+002, 1.09751250E+001
3.02500000E+002, 1.20508141E+001
3.05000000E+002, 1.15797382E+001
3.07500000E+002, 1.05180216E+001
3.10000000E+002, 1.08394995E+001
3.12500000E+002, 1.08635286E+001
3.15000000E+002, 9.30191723E+000
3.17500000E+002, 1.09531729E+001
3.20000000E+002, 1.01195011E+001
3.22500000E+002, 9.54684118E+000
3.25000000E+002, 1.04705021E+001
3.27500000E+002, 8.45278199E+000
3.30000000E+002, 8.27755590E+000
3.32500000E+002, 9.62325706E+000
3.35000000E+002, 9.35192863E+000
3.37500000E+002, 7.91290746E+000
3.40000000E+002, 8.42361886E+000
3.42500000E+002, 9.04908907E+000
3.45000000E+002, 9.24994264E+000
3.47500000E+002, 7.99994861E+000
3.50000000E+002, 8.83115171E+000
3.52500000E+002, 5.22224736E+000
3.55000000E+002, 6.11697197E+000
3.57500000E+002, 5.16483059E+000
3.60000000E+002, 6.56199743E+000
3.62500000E+002, 3.87060111E+000
3.65000000E+002, 3.28188344E+000
3.67500000E+002, 3.26452846E+000
3.70000000E+002, 1.37235866E+000
3.72500000E+002, 1.14070103E-001
3.75000000E+002, -9.27541592E-001
3.77500000E+002, -1.47792760E+000
3.80000000E+002, -9.04806040E+000
3.82500000E+002, -7.97822130E+000
3.85000000E+002, -1.13022824E+001
3.87500000E+002, -1.74474161E+000
3.90000000E+002, -1.54956442E+000
3.92500000E+002, -1.51562496E+000
3.95000000E+002, -7.25401082E-001
3.97500000E+002, 3.52214639E+000
4.00000000E+002, 3.71205382E+000
4.02500000E+002, 6.69148169E+000
4.05000000E+002, 7.76497513E+000
4.07500000E+002, 8.64853556E+000
4.10000000E+002, 9.06972714E+000
4.12500000E+002, 1.06869938E+001
4.15000000E+002, 1.13052934E+001
4.17500000E+002, 1.23180024E+001
4.20000000E+002, 1.31808423E+001
4.22500000E+002, 1.43639233E+001
4.25000000E+002, 1.49220387E+001
4.27500000E+002, 1.55291787E+001
4.30000000E+002, 1.63221661E+001
4.32500000E+002, 1.69448302E+001
4.35000000E+002, 1.77583331E+001
4.37500000E+002, 1.83043249E+001
4.40000000E+002, 1.92393313E+001
4.42500000E+002, 1.95725036E+001
4.45000000E+002, 2.05011423E+001
4.47500000E+002, 2.10572778E+001
4.50000000E+002, 2.13932213E+001
4.52500000E+002, 2.23362497E+001
4.55000000E+002, 2.28393514E+001
4.57500000E+002, 2.35392000E+001
4.60000000E+002, 2.42426526E+001
4.62500000E+002, 2.47564078E+001
4.65000000E+002, 2.53311736E+001
4.67500000E+002, 2.61393127E+001
4.70000000E+002, 2.66524016E+001
4.72500000E+002, 2.72690144E+001
4.75000000E+002, 2.79906731E+001
4.77500000E+002, 2.84943692E+001
4.80000000E+002, 2.93148279E+001
4.82500000E+002, 2.99250136E+001
4.85000000E+002, 3.05744336E+001
4.87500000E+002, 3.12389644E+001
4.90000000E+002, 3.21153338E+001
4.92500000E+002, 3.28513667E+001
4.95000000E+002, 3.34424141E+001
4.97500000E+002, 3.42366930E+001
5.00000000E+002, 3.49182548E+001
5.02500000E+002, 3.58621214E+001
5.05000000E+002, 3.67015345E+001
5.07500000E+002, 3.78059012E+001
5.10000000E+002, 3.90217096E+001
5.12500000E+002, 4.01385987E+001
5.15000000E+002, 4.16491094E+001
5.17500000E+002, 4.32061382E+001
5.20000000E+002, 4.52930230E+001
5.22500000E+002, 4.76884348E+001
5.25000000E+002, 5.04269036E+001
5.27500000E+002, 5.46985638E+001
5.30000000E+002, 6.30174743E+001
5.32500000E+002, 6.97110432E+001
5.35000000E+002, 5.81912441E+001
5.37500000E+002, 5.28343378E+001
5.40000000E+002, 4.98759299E+001
5.42500000E+002, 4.74992817E+001
5.45000000E+002, 4.59222513E+001
5.47500000E+002, 4.44819309E+001
5.50000000E+002, 4.35263057E+001
5.52500000E+002, 4.25612574E+001
5.55000000E+002, 4.16287194E+001
5.57500000E+002, 4.08977948E+001
5.60000000E+002, 4.04923404E+001
5.62500000E+002, 3.96907357E+001
5.65000000E+002, 3.90876450E+001
5.67500000E+002, 3.86649257E+001
5.70000000E+002, 3.81930910E+001
5.72500000E+002, 3.78458000E+001
5.75000000E+002, 3.75802285E+001
5.77500000E+002, 3.73260581E+001
5.80000000E+002, 3.70951748E+001
5.82500000E+002, 3.67129414E+001
5.85000000E+002, 3.63789519E+001
5.87500000E+002, 3.60848406E+001
5.90000000E+002, 3.58165165E+001
5.92500000E+002, 3.55808803E+001
5.95000000E+002, 3.54816041E+001
5.97500000E+002, 3.52578871E+001
6.00000000E+002, 3.48000175E+001
6.02500000E+002, 3.48182018E+001
6.05000000E+002, 3.46534171E+001
6.07500000E+002, 3.47102695E+001
6.10000000E+002, 3.45678850E+001
6.12500000E+002, 3.42709026E+001
6.15000000E+002, 3.41453421E+001
6.17500000E+002, 3.40372145E+001
6.20000000E+002, 3.38940175E+001
6.22500000E+002, 3.38972672E+001
6.25000000E+002, 3.38122387E+001
6.27500000E+002, 3.36578792E+001
6.30000000E+002, 3.36370620E+001
6.32500000E+002, 3.35207497E+001
6.35000000E+002, 3.34592483E+001
6.37500000E+002, 3.33670993E+001
6.40000000E+002, 3.33536719E+001
6.42500000E+002, 3.31989550E+001
6.45000000E+002, 3.33280295E+001
6.47500000E+002, 3.32028638E+001
6.50000000E+002, 3.30982308E+001
6.52500000E+002, 3.31381832E+001
6.55000000E+002, 3.28929856E+001
6.57500000E+002, 3.28953482E+001
6.60000000E+002, 3.29451141E+001
6.62500000E+002, 3.30194102E+001
6.65000000E+002, 3.29805726E+001
6.67500000E+002, 3.30224595E+001
6.70000000E+002, 3.29714126E+001
6.72500000E+002, 3.29844497E+001
6.75000000E+002, 3.30605379E+001
6.77500000E+002, 3.30465680E+001
6.80000000E+002, 3.31269995E+001
6.82500000E+002, 3.31064802E+001
6.85000000E+002, 3.30780816E+001
6.87500000E+002, 3.30448574E+001
6.90000000E+002, 3.33075927E+001
6.92500000E+002, 3.31537284E+001
6.95000000E+002, 3.32737076E+001
6.97500000E+002, 3.32724576E+001
7.00000000E+002, 3.31151313E+001
7.02500000E+002, 3.32334774E+001
7.05000000E+002, 3.33975457E+001
7.07500000E+002, 3.33408775E+001
7.10000000E+002, 3.34155541E+001
7.12500000E+002, 3.35578127E+001
7.15000000E+002, 3.35846160E+001
7.17500000E+002, 3.35916318E+001
7.20000000E+002, 3.37204395E+001
7.22500000E+002, 3.38525921E+001
7.25000000E+002, 3.39793318E+001
7.27500000E+002, 3.41247909E+001
7.30000000E+002, 3.41512796E+001
7.32500000E+002, 3.43025254E+001
7.35000000E+002, 3.43057584E+001
7.37500000E+002, 3.44586870E+001
7.40000000E+002, 3.45691092E+001
7.42500000E+002, 3.47290825E+001
7.45000000E+002, 3.48157247E+001
7.47500000E+002, 3.49423958E+001
7.50000000E+002, 3.49968071E+001
7.52500000E+002, 3.52411519E+001
7.55000000E+002, 3.52778445E+001
7.57500000E+002, 3.54158875E+001
7.60000000E+002, 3.55835692E+001
7.62500000E+002, 3.57534982E+001
7.65000000E+002, 3.60137798E+001
7.67500000E+002, 3.60143299E+001
7.70000000E+002, 3.62516072E+001
7.72500000E+002, 3.63869332E+001
7.75000000E+002, 3.66324755E+001
7.77500000E+002, 3.67982074E+001
7.80000000E+002, 3.69714604E+001
7.82500000E+002, 3.70931655E+001
7.85000000E+002, 3.73649272E+001
7.87500000E+002, 3.76032753E+001
7.90000000E+002, 3.78305571E+001
7.92500000E+002, 3.80732374E+001
7.95000000E+002, 3.83032573E+001
7.97500000E+002, 3.85540885E+001
8.00000000E+002, 3.87890283E+001
8.02500000E+002, 3.90623711E+001
8.05000000E+002, 3.93918578E+001
8.07500000E+002, 3.96231147E+001
8.10000000E+002, 3.99101150E+001
8.12500000E+002, 4.02206803E+001
8.15000000E+002, 4.05713013E+001
8.17500000E+002, 4.10577984E+001
8.20000000E+002, 4.13699288E+001
8.22500000E+002, 4.18429499E+001
8.25000000E+002, 4.22871177E+001
8.27500000E+002, 4.27678347E+001
8.30000000E+002, 4.32550789E+001
8.32500000E+002, 4.37428519E+001
8.35000000E+002, 4.44226012E+001
8.37500000E+002, 4.50678972E+001
8.40000000E+002, 4.57223183E+001
8.42500000E+002, 4.64953017E+001
8.45000000E+002, 4.74779782E+001
8.47500000E+002, 4.84135766E+001
8.50000000E+002, 4.94489183E+001
8.52500000E+002, 5.07276474E+001
8.55000000E+002, 5.22152752E+001
8.57500000E+002, 5.40788025E+001
8.60000000E+002, 5.63107229E+001
8.62500000E+002, 5.88108616E+001
8.65000000E+002, 6.11218516E+001
8.67500000E+002, 6.14382456E+001
8.70000000E+002, 5.90640209E+001
8.72500000E+002, 5.61696936E+001
8.75000000E+002, 5.39248225E+001
8.77500000E+002, 5.18374095E+001
8.80000000E+002, 5.01799974E+001
8.82500000E+002, 4.87435890E+001
8.85000000E+002, 4.74557350E+001
8.87500000E+002, 4.64043706E+001
8.90000000E+002, 4.52485907E+001
8.92500000E+002, 4.45069853E+001
8.95000000E+002, 4.36032770E+001
8.97500000E+002, 4.29119045E+001
9.00000000E+002, 4.21973762E+001
9.02500000E+002, 4.15256098E+001
9.05000000E+002, 4.08781870E+001
9.07500000E+002, 4.02960862E+001
9.10000000E+002, 3.97612716E+001
9.12500000E+002, 3.91439393E+001
9.15000000E+002, 3.87163997E+001
9.17500000E+002, 3.81769359E+001
9.20000000E+002, 3.76905089E+001
9.22500000E+002, 3.70764518E+001
9.25000000E+002, 3.67272537E+001
9.27500000E+002, 3.63149014E+001
9.30000000E+002, 3.60297279E+001
9.32500000E+002, 3.55218226E+001
9.35000000E+002, 3.50653793E+001
9.37500000E+002, 3.47227127E+001
9.40000000E+002, 3.43937653E+001
9.42500000E+002, 3.41008236E+001
9.45000000E+002, 3.35942279E+001
9.47500000E+002, 3.32066537E+001
9.50000000E+002, 3.28562496E+001
9.52500000E+002, 3.25997251E+001
9.55000000E+002, 3.23094140E+001
9.57500000E+002, 3.19648498E+001
9.60000000E+002, 3.17468991E+001
9.62500000E+002, 3.13330355E+001
9.65000000E+002, 3.11461567E+001
9.67500000E+002, 3.07729399E+001
9.70000000E+002, 3.04845721E+001
9.72500000E+002, 2.99705625E+001
9.75000000E+002, 2.98940747E+001
9.77500000E+002, 2.96249607E+001
9.80000000E+002, 2.93100406E+001
9.82500000E+002, 2.89870008E+001
9.85000000E+002, 2.88332555E+001
9.87500000E+002, 2.85363250E+001
9.90000000E+002, 2.84163767E+001
9.92500000E+002, 2.81837665E+001
9.95000000E+002, 2.77308866E+001
9.97500000E+002, 2.76274201E+001
1.00000000E+003, 2.73168583E+001
1.00250000E+003, 2.70395209E+001
1.00500000E+003, 2.66630258E+001
1.00750000E+003, 2.65607389E+001
1.01000000E+003, 2.62159959E+001
1.01250000E+003, 2.58576377E+001
1.01500000E+003, 2.56510754E+001
1.01750000E+003, 2.55317089E+001
1.02000000E+003, 2.52639836E+001
1.02250000E+003, 2.51417848E+001
1.02500000E+003, 2.48192526E+001
1.02750000E+003, 2.46974568E+001
1.03000000E+003, 2.43733646E+001
1.03250000E+003, 2.41666463E+001
1.03500000E+003, 2.38183720E+001
1.03750000E+003, 2.34496175E+001
1.04000000E+003, 2.33920683E+001
1.04250000E+003, 2.29916376E+001
1.04500000E+003, 2.26849504E+001
1.04750000E+003, 2.22922209E+001
1.05000000E+003, 2.20603570E+001
1.05250000E+003, 2.20770105E+001
1.05500000E+003, 2.17858127E+001
1.05750000E+003, 2.15210775E+001
1.06000000E+003, 2.10431051E+001
1.06250000E+003, 2.10116664E+001
1.06500000E+003, 2.07613785E+001
1.06750000E+003, 2.04179120E+001
1.07000000E+003, 2.03621466E+001
1.07250000E+003, 1.99833561E+001
1.07500000E+003, 1.95684489E+001
1.07750000E+003, 1.95164915E+001
1.08000000E+003, 1.87179886E+001
1.08250000E+003, 1.87550539E+001
1.08500000E+003, 1.85047498E+001
1.08750000E+003, 1.83876740E+001
1.09000000E+003, 1.77981165E+001
1.09250000E+003, 1.78105708E+001
1.09500000E+003, 1.72590659E+001
1.09750000E+003, 1.70743606E+001
1.10000000E+003, 1.65026027E+001
1.10250000E+003, 1.59941294E+001
1.10500000E+003, 1.60144127E+001
1.10750000E+003, 1.54314257E+001
1.11000000E+003, 1.52540686E+001
1.11250000E+003, 1.46840869E+001
1.11500000E+003, 1.48916959E+001
1.11750000E+003, 1.44572635E+001
1.12000000E+003, 1.35354032E+001
1.12250000E+003, 1.30733906E+001
1.12500000E+003, 1.24681162E+001
1.12750000E+003, 1.23987037E+001
1.13000000E+003, 1.10487989E+001
1.13250000E+003, 1.11633851E+001
1.13500000E+003, 1.01710500E+001
1.13750000E+003, 1.10935383E+001
1.14000000E+003, 9.36587816E+000
1.14250000E+003, 9.68080798E+000
1.14500000E+003, 8.18605719E+000
1.14750000E+003, 8.49363651E+000
1.15000000E+003, 6.41982277E+000
1.15250000E+003, 5.44386369E+000
1.15500000E+003, 4.91727838E+000
1.15750000E+003, 3.20663729E+000
1.16000000E+003, 3.05294002E+000
1.16250000E+003, 2.20489371E+000
1.16500000E+003, 7.72108036E-002
1.16750000E+003, -3.21673839E-001
1.17000000E+003, -1.01639665E+000
1.17250000E+003, -1.12828530E+001
1.17500000E+003, -1.18934165E+001
1.17750000E+003, -1.11508766E+001
1.18000000E+003, -9.93911170E+000
1.18250000E+003, -7.20324549E+000
1.18500000E+003, -5.20959260E+000
1.18750000E+003, -1.50875930E+000
1.19000000E+003, -5.44315661E-001
1.19250000E+003, 2.60612904E+000
1.19500000E+003, 5.63210657E-001
1.19750000E+003, 3.45412745E+000
1.20000000E+003, 3.83763861E+000
1.20250000E+003, 4.29364539E+000
1.20500000E+003, 5.31615403E+000
1.20750000E+003, 7.16937205E+000
1.21000000E+003, 7.17369668E+000
1.21250000E+003, 8.91818116E+000
1.21500000E+003, 8.77022203E+000
1.21750000E+003, 7.57754793E+000
1.22000000E+003, 1.01372792E+001
1.22250000E+003, 9.30111362E+000
1.22500000E+003, 1.02720369E+001
1.22750000E+003, 1.07067410E+001
1.23000000E+003, 1.13858512E+001
1.23250000E+003, 1.16878388E+001
1.23500000E+003, 1.15090340E+001
1.23750000E+003, 1.12700989E+001
1.24000000E+003, 1.23794025E+001
1.24250000E+003, 1.24480749E+001
1.24500000E+003, 1.31183435E+001
1.24750000E+003, 1.34596917E+001
1.25000000E+003, 1.35540369E+001
1.25250000E+003, 1.39911709E+001
1.25500000E+003, 1.37469555E+001
1.25750000E+003, 1.47534554E+001
1.26000000E+003, 1.46900798E+001
1.26250000E+003, 1.45351351E+001
1.26500000E+003, 1.54214015E+001
1.26750000E+003, 1.53417030E+001
1.27000000E+003, 1.56385597E+001
1.27250000E+003, 1.57411860E+001
1.27500000E+003, 1.60257231E+001
1.27750000E+003, 1.63636819E+001
1.28000000E+003, 1.65315250E+001
1.28250000E+003, 1.67398468E+001
1.28500000E+003, 1.68290710E+001
1.28750000E+003, 1.71661519E+001
1.29000000E+003, 1.74644256E+001
1.29250000E+003, 1.75837066E+001
1.29500000E+003, 1.76952750E+001
1.29750000E+003, 1.79414212E+001
1.30000000E+003, 1.83970210E+001
1.30250000E+003, 1.83218198E+001
1.30500000E+003, 1.85675392E+001
1.30750000E+003, 1.88460034E+001
1.31000000E+003, 1.91569812E+001
1.31250000E+003, 1.93643275E+001
1.31500000E+003, 1.92335477E+001
1.31750000E+003, 1.96278353E+001
1.32000000E+003, 1.98290632E+001
1.32250000E+003, 2.02501109E+001
1.32500000E+003, 2.06612045E+001
1.32750000E+003, 2.10844344E+001
1.33000000E+003, 2.16647966E+001
1.33250000E+003, 2.22647238E+001
1.33500000E+003, 2.31749347E+001
1.33750000E+003, 2.52832640E+001
1.34000000E+003, 3.00735564E+001
1.34250000E+003, 9.70498603E+000
1.34500000E+003, 1.39555391E+001
1.34750000E+003, 1.67480278E+001
1.35000000E+003, 1.80147449E+001
1.35250000E+003, 1.87337141E+001
1.35500000E+003, 1.91846520E+001
1.35750000E+003, 1.96104041E+001
1.36000000E+003, 2.00990528E+001
1.36250000E+003, 2.00097490E+001
1.36500000E+003, 2.06224535E+001
1.36750000E+003, 2.07610907E+001
1.37000000E+003, 2.07816707E+001
1.37250000E+003, 2.10184571E+001
1.37500000E+003, 2.13680023E+001
1.37750000E+003, 2.16306653E+001
1.38000000E+003, 2.17724328E+001
1.38250000E+003, 2.16259000E+001
1.38500000E+003, 2.19651395E+001
1.38750000E+003, 2.20975519E+001
1.39000000E+003, 2.23766844E+001
1.39250000E+003, 2.23022168E+001
1.39500000E+003, 2.25687295E+001
1.39750000E+003, 2.27839152E+001
1.40000000E+003, 2.29267566E+001
1.40250000E+003, 2.30972664E+001
1.40500000E+003, 2.30848645E+001
1.40750000E+003, 2.31998582E+001
1.41000000E+003, 2.35631649E+001
1.41250000E+003, 2.35803374E+001
1.41500000E+003, 2.36795780E+001
1.41750000E+003, 2.38333641E+001
1.42000000E+003, 2.38906497E+001
1.42250000E+003, 2.40008571E+001
1.42500000E+003, 2.41451545E+001
1.42750000E+003, 2.42709353E+001
1.43000000E+003, 2.44764800E+001
1.43250000E+003, 2.44362505E+001
1.43500000E+003, 2.46026028E+001
1.43750000E+003, 2.47249241E+001
1.44000000E+003, 2.47727298E+001
1.44250000E+003, 2.50058133E+001
1.44500000E+003, 2.52023414E+001
1.44750000E+003, 2.52818207E+001
1.45000000E+003, 2.54108004E+001
1.45250000E+003, 2.55046226E+001
1.45500000E+003, 2.54587469E+001
1.45750000E+003, 2.56403395E+001
1.46000000E+003, 2.58327196E+001
1.46250000E+003, 2.60334330E+001
1.46500000E+003, 2.59344559E+001
1.46750000E+003, 2.60840804E+001
1.47000000E+003, 2.62900365E+001
1.47250000E+003, 2.64221958E+001
1.47500000E+003, 2.65346729E+001
1.47750000E+003, 2.65803423E+001
1.48000000E+003, 2.67761475E+001
1.48250000E+003, 2.68806979E+001
1.48500000E+003, 2.69132798E+001
1.48750000E+003, 2.71796929E+001
1.49000000E+003, 2.70255695E+001
1.49250000E+003, 2.73163538E+001
1.49500000E+003, 2.73250670E+001
1.49750000E+003, 2.74686534E+001
1.50000000E+003, 2.75799296E+001
1.50250000E+003, 2.77046250E+001
1.50500000E+003, 2.77962956E+001
1.50750000E+003, 2.77762189E+001
1.51000000E+003, 2.79165168E+001
1.51250000E+003, 2.80322803E+001
1.51500000E+003, 2.82303760E+001
1.51750000E+003, 2.82646930E+001
1.52000000E+003, 2.84291986E+001
1.52250000E+003, 2.84945334E+001
1.52500000E+003, 2.85718959E+001
1.52750000E+003, 2.87712167E+001
1.53000000E+003, 2.88285237E+001
1.53250000E+003, 2.88673693E+001
1.53500000E+003, 2.90545197E+001
1.53750000E+003, 2.91772408E+001
1.54000000E+003, 2.93501605E+001
1.54250000E+003, 2.94060995E+001
1.54500000E+003, 2.95601775E+001
1.54750000E+003, 2.96074616E+001
1.55000000E+003, 2.97369372E+001
1.55250000E+003, 2.98305451E+001
1.55500000E+003, 2.99722163E+001
1.55750000E+003, 3.00095062E+001
1.56000000E+003, 3.01607747E+001
1.56250000E+003, 3.01584940E+001
1.56500000E+003, 3.03375423E+001
1.56750000E+003, 3.04679890E+001
1.57000000E+003, 3.05197857E+001
1.57250000E+003, 3.07640228E+001
1.57500000E+003, 3.07859407E+001
1.57750000E+003, 3.08879755E+001
1.58000000E+003, 3.10778922E+001
1.58250000E+003, 3.11142087E+001
1.58500000E+003, 3.12337142E+001
1.58750000E+003, 3.13691652E+001
1.59000000E+003, 3.14876615E+001
1.59250000E+003, 3.16197688E+001
1.59500000E+003, 3.17754446E+001
1.59750000E+003, 3.18512503E+001
1.60000000E+003, 3.19910419E+001
1.60250000E+003, 3.21119523E+001
1.60500000E+003, 3.22179021E+001
1.60750000E+003, 3.23664694E+001
1.61000000E+003, 3.24964303E+001
1.61250000E+003, 3.26176237E+001
1.61500000E+003, 3.26984641E+001
1.61750000E+003, 3.28754962E+001
1.62000000E+003, 3.29078240E+001
1.62250000E+003, 3.30068771E+001
1.62500000E+003, 3.31754415E+001
1.62750000E+003, 3.33124313E+001
1.63000000E+003, 3.35107676E+001
1.63250000E+003, 3.36512116E+001
1.63500000E+003, 3.37220314E+001
1.63750000E+003, 3.38428142E+001
1.64000000E+003, 3.40069513E+001
1.64250000E+003, 3.41517133E+001
1.64500000E+003, 3.43240364E+001
1.64750000E+003, 3.45400963E+001
1.65000000E+003, 3.45816439E+001
1.65250000E+003, 3.47300770E+001
1.65500000E+003, 3.48626911E+001
1.65750000E+003, 3.50106334E+001
1.66000000E+003, 3.51286525E+001
1.66250000E+003, 3.52982456E+001
1.66500000E+003, 3.53532225E+001
1.66750000E+003, 3.56120766E+001
1.67000000E+003, 3.57501345E+001
1.67250000E+003, 3.58976209E+001
1.67500000E+003, 3.60629118E+001
1.67750000E+003, 3.61543758E+001
1.68000000E+003, 3.63505348E+001
1.68250000E+003, 3.64824782E+001
1.68500000E+003, 3.66610601E+001
1.68750000E+003, 3.68631793E+001
1.69000000E+003, 3.70465677E+001
1.69250000E+003, 3.71860734E+001
1.69500000E+003, 3.73376948E+001
1.69750000E+003, 3.75083209E+001
1.70000000E+003, 3.77237483E+001
1.70250000E+003, 3.78861474E+001
1.70500000E+003, 3.80376209E+001
1.70750000E+003, 3.82337554E+001
1.71000000E+003, 3.85227900E+001
1.71250000E+003, 3.86668614E+001
1.71500000E+003, 3.87796007E+001
1.71750000E+003, 3.90158985E+001
1.72000000E+003, 3.92848337E+001
1.72250000E+003, 3.94704351E+001
1.72500000E+003, 3.96059846E+001
1.72750000E+003, 3.98938893E+001
1.73000000E+003, 4.01042336E+001
1.73250000E+003, 4.03038662E+001
1.73500000E+003, 4.06012417E+001
1.73750000E+003, 4.07335983E+001
1.74000000E+003, 4.09973279E+001
1.74250000E+003, 4.11593175E+001
1.74500000E+003, 4.15062892E+001
1.74750000E+003, 4.17967508E+001
1.75000000E+003, 4.19879844E+001
1.75250000E+003, 4.21984035E+001
1.75500000E+003, 4.25182071E+001
1.75750000E+003, 4.28557278E+001
1.76000000E+003, 4.31150482E+001
1.76250000E+003, 4.34086806E+001
1.76500000E+003, 4.37452492E+001
1.76750000E+003, 4.41163207E+001
1.77000000E+003, 4.43711436E+001
1.77250000E+003, 4.47580929E+001
1.77500000E+003, 4.52081385E+001
1.77750000E+003, 4.57515613E+001
1.78000000E+003, 4.60397797E+001
1.78250000E+003, 4.65422694E+001
1.78500000E+003, 4.70180502E+001
1.78750000E+003, 4.76890824E+001
1.79000000E+003, 4.86620027E+001
1.79250000E+003, 4.95893001E+001
1.79500000E+003, 5.20469792E+001
1.79750000E+003, 4.80128856E+001
1.80000000E+003, 4.67036970E+001
1.80250000E+003, 4.89236800E+001
1.80500000E+003, 5.02138278E+001
1.80750000E+003, 5.15648380E+001
1.81000000E+003, 5.29476436E+001
1.81250000E+003, 5.46064620E+001
1.81500000E+003, 5.69531851E+001
1.81750000E+003, 6.00296847E+001
1.82000000E+003, 6.59369895E+001
1.82250000E+003, 6.91887013E+001
1.82500000E+003, 5.94281596E+001
1.82750000E+003, 5.27764570E+001
1.83000000E+003, 4.71318625E+001
1.83250000E+003, 4.01023894E+001
1.83500000E+003, 3.96403808E+001
1.83750000E+003, 5.40353611E+001
1.84000000E+003, 4.66574156E+001
1.84250000E+003, 3.16324515E+001
1.84500000E+003, 3.24417162E+001
1.84750000E+003, 3.98090312E+001
1.85000000E+003, 4.33996598E+001
1.85250000E+003, 4.58156826E+001
1.85500000E+003, 4.78732321E+001
1.85750000E+003, 4.97706609E+001
1.86000000E+003, 5.14927388E+001
1.86250000E+003, 5.32908540E+001
1.86500000E+003, 5.49307400E+001
1.86750000E+003, 5.70170627E+001
1.87000000E+003, 5.94516291E+001
1.87250000E+003, 6.20981774E+001
1.87500000E+003, 6.60344884E+001
1.87750000E+003, 7.11241331E+001
1.88000000E+003, 7.42242545E+001
1.88250000E+003, 6.91041145E+001
1.88500000E+003, 6.48514042E+001
1.88750000E+003, 6.21285116E+001
1.89000000E+003, 6.01061236E+001
1.89250000E+003, 5.82397271E+001
1.89500000E+003, 5.69755549E+001
1.89750000E+003, 5.58809837E+001
1.90000000E+003, 5.48823912E+001
1.90250000E+003, 5.39853643E+001
1.90500000E+003, 5.31250469E+001
1.90750000E+003, 5.24102556E+001
1.91000000E+003, 5.18249976E+001
1.91250000E+003, 5.11608801E+001
1.91500000E+003, 5.06091340E+001
1.91750000E+003, 5.01610075E+001
1.92000000E+003, 4.96631571E+001
1.92250000E+003, 4.92034039E+001
1.92500000E+003, 4.87077235E+001
1.92750000E+003, 4.82767806E+001
1.93000000E+003, 4.79619997E+001
1.93250000E+003, 4.76079037E+001
1.93500000E+003, 4.72140534E+001
1.93750000E+003, 4.69762058E+001
1.94000000E+003, 4.66054785E+001
1.94250000E+003, 4.62695783E+001
1.94500000E+003, 4.59761464E+001
1.94750000E+003, 4.57060696E+001
1.95000000E+003, 4.54098952E+001
1.95250000E+003, 4.51414257E+001
1.95500000E+003, 4.48865547E+001
1.95750000E+003, 4.44915517E+001
1.96000000E+003, 4.42937552E+001
1.96250000E+003, 4.39484907E+001
1.96500000E+003, 4.35500686E+001
1.96750000E+003, 4.32807353E+001
1.97000000E+003, 4.29202855E+001
1.97250000E+003, 4.25141140E+001
1.97500000E+003, 4.19956983E+001
1.97750000E+003, 4.10358830E+001
1.98000000E+003, 3.94976640E+001
1.98250000E+003, 3.74265771E+001
1.98500000E+003, 4.95163371E+001
1.98750000E+003, 4.68951083E+001
1.99000000E+003, 4.53513646E+001
1.99250000E+003, 4.44051161E+001
1.99500000E+003, 4.39598894E+001
1.99750000E+003, 4.34895550E+001
2.00000000E+003, 4.32639055E+001
2.00250000E+003, 4.30023014E+001
2.00500000E+003, 4.27606134E+001
2.00750000E+003, 4.25010318E+001
2.01000000E+003, 4.23314088E+001
2.01250000E+003, 4.21482404E+001
2.01500000E+003, 4.19008835E+001
2.01750000E+003, 4.18318540E+001
2.02000000E+003, 4.17251052E+001
2.02250000E+003, 4.14760393E+001
2.02500000E+003, 4.14641059E+001
2.02750000E+003, 4.12851355E+001
2.03000000E+003, 4.11467509E+001
2.03250000E+003, 4.10288208E+001
2.03500000E+003, 4.10085367E+001
2.03750000E+003, 4.08226403E+001
2.04000000E+003, 4.07289837E+001
2.04250000E+003, 4.05622622E+001
2.04500000E+003, 4.05035827E+001
2.04750000E+003, 4.04006097E+001
2.05000000E+003, 4.02519378E+001
2.05250000E+003, 4.02152462E+001
2.05500000E+003, 4.00761290E+001
2.05750000E+003, 3.99631090E+001
2.06000000E+003, 3.98492839E+001
2.06250000E+003, 3.97725432E+001
2.06500000E+003, 3.97950303E+001
2.06750000E+003, 3.96595742E+001
2.07000000E+003, 3.95824738E+001
2.07250000E+003, 3.95492494E+001
2.07500000E+003, 3.94242000E+001
2.07750000E+003, 3.93443113E+001
2.08000000E+003, 3.92191793E+001
2.08250000E+003, 3.91790247E+001
2.08500000E+003, 3.89818273E+001
2.08750000E+003, 3.90093790E+001
2.09000000E+003, 3.90427060E+001
2.09250000E+003, 3.89610612E+001
2.09500000E+003, 3.89321687E+001
2.09750000E+003, 3.88167631E+001
2.10000000E+003, 3.87953039E+001
2.10250000E+003, 3.87191090E+001
2.10500000E+003, 3.86652014E+001
2.10750000E+003, 3.85462297E+001
2.11000000E+003, 3.84209308E+001
2.11250000E+003, 3.85010040E+001
2.11500000E+003, 3.83970993E+001
2.11750000E+003, 3.84248714E+001
2.12000000E+003, 3.82986939E+001
2.12250000E+003, 3.83229262E+001
2.12500000E+003, 3.82551759E+001
2.12750000E+003, 3.81780038E+001
2.13000000E+003, 3.80239379E+001
2.13250000E+003, 3.80463813E+001
2.13500000E+003, 3.79507396E+001
2.13750000E+003, 3.80811727E+001
2.14000000E+003, 3.79345925E+001
2.14250000E+003, 3.79118498E+001
2.14500000E+003, 3.78385391E+001
2.14750000E+003, 3.78599310E+001
2.15000000E+003, 3.78014616E+001
2.15250000E+003, 3.77202569E+001
2.15500000E+003, 3.77111025E+001
2.15750000E+003, 3.76438259E+001
2.16000000E+003, 3.75761563E+001
2.16250000E+003, 3.76579235E+001
2.16500000E+003, 3.75600449E+001
2.16750000E+003, 3.75364592E+001
2.17000000E+003, 3.74802751E+001
2.17250000E+003, 3.74653861E+001
2.17500000E+003, 3.74355975E+001
2.17750000E+003, 3.73903190E+001
2.18000000E+003, 3.74451702E+001
2.18250000E+003, 3.73455697E+001
2.18500000E+003, 3.73294676E+001
2.18750000E+003, 3.73547613E+001
2.19000000E+003, 3.72841212E+001
2.19250000E+003, 3.72093869E+001
2.19500000E+003, 3.72905586E+001
2.19750000E+003, 3.74395574E+001
2.20000000E+003, 3.73268183E+001
2.20250000E+003, 3.73279032E+001
2.20500000E+003, 3.71703114E+001
2.20750000E+003, 3.72527280E+001
2.21000000E+003, 3.72483302E+001
2.21250000E+003, 3.73750665E+001
2.21500000E+003, 3.73420711E+001
2.21750000E+003, 3.72166428E+001
2.22000000E+003, 3.71975697E+001
2.22250000E+003, 3.72846261E+001
2.22500000E+003, 3.72037934E+001
2.22750000E+003, 3.72484597E+001
2.23000000E+003, 3.72691961E+001
2.23250000E+003, 3.73102087E+001
2.23500000E+003, 3.74360331E+001
2.23750000E+003, 3.74061751E+001
2.24000000E+003, 3.74892899E+001
2.24250000E+003, 3.73591520E+001
2.24500000E+003, 3.74502208E+001
2.24750000E+003, 3.74903044E+001
2.25000000E+003, 3.75612620E+001
2.25250000E+003, 3.76652729E+001
2.25500000E+003, 3.76707984E+001
2.25750000E+003, 3.76281944E+001
2.26000000E+003, 3.77348675E+001
2.26250000E+003, 3.77583162E+001
2.26500000E+003, 3.78921531E+001
2.26750000E+003, 3.79844447E+001
2.27000000E+003, 3.80511248E+001
2.27250000E+003, 3.81862865E+001
2.27500000E+003, 3.82106529E+001
2.27750000E+003, 3.83831016E+001
2.28000000E+003, 3.84673839E+001
2.28250000E+003, 3.85983313E+001
2.28500000E+003, 3.86728583E+001
2.28750000E+003, 3.88984844E+001
2.29000000E+003, 3.90744175E+001
2.29250000E+003, 3.92019331E+001
2.29500000E+003, 3.94362468E+001
2.29750000E+003, 3.96059850E+001
2.30000000E+003, 3.98300019E+001
2.30250000E+003, 4.00999058E+001
2.30500000E+003, 4.04001200E+001
2.30750000E+003, 4.07420797E+001
2.31000000E+003, 4.10204479E+001
2.31250000E+003, 4.13967568E+001
2.31500000E+003, 4.17376931E+001
2.31750000E+003, 4.22265958E+001
2.32000000E+003, 4.26419282E+001
2.32250000E+003, 4.32843499E+001
2.32500000E+003, 4.37388315E+001
2.32750000E+003, 4.43590776E+001
2.33000000E+003, 4.48969028E+001
2.33250000E+003, 4.51692237E+001
2.33500000E+003, 4.53264840E+001
2.33750000E+003, 4.52845801E+001
2.34000000E+003, 4.46975559E+001
2.34250000E+003, 4.38669553E+001
2.34500000E+003, 4.26914111E+001
2.34750000E+003, 4.13378308E+001
2.35000000E+003, 3.99056391E+001
2.35250000E+003, 3.84066120E+001
2.35500000E+003, 3.69499179E+001
2.35750000E+003, 3.54562460E+001
2.36000000E+003, 3.41716031E+001
2.36250000E+003, 3.26675357E+001
2.36500000E+003, 3.13112916E+001
2.36750000E+003, 2.99741814E+001
2.37000000E+003, 2.88923750E+001
2.37250000E+003, 2.74759888E+001
2.37500000E+003, 2.62477962E+001
2.37750000E+003, 2.51760045E+001
2.38000000E+003, 2.42688523E+001
2.38250000E+003, 2.34819517E+001
2.38500000E+003, 2.31420994E+001
2.38750000E+003, 2.26803118E+001
2.39000000E+003, 2.25155639E+001
2.39250000E+003, 2.24046732E+001
2.39500000E+003, 2.28068103E+001
2.39750000E+003, 2.29714443E+001
2.40000000E+003, 2.31382289E+001
2.40250000E+003, 2.38217798E+001
2.40500000E+003, 2.40720638E+001
2.40750000E+003, 2.46794101E+001
2.41000000E+003, 2.48561374E+001
2.41250000E+003, 2.51320109E+001
2.41500000E+003, 2.56524818E+001
2.41750000E+003, 2.56970509E+001
2.42000000E+003, 2.58626869E+001
2.42250000E+003, 2.59518546E+001
2.42500000E+003, 2.56982830E+001
2.42750000E+003, 2.53762136E+001
2.43000000E+003, 2.49998154E+001
2.43250000E+003, 2.47651160E+001
2.43500000E+003, 2.46684645E+001
2.43750000E+003, 2.47593760E+001
2.44000000E+003, 2.47993167E+001
2.44250000E+003, 2.48859000E+001
2.44500000E+003, 2.52266376E+001
2.44750000E+003, 2.54628418E+001
2.45000000E+003, 2.55856591E+001
2.45250000E+003, 2.57373146E+001
2.45500000E+003, 2.57043515E+001
2.45750000E+003, 2.60700816E+001
2.46000000E+003, 2.60567392E+001
2.46250000E+003, 2.63405827E+001
2.46500000E+003, 2.64004922E+001
2.46750000E+003, 2.65148215E+001
2.47000000E+003, 2.63695088E+001
2.47250000E+003, 2.67022147E+001
2.47500000E+003, 2.67399282E+001
2.47750000E+003, 2.68958152E+001
2.48000000E+003, 2.69208275E+001
2.48250000E+003, 2.69635698E+001
2.48500000E+003, 2.69492560E+001
2.48750000E+003, 2.71972912E+001
2.49000000E+003, 2.69988680E+001
2.49250000E+003, 2.72093021E+001
2.49500000E+003, 2.71686881E+001
2.49750000E+003, 2.72690034E+001
2.50000000E+003, 2.74076214E+001
2.50250000E+003, 2.74197437E+001
2.50500000E+003, 2.74801868E+001
2.50750000E+003, 2.75483788E+001
2.51000000E+003, 2.78286240E+001
2.51250000E+003, 2.75898527E+001
2.51500000E+003, 2.76612589E+001
2.51750000E+003, 2.77215954E+001
2.52000000E+003, 2.76810347E+001
2.52250000E+003, 2.77023503E+001
2.52500000E+003, 2.77409773E+001
2.52750000E+003, 2.76461891E+001
2.53000000E+003, 2.78093660E+001
2.53250000E+003, 2.77437697E+001
2.53500000E+003, 2.79298569E+001
2.53750000E+003, 2.79959330E+001
2.54000000E+003, 2.78338197E+001
2.54250000E+003, 2.79051456E+001
2.54500000E+003, 2.78357704E+001
2.54750000E+003, 2.77183840E+001
2.55000000E+003, 2.79854372E+001
2.55250000E+003, 2.80319405E+001
2.55500000E+003, 2.80121808E+001
2.55750000E+003, 2.79488611E+001
2.56000000E+003, 2.79530768E+001
2.56250000E+003, 2.80471393E+001
2.56500000E+003, 2.79497550E+001
2.56750000E+003, 2.80391979E+001
2.57000000E+003, 2.79890047E+001
2.57250000E+003, 2.79916190E+001
2.57500000E+003, 2.80131551E+001
2.57750000E+003, 2.80723554E+001
2.58000000E+003, 2.81151700E+001
2.58250000E+003, 2.79812870E+001
2.58500000E+003, 2.79890372E+001
2.58750000E+003, 2.80878275E+001
2.59000000E+003, 2.81141127E+001
2.59250000E+003, 2.81344688E+001
2.59500000E+003, 2.81298284E+001
2.59750000E+003, 2.82131538E+001
2.60000000E+003, 2.80260238E+001
2.60250000E+003, 2.82843295E+001
2.60500000E+003, 2.82791076E+001
2.60750000E+003, 2.80245811E+001
2.61000000E+003, 2.81955679E+001
2.61250000E+003, 2.82762536E+001
2.61500000E+003, 2.81608308E+001
2.61750000E+003, 2.80201337E+001
2.62000000E+003, 2.81136478E+001
2.62250000E+003, 2.81196467E+001
2.62500000E+003, 2.79462550E+001
2.62750000E+003, 2.81681239E+001
2.63000000E+003, 2.81625781E+001
2.63250000E+003, 2.81467252E+001
2.63500000E+003, 2.79886602E+001
2.63750000E+003, 2.81666860E+001
2.64000000E+003, 2.80881988E+001
2.64250000E+003, 2.81739762E+001
2.64500000E+003, 2.81781036E+001
2.64750000E+003, 2.80957710E+001
2.65000000E+003, 2.80827351E+001
2.65250000E+003, 2.80086372E+001
2.65500000E+003, 2.81176767E+001
2.65750000E+003, 2.80108324E+001
2.66000000E+003, 2.80989460E+001
2.66250000E+003, 2.80728252E+001
2.66500000E+003, 2.81691281E+001
2.66750000E+003, 2.80145547E+001
2.67000000E+003, 2.80379558E+001
2.67250000E+003, 2.80791505E+001
2.67500000E+003, 2.79899607E+001
2.67750000E+003, 2.79872810E+001
2.68000000E+003, 2.79750055E+001
2.68250000E+003, 2.78662471E+001
2.68500000E+003, 2.79756836E+001
2.68750000E+003, 2.79446320E+001
2.69000000E+003, 2.80448979E+001
2.69250000E+003, 2.80696487E+001
2.69500000E+003, 2.78631114E+001
2.69750000E+003, 2.80146920E+001
2.70000000E+003, 2.80119751E+001
2.70250000E+003, 2.79464808E+001
2.70500000E+003, 2.79127438E+001
2.70750000E+003, 2.77448137E+001
2.71000000E+003, 2.81806747E+001
2.71250000E+003, 2.78363672E+001
2.71500000E+003, 2.76506415E+001
2.71750000E+003, 2.78238771E+001
2.72000000E+003, 2.77508750E+001
2.72250000E+003, 2.77775297E+001
2.72500000E+003, 2.77938081E+001
2.72750000E+003, 2.78506825E+001
2.73000000E+003, 2.78404372E+001
2.73250000E+003, 2.79166778E+001
2.73500000E+003, 2.78572318E+001
2.73750000E+003, 2.78746713E+001
2.74000000E+003, 2.76826865E+001
2.74250000E+003, 2.78733090E+001
2.74500000E+003, 2.79094983E+001
2.74750000E+003, 2.77484753E+001
2.75000000E+003, 2.77580038E+001
2.75250000E+003, 2.77413871E+001
2.75500000E+003, 2.76864361E+001
2.75750000E+003, 2.77154339E+001
2.76000000E+003, 2.76775787E+001
2.76250000E+003, 2.75830383E+001
2.76500000E+003, 2.75712142E+001
2.76750000E+003, 2.74819981E+001
2.77000000E+003, 2.77141333E+001
2.77250000E+003, 2.77157084E+001
2.77500000E+003, 2.74835121E+001
2.77750000E+003, 2.75524907E+001
2.78000000E+003, 2.76334380E+001
2.78250000E+003, 2.73905831E+001
2.78500000E+003, 2.75559411E+001
2.78750000E+003, 2.73096670E+001
2.79000000E+003, 2.74388310E+001
2.79250000E+003, 2.74916892E+001
2.79500000E+003, 2.74724216E+001
2.79750000E+003, 2.75192012E+001
2.80000000E+003, 2.74544716E+001
2.80250000E+003, 2.75894879E+001
2.80500000E+003, 2.73082174E+001
2.80750000E+003, 2.73841554E+001
2.81000000E+003, 2.74385217E+001
2.81250000E+003, 2.74621596E+001
2.81500000E+003, 2.75036689E+001
2.81750000E+003, 2.84228219E+001
2.82000000E+003, 2.75984179E+001
2.82250000E+003, 2.74181781E+001
2.82500000E+003, 2.73021155E+001
2.82750000E+003, 2.70871671E+001
2.83000000E+003, 2.71866101E+001
2.83250000E+003, 2.70416340E+001
2.83500000E+003, 2.72513246E+001
2.83750000E+003, 2.68105882E+001
2.84000000E+003, 2.70558561E+001
2.84250000E+003, 2.71540734E+001
2.84500000E+003, 2.71264662E+001
2.84750000E+003, 2.70216986E+001
2.85000000E+003, 2.70140904E+001
2.85250000E+003, 2.68131981E+001
2.85500000E+003, 2.69276131E+001
2.85750000E+003, 2.67582903E+001
2.86000000E+003, 2.67939154E+001
2.86250000E+003, 2.67315716E+001
2.86500000E+003, 2.68878105E+001
2.86750000E+003, 2.68216249E+001
2.87000000E+003, 2.66197213E+001
2.87250000E+003, 2.66467359E+001
2.87500000E+003, 2.67769404E+001
2.87750000E+003, 2.64520374E+001
2.88000000E+003, 2.66048663E+001
2.88250000E+003, 2.68353838E+001
2.88500000E+003, 2.67282839E+001
2.88750000E+003, 2.63481257E+001
2.89000000E+003, 2.65557494E+001
2.89250000E+003, 2.64044061E+001
2.89500000E+003, 2.60240342E+001
2.89750000E+003, 2.61861578E+001
2.90000000E+003, 2.61719510E+001
2.90250000E+003, 2.62478541E+001
2.90500000E+003, 2.61905599E+001
2.90750000E+003, 2.62689122E+001
2.91000000E+003, 2.57928641E+001
2.91250000E+003, 2.56257713E+001
2.91500000E+003, 2.53044593E+001
2.91750000E+003, 2.54541902E+001
2.92000000E+003, 2.49624655E+001
2.92250000E+003, 2.49520774E+001
2.92500000E+003, 2.37585942E+001
2.92750000E+003, 2.25407756E+001
2.93000000E+003, 2.05063695E+001
2.93250000E+003, 2.90974216E+001
2.93500000E+003, 3.21507476E+001
2.93750000E+003, 3.00030637E+001
2.94000000E+003, 2.89505075E+001
2.94250000E+003, 2.83400877E+001
2.94500000E+003, 2.78467527E+001
2.94750000E+003, 2.74758016E+001
2.95000000E+003, 2.73602164E+001
2.95250000E+003, 2.71731078E+001
2.95500000E+003, 2.71658520E+001
2.95750000E+003, 2.72634843E+001
2.96000000E+003, 2.68742115E+001
2.96250000E+003, 2.65516350E+001
2.96500000E+003, 2.66736464E+001
2.96750000E+003, 2.63041555E+001
2.97000000E+003, 2.65328246E+001
2.97250000E+003, 2.67563317E+001
2.97500000E+003, 2.65177876E+001
2.97750000E+003, 2.62756433E+001
2.98000000E+003, 2.62813304E+001
2.98250000E+003, 2.60857160E+001
2.98500000E+003, 2.60098263E+001
2.98750000E+003, 2.59416549E+001
2.99000000E+003, 2.60107718E+001
2.99250000E+003, 2.61092071E+001
2.99500000E+003, 2.60133713E+001
2.99750000E+003, 2.57399044E+001
3.00000000E+003, 2.59719806E+001
3.00250000E+003, 2.58256505E+001
3.00500000E+003, 2.57783580E+001
3.00750000E+003, 2.54920879E+001
3.01000000E+003, 2.55680824E+001
3.01250000E+003, 2.55248222E+001
3.01500000E+003, 2.55402657E+001
3.01750000E+003, 2.53635065E+001
3.02000000E+003, 2.51931605E+001
3.02250000E+003, 2.53966262E+001
3.02500000E+003, 2.52142845E+001
3.02750000E+003, 2.47177761E+001
3.03000000E+003, 2.47976691E+001
3.03250000E+003, 2.44458643E+001
3.03500000E+003, 2.47013922E+001
3.03750000E+003, 2.41278487E+001
3.04000000E+003, 2.47566968E+001
3.04250000E+003, 2.44116812E+001
3.04500000E+003, 2.45355143E+001
3.04750000E+003, 2.45009187E+001
3.05000000E+003, 2.39633804E+001
3.05250000E+003, 2.41832648E+001
3.05500000E+003, 2.38752772E+001
3.05750000E+003, 2.40839287E+001
3.06000000E+003, 2.39640478E+001
3.06250000E+003, 2.33525127E+001
3.06500000E+003, 2.39019289E+001
3.06750000E+003, 2.38051315E+001
3.07000000E+003, 2.33197557E+001
3.07250000E+003, 2.32368233E+001
3.07500000E+003, 2.30970673E+001
3.07750000E+003, 2.28378244E+001
3.08000000E+003, 2.30549458E+001
3.08250000E+003, 2.20043897E+001
3.08500000E+003, 2.25557554E+001
3.08750000E+003, 2.15188070E+001
3.09000000E+003, 2.15364225E+001
3.09250000E+003, 2.20606956E+001
3.09500000E+003, 2.14459611E+001
3.09750000E+003, 2.14458618E+001
3.10000000E+003, 2.18472443E+001
3.10250000E+003, 2.07802753E+001
3.10500000E+003, 2.06162360E+001
3.10750000E+003, 2.05794500E+001
3.11000000E+003, 1.97422722E+001
3.11250000E+003, 1.98340397E+001
3.11500000E+003, 1.95646464E+001
3.11750000E+003, 2.02195197E+001
3.12000000E+003, 1.87898647E+001
3.12250000E+003, 1.87475743E+001
3.12500000E+003, 1.75226163E+001
3.12750000E+003, 1.69092975E+001
3.13000000E+003, 1.77248780E+001
3.13250000E+003, 1.74685916E+001
3.13500000E+003, 1.58634404E+001
3.13750000E+003, 1.67870409E+001
3.14000000E+003, 1.36015176E+001
3.14250000E+003, 1.71332559E+001
3.14500000E+003, 1.42956994E+001
3.14750000E+003, 6.79724149E+000
3.15000000E+003, 2.64684892E+000
3.15250000E+003, 7.33549657E+000
3.15500000E+003, 1.06321921E+001
3.15750000E+003, 2.30497840E+000
3.16000000E+003, -1.68626065E+000
3.16250000E+003, 1.58213280E+000
3.16500000E+003, 8.98215351E+000
3.16750000E+003, 6.83101056E+000
3.17000000E+003, 8.17997403E+000
3.17250000E+003, 1.14791271E+001
3.17500000E+003, 9.68844921E+000
3.17750000E+003, 1.72793584E+001
3.18000000E+003, 1.75781201E+001
3.18250000E+003, 1.82049074E+001
3.18500000E+003, 1.71954343E+001
3.18750000E+003, 1.78716324E+001
3.19000000E+003, 2.15343825E+001
3.19250000E+003, 2.14514549E+001
3.19500000E+003, 2.23251631E+001
3.19750000E+003, 2.30962611E+001
3.20000000E+003, 2.40321831E+001
3.20250000E+003, 2.46775091E+001
3.20500000E+003, 2.47254157E+001
3.20750000E+003, 2.73268097E+001
3.21000000E+003, 2.72100348E+001
3.21250000E+003, 2.72827301E+001
3.21500000E+003, 2.78475960E+001
3.21750000E+003, 2.99203166E+001
3.22000000E+003, 3.00448587E+001
3.22250000E+003, 3.18414712E+001
3.22500000E+003, 3.24976284E+001
3.22750000E+003, 3.31526891E+001
3.23000000E+003, 3.44580056E+001
3.23250000E+003, 3.53908581E+001
3.23500000E+003, 3.64242530E+001
3.23750000E+003, 3.66849357E+001
3.24000000E+003, 3.78829334E+001
3.24250000E+003, 3.92079039E+001
3.24500000E+003, 4.03748723E+001
3.24750000E+003, 4.14689797E+001
3.25000000E+003, 4.26650552E+001
3.25250000E+003, 4.41618902E+001
3.25500000E+003, 4.59629064E+001
3.25750000E+003, 4.77884277E+001
3.26000000E+003, 5.01189277E+001
3.26250000E+003, 5.26104094E+001
3.26500000E+003, 5.55730625E+001
3.26750000E+003, 5.88901536E+001
3.27000000E+003, 5.88408371E+001
3.27250000E+003, 5.55531967E+001
3.27500000E+003, 5.30187693E+001
3.27750000E+003, 5.07016106E+001
3.28000000E+003, 4.90437189E+001
3.28250000E+003, 4.74031133E+001
3.28500000E+003, 4.64615669E+001
3.28750000E+003, 4.51321312E+001
3.29000000E+003, 4.40876095E+001
3.29250000E+003, 4.31239511E+001
3.29500000E+003, 4.28876851E+001
3.29750000E+003, 4.20448947E+001
3.30000000E+003, 4.07586650E+001
3.30250000E+003, 4.05940188E+001
3.30500000E+003, 4.02072102E+001
3.30750000E+003, 3.95239145E+001
3.31000000E+003, 3.89174029E+001
3.31250000E+003, 3.87497411E+001
3.31500000E+003, 3.85079534E+001
3.31750000E+003, 3.80456627E+001
3.32000000E+003, 3.78213688E+001
3.32250000E+003, 3.75820321E+001
3.32500000E+003, 3.67136429E+001
3.32750000E+003, 3.59232084E+001
3.33000000E+003, 3.55870796E+001
3.33250000E+003, 3.41899789E+001
3.33500000E+003, 3.44964651E+001
3.33750000E+003, 3.31257969E+001
3.34000000E+003, 3.23888029E+001
3.34250000E+003, 3.04003088E+001
3.34500000E+003, 2.79787078E+001
3.34750000E+003, 3.26927748E+001
3.35000000E+003, 4.46626676E+001
3.35250000E+003, 4.38501074E+001
3.35500000E+003, 4.09294563E+001
3.35750000E+003, 3.90970147E+001
3.36000000E+003, 3.77963164E+001
3.36250000E+003, 3.69291556E+001
3.36500000E+003, 3.56382546E+001
3.36750000E+003, 3.47352578E+001
3.37000000E+003, 3.39656204E+001
3.37250000E+003, 3.16465606E+001
3.37500000E+003, 2.86398710E+001
3.37750000E+003, 2.83966317E+001
3.38000000E+003, 3.82531282E+001
3.38250000E+003, 4.89217655E+001
3.38500000E+003, 4.55684597E+001
3.38750000E+003, 4.24461324E+001
3.39000000E+003, 4.13123385E+001
3.39250000E+003, 3.99353904E+001
3.39500000E+003, 3.92108981E+001
3.39750000E+003, 3.87011424E+001
3.40000000E+003, 3.82110701E+001
3.40250000E+003, 3.79296595E+001
3.40500000E+003, 3.75152046E+001
3.40750000E+003, 3.73016253E+001
3.41000000E+003, 3.69960533E+001
3.41250000E+003, 3.68034162E+001
3.41500000E+003, 3.67033733E+001
3.41750000E+003, 3.62152614E+001
3.42000000E+003, 3.63289305E+001
3.42250000E+003, 3.60444483E+001
3.42500000E+003, 3.57410311E+001
3.42750000E+003, 3.57674508E+001
3.43000000E+003, 3.57637302E+001
3.43250000E+003, 3.54380286E+001
3.43500000E+003, 3.53594998E+001
3.43750000E+003, 3.55595022E+001
3.44000000E+003, 3.53478207E+001
3.44250000E+003, 3.51036129E+001
3.44500000E+003, 3.46883929E+001
3.44750000E+003, 3.44982298E+001
3.45000000E+003, 3.50667336E+001
3.45250000E+003, 3.46664164E+001
3.45500000E+003, 3.46314073E+001
3.45750000E+003, 3.43981272E+001
3.46000000E+003, 3.44048518E+001
3.46250000E+003, 3.41418043E+001
3.46500000E+003, 3.43105912E+001
3.46750000E+003, 3.37440610E+001
3.47000000E+003, 3.40922223E+001
3.47250000E+003, 3.37440664E+001
3.47500000E+003, 3.35195570E+001
3.47750000E+003, 3.35321091E+001
3.48000000E+003, 3.35595322E+001
3.48250000E+003, 3.34416552E+001
3.48500000E+003, 3.33107719E+001
3.48750000E+003, 3.33629431E+001
3.49000000E+003, 3.32054278E+001
3.49250000E+003, 3.32376014E+001
3.49500000E+003, 3.30008433E+001
3.49750000E+003, 3.29026857E+001
3.50000000E+003, 3.28739866E+001
3.50250000E+003, 3.25389285E+001
3.50500000E+003, 3.26679359E+001
3.50750000E+003, 3.23573830E+001
3.51000000E+003, 3.26991154E+001
3.51250000E+003, 3.17323537E+001
3.51500000E+003, 3.17976933E+001
3.51750000E+003, 3.18174923E+001
3.52000000E+003, 3.14936602E+001
3.52250000E+003, 3.08253337E+001
3.52500000E+003, 3.12002271E+001
3.52750000E+003, 3.12241037E+001
3.53000000E+003, 3.08532098E+001
3.53250000E+003, 3.02666431E+001
3.53500000E+003, 3.09141031E+001
3.53750000E+003, 3.10897417E+001
3.54000000E+003, 3.14573896E+001
3.54250000E+003, 3.27963701E+001
3.54500000E+003, 3.40339267E+001
3.54750000E+003, 3.59425205E+001
3.55000000E+003, 3.84453108E+001
3.55250000E+003, 4.00542335E+001
3.55500000E+003, 4.21757488E+001
3.55750000E+003, 4.30743779E+001
3.56000000E+003, 4.33490124E+001
3.56250000E+003, 4.25928448E+001
3.56500000E+003, 4.21414080E+001
3.56750000E+003, 4.11137890E+001
3.57000000E+003, 4.04490030E+001
3.57250000E+003, 4.00168281E+001
3.57500000E+003, 3.95924851E+001
3.57750000E+003, 3.91792609E+001
3.58000000E+003, 3.87232318E+001
3.58250000E+003, 3.84880473E+001
3.58500000E+003, 3.82435373E+001
3.58750000E+003, 3.81839998E+001
3.59000000E+003, 3.78872989E+001
3.59250000E+003, 3.77018571E+001
3.59500000E+003, 3.75057412E+001
3.59750000E+003, 3.73103407E+001
3.60000000E+003, 3.71095561E+001
3.60250000E+003, 3.73023132E+001
3.60500000E+003, 3.69912830E+001
3.60750000E+003, 3.68026405E+001
3.61000000E+003, 3.68179634E+001
3.61250000E+003, 3.67398562E+001
3.61500000E+003, 3.64995001E+001
3.61750000E+003, 3.70334710E+001
3.62000000E+003, 3.67510675E+001
3.62250000E+003, 3.66784014E+001
3.62500000E+003, 3.68711057E+001
3.62750000E+003, 3.64759421E+001
3.63000000E+003, 3.67191712E+001
3.63250000E+003, 3.65065161E+001
3.63500000E+003, 3.63871744E+001
3.63750000E+003, 3.62463646E+001
3.64000000E+003, 3.66357018E+001
3.64250000E+003, 3.66204099E+001
3.64500000E+003, 3.65265883E+001
3.64750000E+003, 3.65531973E+001
3.65000000E+003, 3.66649161E+001
3.65250000E+003, 3.67222115E+001
3.65500000E+003, 3.68107487E+001
3.65750000E+003, 3.69499474E+001
3.66000000E+003, 3.69074950E+001
3.66250000E+003, 3.69824323E+001
3.66500000E+003, 3.71949289E+001
3.66750000E+003, 3.70700124E+001
3.67000000E+003, 3.72066314E+001
3.67250000E+003, 3.72748558E+001
3.67500000E+003, 3.75233791E+001
3.67750000E+003, 3.77418029E+001
3.68000000E+003, 3.79282339E+001
3.68250000E+003, 3.82208376E+001
3.68500000E+003, 3.84094815E+001
3.68750000E+003, 3.85689110E+001
3.69000000E+003, 3.88937090E+001
3.69250000E+003, 3.91785594E+001
3.69500000E+003, 3.96642183E+001
3.69750000E+003, 4.02256344E+001
3.70000000E+003, 4.07484921E+001
3.70250000E+003, 4.11236621E+001
3.70500000E+003, 4.20470648E+001
3.70750000E+003, 4.30539966E+001
3.71000000E+003, 4.41951619E+001
3.71250000E+003, 4.58385830E+001
3.71500000E+003, 4.79697612E+001
3.71750000E+003, 5.10403470E+001
3.72000000E+003, 5.53022180E+001
3.72250000E+003, 5.41396113E+001
3.72500000E+003, 4.82841951E+001
3.72750000E+003, 4.37419650E+001
3.73000000E+003, 4.04131996E+001
3.73250000E+003, 3.71610695E+001
3.73500000E+003, 3.44166281E+001
3.73750000E+003, 3.18451967E+001
3.74000000E+003, 2.89011855E+001
3.74250000E+003, 2.63498906E+001
3.74500000E+003, 2.31343317E+001
3.74750000E+003, 1.95667520E+001
3.75000000E+003, 1.52400578E+001
3.75250000E+003, 1.66104445E+001
3.75500000E+003, 1.62930103E+001
3.75750000E+003, 1.90247338E+001
3.76000000E+003, 2.08869079E+001
3.76250000E+003, 2.22354621E+001
3.76500000E+003, 2.43229778E+001
3.76750000E+003, 2.61383160E+001
3.77000000E+003, 3.00395392E+001
3.77250000E+003, 2.51345630E+001
3.77500000E+003, 2.07354048E+001
3.77750000E+003, 2.14100601E+001
3.78000000E+003, 2.30604958E+001
3.78250000E+003, 2.41720943E+001
3.78500000E+003, 2.46761095E+001
3.78750000E+003, 2.50878584E+001
3.79000000E+003, 2.57158687E+001
3.79250000E+003, 2.56245391E+001
3.79500000E+003, 2.60144399E+001
3.79750000E+003, 2.60831605E+001
3.80000000E+003, 2.63232081E+001
3.80250000E+003, 2.65008901E+001
3.80500000E+003, 2.63801998E+001
3.80750000E+003, 2.61073900E+001
3.81000000E+003, 2.73153752E+001
3.81250000E+003, 2.69516176E+001
3.81500000E+003, 2.74084081E+001
3.81750000E+003, 2.73318604E+001
3.82000000E+003, 2.74198253E+001
3.82250000E+003, 2.76306835E+001
3.82500000E+003, 2.77309675E+001
3.82750000E+003, 2.77524106E+001
3.83000000E+003, 2.77175533E+001
3.83250000E+003, 2.74943732E+001
3.83500000E+003, 2.78795112E+001
3.83750000E+003, 2.79683285E+001
3.84000000E+003, 2.81009610E+001
3.84250000E+003, 2.77410080E+001
3.84500000E+003, 2.79194075E+001
3.84750000E+003, 2.78164486E+001
3.85000000E+003, 2.76992997E+001
3.85250000E+003, 2.76073144E+001
3.85500000E+003, 2.77792075E+001
3.85750000E+003, 2.76961353E+001
3.86000000E+003, 2.77464587E+001
3.86250000E+003, 2.76641180E+001
3.86500000E+003, 2.79602241E+001
3.86750000E+003, 2.76517446E+001
3.87000000E+003, 2.80525891E+001
3.87250000E+003, 2.78568280E+001
3.87500000E+003, 2.81266163E+001
3.87750000E+003, 2.76931998E+001
3.88000000E+003, 2.73690621E+001
3.88250000E+003, 2.73224991E+001
3.88500000E+003, 2.75354781E+001
3.88750000E+003, 2.79058892E+001
3.89000000E+003, 2.67398038E+001
3.89250000E+003, 2.73161011E+001
3.89500000E+003, 2.67154599E+001
3.89750000E+003, 2.71927301E+001
3.90000000E+003, 2.70789126E+001
3.90250000E+003, 2.69795611E+001
3.90500000E+003, 2.72594915E+001
3.90750000E+003, 2.66812350E+001
3.91000000E+003, 2.72521995E+001
3.91250000E+003, 2.65834296E+001
3.91500000E+003, 2.71807179E+001
3.91750000E+003, 2.70615851E+001
3.92000000E+003, 2.68291016E+001
3.92250000E+003, 2.63458716E+001
3.92500000E+003, 2.65003949E+001
3.92750000E+003, 2.60227610E+001
3.93000000E+003, 2.64365806E+001
3.93250000E+003, 2.62032767E+001
3.93500000E+003, 2.60087357E+001
3.93750000E+003, 2.57343494E+001
3.94000000E+003, 2.61139729E+001
3.94250000E+003, 2.60107625E+001
3.94500000E+003, 2.56680423E+001
3.94750000E+003, 2.57195184E+001
3.95000000E+003, 2.50866622E+001
3.95250000E+003, 2.52958921E+001
3.95500000E+003, 2.52673883E+001
3.95750000E+003, 2.47392775E+001
3.96000000E+003, 2.49926528E+001
3.96250000E+003, 2.43838777E+001
3.96500000E+003, 2.42141512E+001
3.96750000E+003, 2.48117559E+001
3.97000000E+003, 2.41862305E+001
3.97250000E+003, 2.33672241E+001
3.97500000E+003, 2.45214142E+001
3.97750000E+003, 2.28809318E+001
3.98000000E+003, 2.31468772E+001
3.98250000E+003, 2.19723991E+001
3.98500000E+003, 2.11547450E+001
3.98750000E+003, 2.09854986E+001
3.99000000E+003, 2.09881702E+001
3.99250000E+003, 2.11643384E+001
3.99500000E+003, 1.94556030E+001
3.99750000E+003, 1.97773923E+001
4.00000000E+003, 2.11703368E+001
