Label:, CH1-2: é¸îgêîâûìöä÷êî
DateTime:, Thu Feb 08 16:44:08 2018
DataKind:, CH1-2, FRF, Mag
DataPoints:, 1601
DataCalc:, H1
Frequency:, 0.000 , 4000.000, Hz
Sample:, 4096, Internal
Average:, 3, Power/Sum
Voltage(CH1):, -20.000, dBVrms
Voltage(CH2):, -10.000, dBVrms
EU/V(CH1):, 3.757E+001
EU/V(CH2):, 1.088E+003
Window(CH1):, Rect
Window(CH2):, Rect
X-AxisScale:, Lin
X-AxisUnit:, Hz
Y-AxisScale:, Log
Y-AxisUnit:, m/s2/N
Y-AxisMagniude:
0.00000000E+000, 3.46388665E+001
2.50000000E+000, -7.70416718E+000
5.00000000E+000, -7.02357280E+000
7.50000000E+000, -1.33193417E+001
1.00000000E+001, 1.69301726E+000
1.25000000E+001, 1.97018494E+001
1.50000000E+001, 7.15955894E+000
1.75000000E+001, 8.24981902E-001
2.00000000E+001, 1.07491461E+001
2.25000000E+001, 7.56796674E+000
2.50000000E+001, 5.20765157E+000
2.75000000E+001, 8.10953267E+000
3.00000000E+001, 2.33380031E+000
3.25000000E+001, -1.51167803E+001
3.50000000E+001, 2.54668384E+000
3.75000000E+001, 1.92870162E+000
4.00000000E+001, 5.27265148E+000
4.25000000E+001, 3.29480705E+000
4.50000000E+001, 7.69954542E+000
4.75000000E+001, 1.99802270E-001
5.00000000E+001, -5.27512050E+000
5.25000000E+001, -4.70080917E+000
5.50000000E+001, -7.87954428E+000
5.75000000E+001, 8.59699908E+000
6.00000000E+001, 2.63971018E-001
6.25000000E+001, -1.73178420E+000
6.50000000E+001, 2.26081555E+000
6.75000000E+001, 1.03049725E+001
7.00000000E+001, 7.34142626E+000
7.25000000E+001, 9.12925690E+000
7.50000000E+001, 8.87086987E+000
7.75000000E+001, 8.41533405E+000
8.00000000E+001, 6.29010139E+000
8.25000000E+001, 1.12638436E+001
8.50000000E+001, 1.30716517E+001
8.75000000E+001, 1.34923139E+001
9.00000000E+001, 9.05993724E+000
9.25000000E+001, 1.40964441E+001
9.50000000E+001, 1.51133370E+001
9.75000000E+001, 1.59117784E+001
1.00000000E+002, 1.70958162E+001
1.02500000E+002, 1.78094843E+001
1.05000000E+002, 1.83290546E+001
1.07500000E+002, 1.83937364E+001
1.10000000E+002, 1.99134582E+001
1.12500000E+002, 2.11098514E+001
1.15000000E+002, 2.27318018E+001
1.17500000E+002, 2.34357984E+001
1.20000000E+002, 2.52736365E+001
1.22500000E+002, 2.59313860E+001
1.25000000E+002, 2.75299721E+001
1.27500000E+002, 3.02638447E+001
1.30000000E+002, 3.24733771E+001
1.32500000E+002, 3.46915298E+001
1.35000000E+002, 3.71552064E+001
1.37500000E+002, 4.05997137E+001
1.40000000E+002, 4.56577525E+001
1.42500000E+002, 5.93727256E+001
1.45000000E+002, 4.64174260E+001
1.47500000E+002, 4.15417386E+001
1.50000000E+002, 3.82222962E+001
1.52500000E+002, 3.62809959E+001
1.55000000E+002, 3.45497327E+001
1.57500000E+002, 3.33298325E+001
1.60000000E+002, 3.22767143E+001
1.62500000E+002, 3.15130879E+001
1.65000000E+002, 3.04362559E+001
1.67500000E+002, 2.99686345E+001
1.70000000E+002, 2.94740449E+001
1.72500000E+002, 2.90145061E+001
1.75000000E+002, 2.86433306E+001
1.77500000E+002, 2.81104880E+001
1.80000000E+002, 2.75074638E+001
1.82500000E+002, 2.74257512E+001
1.85000000E+002, 2.70126352E+001
1.87500000E+002, 2.71331993E+001
1.90000000E+002, 2.63056222E+001
1.92500000E+002, 2.60969522E+001
1.95000000E+002, 2.55764203E+001
1.97500000E+002, 2.56691670E+001
2.00000000E+002, 2.57934737E+001
2.02500000E+002, 2.56396414E+001
2.05000000E+002, 2.52728655E+001
2.07500000E+002, 2.48729834E+001
2.10000000E+002, 2.46887972E+001
2.12500000E+002, 2.50953907E+001
2.15000000E+002, 2.43859637E+001
2.17500000E+002, 2.44744876E+001
2.20000000E+002, 2.46123611E+001
2.22500000E+002, 2.37672609E+001
2.25000000E+002, 2.40486226E+001
2.27500000E+002, 2.48143983E+001
2.30000000E+002, 2.42302816E+001
2.32500000E+002, 2.45682957E+001
2.35000000E+002, 2.37144681E+001
2.37500000E+002, 2.35724989E+001
2.40000000E+002, 2.37397674E+001
2.42500000E+002, 2.35484210E+001
2.45000000E+002, 2.40002514E+001
2.47500000E+002, 2.38015922E+001
2.50000000E+002, 2.31289656E+001
2.52500000E+002, 2.34366340E+001
2.55000000E+002, 2.33271285E+001
2.57500000E+002, 2.34267470E+001
2.60000000E+002, 2.32261070E+001
2.62500000E+002, 2.28133140E+001
2.65000000E+002, 2.34667232E+001
2.67500000E+002, 2.28721291E+001
2.70000000E+002, 2.27225557E+001
2.72500000E+002, 2.31538320E+001
2.75000000E+002, 2.26961675E+001
2.77500000E+002, 2.28587555E+001
2.80000000E+002, 2.26878720E+001
2.82500000E+002, 2.26134162E+001
2.85000000E+002, 2.27189242E+001
2.87500000E+002, 2.29558002E+001
2.90000000E+002, 2.26712405E+001
2.92500000E+002, 2.25571958E+001
2.95000000E+002, 2.22421828E+001
2.97500000E+002, 2.25465378E+001
3.00000000E+002, 2.26844318E+001
3.02500000E+002, 2.21936313E+001
3.05000000E+002, 2.20380224E+001
3.07500000E+002, 2.19680186E+001
3.10000000E+002, 2.23128753E+001
3.12500000E+002, 2.18902738E+001
3.15000000E+002, 2.23300832E+001
3.17500000E+002, 2.19480561E+001
3.20000000E+002, 2.21293153E+001
3.22500000E+002, 2.20849739E+001
3.25000000E+002, 2.17541024E+001
3.27500000E+002, 2.19408286E+001
3.30000000E+002, 2.19911565E+001
3.32500000E+002, 2.18916964E+001
3.35000000E+002, 2.20849021E+001
3.37500000E+002, 2.21050468E+001
3.40000000E+002, 2.22937706E+001
3.42500000E+002, 2.14038392E+001
3.45000000E+002, 2.16584360E+001
3.47500000E+002, 2.14136000E+001
3.50000000E+002, 2.14910978E+001
3.52500000E+002, 2.18255808E+001
3.55000000E+002, 2.14858953E+001
3.57500000E+002, 2.13260699E+001
3.60000000E+002, 2.09842150E+001
3.62500000E+002, 2.14961203E+001
3.65000000E+002, 2.13780509E+001
3.67500000E+002, 2.13204829E+001
3.70000000E+002, 2.14214711E+001
3.72500000E+002, 2.14926155E+001
3.75000000E+002, 2.16111382E+001
3.77500000E+002, 2.16676813E+001
3.80000000E+002, 2.14436452E+001
3.82500000E+002, 2.12855868E+001
3.85000000E+002, 2.13158154E+001
3.87500000E+002, 2.14689025E+001
3.90000000E+002, 2.10448265E+001
3.92500000E+002, 2.11227709E+001
3.95000000E+002, 2.12995455E+001
3.97500000E+002, 2.11559761E+001
4.00000000E+002, 2.15420955E+001
4.02500000E+002, 2.13166548E+001
4.05000000E+002, 2.10547094E+001
4.07500000E+002, 2.07102859E+001
4.10000000E+002, 2.10385765E+001
4.12500000E+002, 2.13850329E+001
4.15000000E+002, 2.08193077E+001
4.17500000E+002, 2.11084146E+001
4.20000000E+002, 2.09109149E+001
4.22500000E+002, 2.07652198E+001
4.25000000E+002, 2.02425948E+001
4.27500000E+002, 2.09154460E+001
4.30000000E+002, 2.04759943E+001
4.32500000E+002, 2.08283036E+001
4.35000000E+002, 2.06812698E+001
4.37500000E+002, 2.07683619E+001
4.40000000E+002, 2.09304208E+001
4.42500000E+002, 2.07858517E+001
4.45000000E+002, 2.07093624E+001
4.47500000E+002, 2.07866336E+001
4.50000000E+002, 2.02296983E+001
4.52500000E+002, 2.06267768E+001
4.55000000E+002, 2.04615230E+001
4.57500000E+002, 2.03867086E+001
4.60000000E+002, 2.03076346E+001
4.62500000E+002, 2.01111399E+001
4.65000000E+002, 2.02135181E+001
4.67500000E+002, 2.06385281E+001
4.70000000E+002, 2.01023884E+001
4.72500000E+002, 1.99304989E+001
4.75000000E+002, 2.03585359E+001
4.77500000E+002, 1.98820843E+001
4.80000000E+002, 1.94383762E+001
4.82500000E+002, 1.97760521E+001
4.85000000E+002, 1.93910061E+001
4.87500000E+002, 1.91011147E+001
4.90000000E+002, 1.94728152E+001
4.92500000E+002, 1.85496887E+001
4.95000000E+002, 1.91934596E+001
4.97500000E+002, 1.82528128E+001
5.00000000E+002, 1.78096390E+001
5.02500000E+002, 1.77224581E+001
5.05000000E+002, 1.75852862E+001
5.07500000E+002, 1.69432320E+001
5.10000000E+002, 1.49443568E+001
5.12500000E+002, 1.45053425E+001
5.15000000E+002, 1.18408784E+001
5.17500000E+002, 9.71288798E+000
5.20000000E+002, 1.00251054E+001
5.22500000E+002, 1.31890658E+001
5.25000000E+002, 2.05830541E+001
5.27500000E+002, 2.71989021E+001
5.30000000E+002, 3.67593973E+001
5.32500000E+002, 4.65471291E+001
5.35000000E+002, 3.58806973E+001
5.37500000E+002, 3.22714538E+001
5.40000000E+002, 3.03265574E+001
5.42500000E+002, 2.86548200E+001
5.45000000E+002, 2.78916164E+001
5.47500000E+002, 2.73035041E+001
5.50000000E+002, 2.64178942E+001
5.52500000E+002, 2.62436822E+001
5.55000000E+002, 2.56144973E+001
5.57500000E+002, 2.54413026E+001
5.60000000E+002, 2.59004271E+001
5.62500000E+002, 2.53016295E+001
5.65000000E+002, 2.53052826E+001
5.67500000E+002, 2.50346890E+001
5.70000000E+002, 2.54375014E+001
5.72500000E+002, 2.47869884E+001
5.75000000E+002, 2.46671312E+001
5.77500000E+002, 2.48726204E+001
5.80000000E+002, 2.47384977E+001
5.82500000E+002, 2.46940453E+001
5.85000000E+002, 2.40225936E+001
5.87500000E+002, 2.40601905E+001
5.90000000E+002, 2.46001960E+001
5.92500000E+002, 2.44230394E+001
5.95000000E+002, 2.52894368E+001
5.97500000E+002, 2.42584146E+001
6.00000000E+002, 2.46902823E+001
6.02500000E+002, 2.38819025E+001
6.05000000E+002, 2.42425518E+001
6.07500000E+002, 2.45111030E+001
6.10000000E+002, 2.47060709E+001
6.12500000E+002, 2.44872132E+001
6.15000000E+002, 2.48746204E+001
6.17500000E+002, 2.39442752E+001
6.20000000E+002, 2.48924567E+001
6.22500000E+002, 2.48843245E+001
6.25000000E+002, 2.42300359E+001
6.27500000E+002, 2.42920381E+001
6.30000000E+002, 2.41137527E+001
6.32500000E+002, 2.44726542E+001
6.35000000E+002, 2.45207707E+001
6.37500000E+002, 2.44006507E+001
6.40000000E+002, 2.44342487E+001
6.42500000E+002, 2.44602194E+001
6.45000000E+002, 2.44543140E+001
6.47500000E+002, 2.43682860E+001
6.50000000E+002, 2.45607296E+001
6.52500000E+002, 2.45349905E+001
6.55000000E+002, 2.44138365E+001
6.57500000E+002, 2.48246436E+001
6.60000000E+002, 2.42459126E+001
6.62500000E+002, 2.45422238E+001
6.65000000E+002, 2.45029751E+001
6.67500000E+002, 2.45404505E+001
6.70000000E+002, 2.46609968E+001
6.72500000E+002, 2.49669038E+001
6.75000000E+002, 2.47523249E+001
6.77500000E+002, 2.45995172E+001
6.80000000E+002, 2.49754867E+001
6.82500000E+002, 2.52066453E+001
6.85000000E+002, 2.47915063E+001
6.87500000E+002, 2.47206372E+001
6.90000000E+002, 2.49921460E+001
6.92500000E+002, 2.48521333E+001
6.95000000E+002, 2.50783167E+001
6.97500000E+002, 2.50382417E+001
7.00000000E+002, 2.51503507E+001
7.02500000E+002, 2.52628011E+001
7.05000000E+002, 2.50313528E+001
7.07500000E+002, 2.54166352E+001
7.10000000E+002, 2.51482571E+001
7.12500000E+002, 2.54400026E+001
7.15000000E+002, 2.55629864E+001
7.17500000E+002, 2.57733925E+001
7.20000000E+002, 2.54789420E+001
7.22500000E+002, 2.56247173E+001
7.25000000E+002, 2.56069055E+001
7.27500000E+002, 2.58116386E+001
7.30000000E+002, 2.59193565E+001
7.32500000E+002, 2.62199362E+001
7.35000000E+002, 2.61437789E+001
7.37500000E+002, 2.60079598E+001
7.40000000E+002, 2.62805113E+001
7.42500000E+002, 2.61794550E+001
7.45000000E+002, 2.64148512E+001
7.47500000E+002, 2.65107416E+001
7.50000000E+002, 2.65800566E+001
7.52500000E+002, 2.67531187E+001
7.55000000E+002, 2.65603319E+001
7.57500000E+002, 2.68755637E+001
7.60000000E+002, 2.70032865E+001
7.62500000E+002, 2.72444598E+001
7.65000000E+002, 2.72083882E+001
7.67500000E+002, 2.72080938E+001
7.70000000E+002, 2.72356359E+001
7.72500000E+002, 2.75275779E+001
7.75000000E+002, 2.75138728E+001
7.77500000E+002, 2.78295583E+001
7.80000000E+002, 2.78570937E+001
7.82500000E+002, 2.82731803E+001
7.85000000E+002, 2.82226775E+001
7.87500000E+002, 2.82577196E+001
7.90000000E+002, 2.86742681E+001
7.92500000E+002, 2.88153347E+001
7.95000000E+002, 2.90260457E+001
7.97500000E+002, 2.90572370E+001
8.00000000E+002, 2.91774077E+001
8.02500000E+002, 2.94222642E+001
8.05000000E+002, 2.96800065E+001
8.07500000E+002, 2.99509266E+001
8.10000000E+002, 3.02291977E+001
8.12500000E+002, 3.05268183E+001
8.15000000E+002, 3.07018542E+001
8.17500000E+002, 3.11455654E+001
8.20000000E+002, 3.14599817E+001
8.22500000E+002, 3.16221486E+001
8.25000000E+002, 3.20816334E+001
8.27500000E+002, 3.26066707E+001
8.30000000E+002, 3.27824196E+001
8.32500000E+002, 3.33521732E+001
8.35000000E+002, 3.39091175E+001
8.37500000E+002, 3.43329336E+001
8.40000000E+002, 3.49912114E+001
8.42500000E+002, 3.56713985E+001
8.45000000E+002, 3.62899868E+001
8.47500000E+002, 3.74096086E+001
8.50000000E+002, 3.82887970E+001
8.52500000E+002, 3.93656283E+001
8.55000000E+002, 4.05206810E+001
8.57500000E+002, 4.20638924E+001
8.60000000E+002, 4.39254132E+001
8.62500000E+002, 4.59900702E+001
8.65000000E+002, 4.80605020E+001
8.67500000E+002, 4.87988477E+001
8.70000000E+002, 4.71407590E+001
8.72500000E+002, 4.43483813E+001
8.75000000E+002, 4.20883037E+001
8.77500000E+002, 4.01214442E+001
8.80000000E+002, 3.81347710E+001
8.82500000E+002, 3.65715841E+001
8.85000000E+002, 3.51812068E+001
8.87500000E+002, 3.40190544E+001
8.90000000E+002, 3.26110659E+001
8.92500000E+002, 3.15456765E+001
8.95000000E+002, 3.06989157E+001
8.97500000E+002, 2.97400146E+001
9.00000000E+002, 2.87531008E+001
9.02500000E+002, 2.79171026E+001
9.05000000E+002, 2.71232620E+001
9.07500000E+002, 2.60041266E+001
9.10000000E+002, 2.51524044E+001
9.12500000E+002, 2.48979396E+001
9.15000000E+002, 2.37791274E+001
9.17500000E+002, 2.37211054E+001
9.20000000E+002, 2.28790682E+001
9.22500000E+002, 2.17835490E+001
9.25000000E+002, 2.12364746E+001
9.27500000E+002, 2.00430717E+001
9.30000000E+002, 1.91540118E+001
9.32500000E+002, 1.89928286E+001
9.35000000E+002, 1.79715748E+001
9.37500000E+002, 1.79159232E+001
9.40000000E+002, 1.65549555E+001
9.42500000E+002, 1.57036811E+001
9.45000000E+002, 1.55585330E+001
9.47500000E+002, 1.38165067E+001
9.50000000E+002, 1.34139895E+001
9.52500000E+002, 1.26449603E+001
9.55000000E+002, 1.19993854E+001
9.57500000E+002, 9.14588114E+000
9.60000000E+002, 8.92599985E+000
9.62500000E+002, 8.36277602E+000
9.65000000E+002, 5.16862001E+000
9.67500000E+002, 5.59840714E+000
9.70000000E+002, 6.08884003E-001
9.72500000E+002, -1.42110293E-001
9.75000000E+002, -3.49469206E+000
9.77500000E+002, 8.22481641E-001
9.80000000E+002, 8.14809135E-001
9.82500000E+002, -6.92867742E+000
9.85000000E+002, -3.43294323E+000
9.87500000E+002, 2.56551160E+000
9.90000000E+002, -5.99903490E-001
9.92500000E+002, 7.08138225E-001
9.95000000E+002, 1.21737297E+000
9.97500000E+002, 3.55053003E+000
1.00000000E+003, 6.33286488E+000
1.00250000E+003, 4.83308619E+000
1.00500000E+003, 7.14971363E+000
1.00750000E+003, 6.38138675E+000
1.01000000E+003, 8.22893644E+000
1.01250000E+003, 8.85130926E+000
1.01500000E+003, 7.89403161E+000
1.01750000E+003, 1.03354390E+001
1.02000000E+003, 1.06609743E+001
1.02250000E+003, 1.04338159E+001
1.02500000E+003, 8.77005985E+000
1.02750000E+003, 9.91178282E+000
1.03000000E+003, 1.29162807E+001
1.03250000E+003, 1.20109190E+001
1.03500000E+003, 1.27368299E+001
1.03750000E+003, 1.18223712E+001
1.04000000E+003, 1.30046863E+001
1.04250000E+003, 1.33638729E+001
1.04500000E+003, 1.36048071E+001
1.04750000E+003, 1.34855235E+001
1.05000000E+003, 1.33033208E+001
1.05250000E+003, 1.31444151E+001
1.05500000E+003, 1.39052050E+001
1.05750000E+003, 1.38314085E+001
1.06000000E+003, 1.38256819E+001
1.06250000E+003, 1.42188102E+001
1.06500000E+003, 1.50546898E+001
1.06750000E+003, 1.41372185E+001
1.07000000E+003, 1.41593756E+001
1.07250000E+003, 1.54690003E+001
1.07500000E+003, 1.55514883E+001
1.07750000E+003, 1.55401299E+001
1.08000000E+003, 1.58679561E+001
1.08250000E+003, 1.51150583E+001
1.08500000E+003, 1.54747056E+001
1.08750000E+003, 1.55524230E+001
1.09000000E+003, 1.59541079E+001
1.09250000E+003, 1.59710266E+001
1.09500000E+003, 1.62035936E+001
1.09750000E+003, 1.58347011E+001
1.10000000E+003, 1.64604085E+001
1.10250000E+003, 1.68140001E+001
1.10500000E+003, 1.63842051E+001
1.10750000E+003, 1.64285876E+001
1.11000000E+003, 1.68737902E+001
1.11250000E+003, 1.65845433E+001
1.11500000E+003, 1.62057925E+001
1.11750000E+003, 1.70486318E+001
1.12000000E+003, 1.68779896E+001
1.12250000E+003, 1.73867554E+001
1.12500000E+003, 1.68998022E+001
1.12750000E+003, 1.72542675E+001
1.13000000E+003, 1.69292255E+001
1.13250000E+003, 1.73673242E+001
1.13500000E+003, 1.75691315E+001
1.13750000E+003, 1.76936011E+001
1.14000000E+003, 1.70000831E+001
1.14250000E+003, 1.74653009E+001
1.14500000E+003, 1.70565060E+001
1.14750000E+003, 1.78193623E+001
1.15000000E+003, 1.81158592E+001
1.15250000E+003, 1.78484110E+001
1.15500000E+003, 1.79648984E+001
1.15750000E+003, 1.79275174E+001
1.16000000E+003, 1.76376106E+001
1.16250000E+003, 1.80364467E+001
1.16500000E+003, 1.77249020E+001
1.16750000E+003, 1.78141404E+001
1.17000000E+003, 1.80857768E+001
1.17250000E+003, 1.82016846E+001
1.17500000E+003, 1.80495773E+001
1.17750000E+003, 1.85388455E+001
1.18000000E+003, 1.83524189E+001
1.18250000E+003, 1.89266401E+001
1.18500000E+003, 1.84577591E+001
1.18750000E+003, 1.86542211E+001
1.19000000E+003, 1.87729532E+001
1.19250000E+003, 1.88214285E+001
1.19500000E+003, 1.85731680E+001
1.19750000E+003, 1.89492495E+001
1.20000000E+003, 1.90679673E+001
1.20250000E+003, 1.87756115E+001
1.20500000E+003, 1.86421656E+001
1.20750000E+003, 1.85002392E+001
1.21000000E+003, 1.90040268E+001
1.21250000E+003, 1.92225791E+001
1.21500000E+003, 1.89617642E+001
1.21750000E+003, 1.86619491E+001
1.22000000E+003, 1.88128262E+001
1.22250000E+003, 1.89354921E+001
1.22500000E+003, 1.89193944E+001
1.22750000E+003, 1.96004056E+001
1.23000000E+003, 1.94252554E+001
1.23250000E+003, 1.89222287E+001
1.23500000E+003, 1.97457291E+001
1.23750000E+003, 1.93953026E+001
1.24000000E+003, 1.94020341E+001
1.24250000E+003, 1.91856101E+001
1.24500000E+003, 1.95885333E+001
1.24750000E+003, 1.93540638E+001
1.25000000E+003, 1.94025481E+001
1.25250000E+003, 1.96841831E+001
1.25500000E+003, 1.93485507E+001
1.25750000E+003, 1.93299735E+001
1.26000000E+003, 1.95418242E+001
1.26250000E+003, 1.97236676E+001
1.26500000E+003, 1.94737253E+001
1.26750000E+003, 1.98374994E+001
1.27000000E+003, 1.96249739E+001
1.27250000E+003, 1.92463580E+001
1.27500000E+003, 1.99559834E+001
1.27750000E+003, 1.94523815E+001
1.28000000E+003, 1.96474589E+001
1.28250000E+003, 1.96832933E+001
1.28500000E+003, 2.00802479E+001
1.28750000E+003, 1.98823277E+001
1.29000000E+003, 1.97734135E+001
1.29250000E+003, 1.93172039E+001
1.29500000E+003, 1.99658634E+001
1.29750000E+003, 1.93152426E+001
1.30000000E+003, 1.92990308E+001
1.30250000E+003, 1.94008357E+001
1.30500000E+003, 1.95562296E+001
1.30750000E+003, 1.96355813E+001
1.31000000E+003, 1.94486024E+001
1.31250000E+003, 1.88918326E+001
1.31500000E+003, 1.90679213E+001
1.31750000E+003, 1.91010947E+001
1.32000000E+003, 1.87522332E+001
1.32250000E+003, 1.83910511E+001
1.32500000E+003, 1.78900655E+001
1.32750000E+003, 1.74880276E+001
1.33000000E+003, 1.66950983E+001
1.33250000E+003, 1.48290578E+001
1.33500000E+003, 1.03470635E+001
1.33750000E+003, 2.25459590E+001
1.34000000E+003, 3.17937308E+001
1.34250000E+003, 2.69142406E+001
1.34500000E+003, 2.52226820E+001
1.34750000E+003, 2.42045164E+001
1.35000000E+003, 2.34276955E+001
1.35250000E+003, 2.30849443E+001
1.35500000E+003, 2.29445802E+001
1.35750000E+003, 2.26129326E+001
1.36000000E+003, 2.24940380E+001
1.36250000E+003, 2.22239009E+001
1.36500000E+003, 2.21719420E+001
1.36750000E+003, 2.22841985E+001
1.37000000E+003, 2.22095840E+001
1.37250000E+003, 2.18998521E+001
1.37500000E+003, 2.21975864E+001
1.37750000E+003, 2.23517589E+001
1.38000000E+003, 2.22243238E+001
1.38250000E+003, 2.19808152E+001
1.38500000E+003, 2.22198906E+001
1.38750000E+003, 2.21145417E+001
1.39000000E+003, 2.19349236E+001
1.39250000E+003, 2.21638379E+001
1.39500000E+003, 2.20393228E+001
1.39750000E+003, 2.22262373E+001
1.40000000E+003, 2.20691498E+001
1.40250000E+003, 2.21689814E+001
1.40500000E+003, 2.22838649E+001
1.40750000E+003, 2.22043914E+001
1.41000000E+003, 2.22251242E+001
1.41250000E+003, 2.23398648E+001
1.41500000E+003, 2.23125862E+001
1.41750000E+003, 2.22343447E+001
1.42000000E+003, 2.22637052E+001
1.42250000E+003, 2.24404998E+001
1.42500000E+003, 2.23991009E+001
1.42750000E+003, 2.23044292E+001
1.43000000E+003, 2.23370448E+001
1.43250000E+003, 2.23894171E+001
1.43500000E+003, 2.25083312E+001
1.43750000E+003, 2.21355269E+001
1.44000000E+003, 2.22799256E+001
1.44250000E+003, 2.25723901E+001
1.44500000E+003, 2.24764015E+001
1.44750000E+003, 2.23918927E+001
1.45000000E+003, 2.24623386E+001
1.45250000E+003, 2.23181470E+001
1.45500000E+003, 2.23699642E+001
1.45750000E+003, 2.24922318E+001
1.46000000E+003, 2.24260216E+001
1.46250000E+003, 2.25663901E+001
1.46500000E+003, 2.27049410E+001
1.46750000E+003, 2.25939526E+001
1.47000000E+003, 2.26333922E+001
1.47250000E+003, 2.25229213E+001
1.47500000E+003, 2.26812051E+001
1.47750000E+003, 2.26821822E+001
1.48000000E+003, 2.27489213E+001
1.48250000E+003, 2.27529638E+001
1.48500000E+003, 2.28301957E+001
1.48750000E+003, 2.27119187E+001
1.49000000E+003, 2.28069423E+001
1.49250000E+003, 2.28731722E+001
1.49500000E+003, 2.28859431E+001
1.49750000E+003, 2.30877427E+001
1.50000000E+003, 2.29680801E+001
1.50250000E+003, 2.32218256E+001
1.50500000E+003, 2.31336400E+001
1.50750000E+003, 2.30309302E+001
1.51000000E+003, 2.30392663E+001
1.51250000E+003, 2.31418329E+001
1.51500000E+003, 2.30429929E+001
1.51750000E+003, 2.32958119E+001
1.52000000E+003, 2.30345822E+001
1.52250000E+003, 2.30587336E+001
1.52500000E+003, 2.31171429E+001
1.52750000E+003, 2.31995651E+001
1.53000000E+003, 2.35159888E+001
1.53250000E+003, 2.32571024E+001
1.53500000E+003, 2.33674410E+001
1.53750000E+003, 2.34821612E+001
1.54000000E+003, 2.32818657E+001
1.54250000E+003, 2.33896631E+001
1.54500000E+003, 2.35369876E+001
1.54750000E+003, 2.33061238E+001
1.55000000E+003, 2.33739930E+001
1.55250000E+003, 2.33776210E+001
1.55500000E+003, 2.35662192E+001
1.55750000E+003, 2.34983450E+001
1.56000000E+003, 2.35395280E+001
1.56250000E+003, 2.34914393E+001
1.56500000E+003, 2.35459248E+001
1.56750000E+003, 2.32242786E+001
1.57000000E+003, 2.37944110E+001
1.57250000E+003, 2.32918953E+001
1.57500000E+003, 2.37896439E+001
1.57750000E+003, 2.35996699E+001
1.58000000E+003, 2.38289285E+001
1.58250000E+003, 2.38962020E+001
1.58500000E+003, 2.38546973E+001
1.58750000E+003, 2.38255074E+001
1.59000000E+003, 2.35457403E+001
1.59250000E+003, 2.38779531E+001
1.59500000E+003, 2.38076961E+001
1.59750000E+003, 2.39150144E+001
1.60000000E+003, 2.35396641E+001
1.60250000E+003, 2.38948192E+001
1.60500000E+003, 2.38797032E+001
1.60750000E+003, 2.37688043E+001
1.61000000E+003, 2.41162412E+001
1.61250000E+003, 2.43265588E+001
1.61500000E+003, 2.43557453E+001
1.61750000E+003, 2.38763218E+001
1.62000000E+003, 2.40709759E+001
1.62250000E+003, 2.41413905E+001
1.62500000E+003, 2.41238681E+001
1.62750000E+003, 2.40815339E+001
1.63000000E+003, 2.43252529E+001
1.63250000E+003, 2.43299423E+001
1.63500000E+003, 2.41183926E+001
1.63750000E+003, 2.45894564E+001
1.64000000E+003, 2.44327612E+001
1.64250000E+003, 2.40772059E+001
1.64500000E+003, 2.43165323E+001
1.64750000E+003, 2.43367727E+001
1.65000000E+003, 2.45405096E+001
1.65250000E+003, 2.46710418E+001
1.65500000E+003, 2.41873000E+001
1.65750000E+003, 2.45462889E+001
1.66000000E+003, 2.49311745E+001
1.66250000E+003, 2.45355026E+001
1.66500000E+003, 2.44887547E+001
1.66750000E+003, 2.48289778E+001
1.67000000E+003, 2.47886876E+001
1.67250000E+003, 2.49935763E+001
1.67500000E+003, 2.50564211E+001
1.67750000E+003, 2.47735971E+001
1.68000000E+003, 2.48581289E+001
1.68250000E+003, 2.48248487E+001
1.68500000E+003, 2.47899071E+001
1.68750000E+003, 2.51285151E+001
1.69000000E+003, 2.48546529E+001
1.69250000E+003, 2.49046410E+001
1.69500000E+003, 2.46711566E+001
1.69750000E+003, 2.50979705E+001
1.70000000E+003, 2.50571401E+001
1.70250000E+003, 2.49790565E+001
1.70500000E+003, 2.51717644E+001
1.70750000E+003, 2.50970661E+001
1.71000000E+003, 2.53143709E+001
1.71250000E+003, 2.52120930E+001
1.71500000E+003, 2.50817253E+001
1.71750000E+003, 2.54976782E+001
1.72000000E+003, 2.52852354E+001
1.72250000E+003, 2.55713061E+001
1.72500000E+003, 2.53391332E+001
1.72750000E+003, 2.51942547E+001
1.73000000E+003, 2.53592296E+001
1.73250000E+003, 2.57207257E+001
1.73500000E+003, 2.52484849E+001
1.73750000E+003, 2.55072569E+001
1.74000000E+003, 2.56346588E+001
1.74250000E+003, 2.57939516E+001
1.74500000E+003, 2.58962795E+001
1.74750000E+003, 2.56873670E+001
1.75000000E+003, 2.60993838E+001
1.75250000E+003, 2.59538769E+001
1.75500000E+003, 2.58270444E+001
1.75750000E+003, 2.60525351E+001
1.76000000E+003, 2.59774328E+001
1.76250000E+003, 2.61756527E+001
1.76500000E+003, 2.61040908E+001
1.76750000E+003, 2.62406079E+001
1.77000000E+003, 2.65919715E+001
1.77250000E+003, 2.62788153E+001
1.77500000E+003, 2.65520136E+001
1.77750000E+003, 2.68987468E+001
1.78000000E+003, 2.69751649E+001
1.78250000E+003, 2.73511160E+001
1.78500000E+003, 2.76578753E+001
1.78750000E+003, 2.85470321E+001
1.79000000E+003, 2.93862199E+001
1.79250000E+003, 3.12728972E+001
1.79500000E+003, 3.55094944E+001
1.79750000E+003, 3.76892445E+001
1.80000000E+003, 2.05842108E+001
1.80250000E+003, 1.36669642E+001
1.80500000E+003, 1.75206349E+001
1.80750000E+003, 1.85587372E+001
1.81000000E+003, 2.03047444E+001
1.81250000E+003, 2.08675197E+001
1.81500000E+003, 1.95536871E+001
1.81750000E+003, 1.90646570E+001
1.82000000E+003, 2.07653912E+001
1.82250000E+003, 3.02505022E+001
1.82500000E+003, 2.84243215E+001
1.82750000E+003, 2.59217818E+001
1.83000000E+003, 2.46781136E+001
1.83250000E+003, 2.47678532E+001
1.83500000E+003, 2.39116976E+001
1.83750000E+003, 2.36142033E+001
1.84000000E+003, 2.61986868E+001
1.84250000E+003, 2.48073024E+001
1.84500000E+003, 2.45501540E+001
1.84750000E+003, 2.40791049E+001
1.85000000E+003, 2.35228568E+001
1.85250000E+003, 2.30308573E+001
1.85500000E+003, 2.25271248E+001
1.85750000E+003, 2.19427245E+001
1.86000000E+003, 2.07517620E+001
1.86250000E+003, 2.03573431E+001
1.86500000E+003, 1.84224608E+001
1.86750000E+003, 1.61597463E+001
1.87000000E+003, 1.33217990E+001
1.87250000E+003, 1.84080951E+001
1.87500000E+003, 2.47855967E+001
1.87750000E+003, 3.13149175E+001
1.88000000E+003, 3.86620441E+001
1.88250000E+003, 4.43354814E+001
1.88500000E+003, 4.13075247E+001
1.88750000E+003, 3.81302427E+001
1.89000000E+003, 3.63635937E+001
1.89250000E+003, 3.49544680E+001
1.89500000E+003, 3.41354053E+001
1.89750000E+003, 3.33629988E+001
1.90000000E+003, 3.30332003E+001
1.90250000E+003, 3.27923242E+001
1.90500000E+003, 3.24683403E+001
1.90750000E+003, 3.20317321E+001
1.91000000E+003, 3.20536467E+001
1.91250000E+003, 3.18838097E+001
1.91500000E+003, 3.17861166E+001
1.91750000E+003, 3.16771692E+001
1.92000000E+003, 3.16332574E+001
1.92250000E+003, 3.14091620E+001
1.92500000E+003, 3.12499525E+001
1.92750000E+003, 3.11664187E+001
1.93000000E+003, 3.16467420E+001
1.93250000E+003, 3.14445897E+001
1.93500000E+003, 3.15969244E+001
1.93750000E+003, 3.14846532E+001
1.94000000E+003, 3.15802373E+001
1.94250000E+003, 3.17449716E+001
1.94500000E+003, 3.17416348E+001
1.94750000E+003, 3.15471031E+001
1.95000000E+003, 3.18868503E+001
1.95250000E+003, 3.17681208E+001
1.95500000E+003, 3.20664417E+001
1.95750000E+003, 3.22411953E+001
1.96000000E+003, 3.23287472E+001
1.96250000E+003, 3.29490032E+001
1.96500000E+003, 3.29114364E+001
1.96750000E+003, 3.34812772E+001
1.97000000E+003, 3.40548685E+001
1.97250000E+003, 3.46261954E+001
1.97500000E+003, 3.56053259E+001
1.97750000E+003, 3.68951618E+001
1.98000000E+003, 3.93167479E+001
1.98250000E+003, 4.37093606E+001
1.98500000E+003, 4.15278460E+001
1.98750000E+003, 3.18934893E+001
1.99000000E+003, 2.28567850E+001
1.99250000E+003, 1.33135791E+001
1.99500000E+003, 1.83653880E+001
1.99750000E+003, 2.19771384E+001
2.00000000E+003, 2.45336706E+001
2.00250000E+003, 2.49511429E+001
2.00500000E+003, 2.59899367E+001
2.00750000E+003, 2.65163533E+001
2.01000000E+003, 2.68738097E+001
2.01250000E+003, 2.71127166E+001
2.01500000E+003, 2.75536213E+001
2.01750000E+003, 2.77656663E+001
2.02000000E+003, 2.82203944E+001
2.02250000E+003, 2.83986298E+001
2.02500000E+003, 2.81080992E+001
2.02750000E+003, 2.86063771E+001
2.03000000E+003, 2.89592508E+001
2.03250000E+003, 2.88930003E+001
2.03500000E+003, 2.88110654E+001
2.03750000E+003, 2.92071036E+001
2.04000000E+003, 2.91911245E+001
2.04250000E+003, 2.93526064E+001
2.04500000E+003, 2.95550292E+001
2.04750000E+003, 2.95990307E+001
2.05000000E+003, 2.97577568E+001
2.05250000E+003, 2.97481545E+001
2.05500000E+003, 2.98628126E+001
2.05750000E+003, 2.95732634E+001
2.06000000E+003, 2.99949408E+001
2.06250000E+003, 3.02154455E+001
2.06500000E+003, 3.02293245E+001
2.06750000E+003, 3.01199064E+001
2.07000000E+003, 3.03810533E+001
2.07250000E+003, 3.05561357E+001
2.07500000E+003, 3.04511584E+001
2.07750000E+003, 3.04453072E+001
2.08000000E+003, 3.07441115E+001
2.08250000E+003, 3.04199634E+001
2.08500000E+003, 3.07246473E+001
2.08750000E+003, 3.08237890E+001
2.09000000E+003, 3.09004896E+001
2.09250000E+003, 3.09792073E+001
2.09500000E+003, 3.09115127E+001
2.09750000E+003, 3.11318724E+001
2.10000000E+003, 3.11411961E+001
2.10250000E+003, 3.11338569E+001
2.10500000E+003, 3.12787595E+001
2.10750000E+003, 3.15211635E+001
2.11000000E+003, 3.14441335E+001
2.11250000E+003, 3.16121423E+001
2.11500000E+003, 3.15868466E+001
2.11750000E+003, 3.18404601E+001
2.12000000E+003, 3.18280668E+001
2.12250000E+003, 3.17932176E+001
2.12500000E+003, 3.20161780E+001
2.12750000E+003, 3.17443015E+001
2.13000000E+003, 3.19402430E+001
2.13250000E+003, 3.20460023E+001
2.13500000E+003, 3.23028904E+001
2.13750000E+003, 3.23354154E+001
2.14000000E+003, 3.22202778E+001
2.14250000E+003, 3.24422942E+001
2.14500000E+003, 3.23032023E+001
2.14750000E+003, 3.26094789E+001
2.15000000E+003, 3.27353598E+001
2.15250000E+003, 3.26402104E+001
2.15500000E+003, 3.29196044E+001
2.15750000E+003, 3.29831754E+001
2.16000000E+003, 3.31964944E+001
2.16250000E+003, 3.30006292E+001
2.16500000E+003, 3.31789840E+001
2.16750000E+003, 3.33660761E+001
2.17000000E+003, 3.33632202E+001
2.17250000E+003, 3.34331915E+001
2.17500000E+003, 3.35555772E+001
2.17750000E+003, 3.37369986E+001
2.18000000E+003, 3.39652502E+001
2.18250000E+003, 3.38022635E+001
2.18500000E+003, 3.38720706E+001
2.18750000E+003, 3.41875213E+001
2.19000000E+003, 3.40839621E+001
2.19250000E+003, 3.43007836E+001
2.19500000E+003, 3.43911059E+001
2.19750000E+003, 3.46138512E+001
2.20000000E+003, 3.45550297E+001
2.20250000E+003, 3.47869748E+001
2.20500000E+003, 3.47523987E+001
2.20750000E+003, 3.49747981E+001
2.21000000E+003, 3.50874370E+001
2.21250000E+003, 3.51559067E+001
2.21500000E+003, 3.53663145E+001
2.21750000E+003, 3.55087313E+001
2.22000000E+003, 3.56017054E+001
2.22250000E+003, 3.56690503E+001
2.22500000E+003, 3.58310397E+001
2.22750000E+003, 3.60843175E+001
2.23000000E+003, 3.59550061E+001
2.23250000E+003, 3.63476913E+001
2.23500000E+003, 3.64412520E+001
2.23750000E+003, 3.66797590E+001
2.24000000E+003, 3.68604306E+001
2.24250000E+003, 3.70328122E+001
2.24500000E+003, 3.71711689E+001
2.24750000E+003, 3.72823478E+001
2.25000000E+003, 3.74209832E+001
2.25250000E+003, 3.76841110E+001
2.25500000E+003, 3.78646495E+001
2.25750000E+003, 3.81024049E+001
2.26000000E+003, 3.82415759E+001
2.26250000E+003, 3.84888282E+001
2.26500000E+003, 3.87439297E+001
2.26750000E+003, 3.90691989E+001
2.27000000E+003, 3.92786759E+001
2.27250000E+003, 3.94305105E+001
2.27500000E+003, 3.96459419E+001
2.27750000E+003, 3.99570459E+001
2.28000000E+003, 4.02333953E+001
2.28250000E+003, 4.05062075E+001
2.28500000E+003, 4.08660179E+001
2.28750000E+003, 4.13428988E+001
2.29000000E+003, 4.16484995E+001
2.29250000E+003, 4.19375349E+001
2.29500000E+003, 4.23055055E+001
2.29750000E+003, 4.27224431E+001
2.30000000E+003, 4.31488473E+001
2.30250000E+003, 4.35822081E+001
2.30500000E+003, 4.40493329E+001
2.30750000E+003, 4.46864670E+001
2.31000000E+003, 4.51793902E+001
2.31250000E+003, 4.57486011E+001
2.31500000E+003, 4.62375127E+001
2.31750000E+003, 4.71056539E+001
2.32000000E+003, 4.78097680E+001
2.32250000E+003, 4.85765904E+001
2.32500000E+003, 4.94533773E+001
2.32750000E+003, 5.02234027E+001
2.33000000E+003, 5.10482979E+001
2.33250000E+003, 5.17023498E+001
2.33500000E+003, 5.22633302E+001
2.33750000E+003, 5.22657973E+001
2.34000000E+003, 5.21221221E+001
2.34250000E+003, 5.14265754E+001
2.34500000E+003, 5.05876278E+001
2.34750000E+003, 4.96150878E+001
2.35000000E+003, 4.86261362E+001
2.35250000E+003, 4.74732485E+001
2.35500000E+003, 4.65803433E+001
2.35750000E+003, 4.56086918E+001
2.36000000E+003, 4.46783324E+001
2.36250000E+003, 4.38553443E+001
2.36500000E+003, 4.30042126E+001
2.36750000E+003, 4.22372089E+001
2.37000000E+003, 4.14472209E+001
2.37250000E+003, 4.06733106E+001
2.37500000E+003, 4.00103213E+001
2.37750000E+003, 3.93252484E+001
2.38000000E+003, 3.87952701E+001
2.38250000E+003, 3.80809296E+001
2.38500000E+003, 3.75142857E+001
2.38750000E+003, 3.69250371E+001
2.39000000E+003, 3.63248769E+001
2.39250000E+003, 3.57252523E+001
2.39500000E+003, 3.52611422E+001
2.39750000E+003, 3.48186461E+001
2.40000000E+003, 3.43038724E+001
2.40250000E+003, 3.37651347E+001
2.40500000E+003, 3.32604178E+001
2.40750000E+003, 3.26982821E+001
2.41000000E+003, 3.23627251E+001
2.41250000E+003, 3.19090053E+001
2.41500000E+003, 3.14075015E+001
2.41750000E+003, 3.10673623E+001
2.42000000E+003, 3.07335667E+001
2.42250000E+003, 3.03444044E+001
2.42500000E+003, 2.99919075E+001
2.42750000E+003, 2.94863046E+001
2.43000000E+003, 2.89670487E+001
2.43250000E+003, 2.83409407E+001
2.43500000E+003, 2.77346056E+001
2.43750000E+003, 2.72595104E+001
2.44000000E+003, 2.67014276E+001
2.44250000E+003, 2.59637888E+001
2.44500000E+003, 2.54564131E+001
2.44750000E+003, 2.48997572E+001
2.45000000E+003, 2.42451970E+001
2.45250000E+003, 2.36745380E+001
2.45500000E+003, 2.26335950E+001
2.45750000E+003, 2.22833890E+001
2.46000000E+003, 2.16408557E+001
2.46250000E+003, 2.06308960E+001
2.46500000E+003, 2.02435037E+001
2.46750000E+003, 1.96389752E+001
2.47000000E+003, 1.87421477E+001
2.47250000E+003, 1.84448358E+001
2.47500000E+003, 1.71919327E+001
2.47750000E+003, 1.71166058E+001
2.48000000E+003, 1.53227428E+001
2.48250000E+003, 1.38154436E+001
2.48500000E+003, 1.33342546E+001
2.48750000E+003, 1.10391393E+001
2.49000000E+003, 8.54057529E+000
2.49250000E+003, 8.57234021E+000
2.49500000E+003, 9.56905393E+000
2.49750000E+003, 6.90701173E+000
2.50000000E+003, 3.37796793E+000
2.50250000E+003, 7.55497596E+000
2.50500000E+003, 8.26191084E+000
2.50750000E+003, 9.50622527E+000
2.51000000E+003, 9.44842112E+000
2.51250000E+003, 1.20639385E+001
2.51500000E+003, 1.21396115E+001
2.51750000E+003, 1.25958842E+001
2.52000000E+003, 1.40246775E+001
2.52250000E+003, 1.54485573E+001
2.52500000E+003, 1.61816481E+001
2.52750000E+003, 1.51408196E+001
2.53000000E+003, 1.69266494E+001
2.53250000E+003, 1.72966910E+001
2.53500000E+003, 1.77129011E+001
2.53750000E+003, 1.76938991E+001
2.54000000E+003, 1.90767829E+001
2.54250000E+003, 1.92622172E+001
2.54500000E+003, 2.01586475E+001
2.54750000E+003, 1.97314248E+001
2.55000000E+003, 2.05559082E+001
2.55250000E+003, 2.08513369E+001
2.55500000E+003, 2.11141194E+001
2.55750000E+003, 2.14836963E+001
2.56000000E+003, 2.16439729E+001
2.56250000E+003, 2.20951686E+001
2.56500000E+003, 2.21951115E+001
2.56750000E+003, 2.23271440E+001
2.57000000E+003, 2.26782650E+001
2.57250000E+003, 2.31560658E+001
2.57500000E+003, 2.27703498E+001
2.57750000E+003, 2.34687916E+001
2.58000000E+003, 2.35156222E+001
2.58250000E+003, 2.39354243E+001
2.58500000E+003, 2.40779414E+001
2.58750000E+003, 2.39736466E+001
2.59000000E+003, 2.42948082E+001
2.59250000E+003, 2.43986025E+001
2.59500000E+003, 2.49787633E+001
2.59750000E+003, 2.48426733E+001
2.60000000E+003, 2.50257043E+001
2.60250000E+003, 2.52383241E+001
2.60500000E+003, 2.58988190E+001
2.60750000E+003, 2.54727867E+001
2.61000000E+003, 2.57218031E+001
2.61250000E+003, 2.57555854E+001
2.61500000E+003, 2.61690720E+001
2.61750000E+003, 2.60906688E+001
2.62000000E+003, 2.61043021E+001
2.62250000E+003, 2.63524297E+001
2.62500000E+003, 2.65941268E+001
2.62750000E+003, 2.66833671E+001
2.63000000E+003, 2.66544096E+001
2.63250000E+003, 2.70736714E+001
2.63500000E+003, 2.68182900E+001
2.63750000E+003, 2.70517771E+001
2.64000000E+003, 2.72266490E+001
2.64250000E+003, 2.73217669E+001
2.64500000E+003, 2.76124541E+001
2.64750000E+003, 2.75765796E+001
2.65000000E+003, 2.78202996E+001
2.65250000E+003, 2.77401437E+001
2.65500000E+003, 2.81657338E+001
2.65750000E+003, 2.81097228E+001
2.66000000E+003, 2.83466506E+001
2.66250000E+003, 2.82574397E+001
2.66500000E+003, 2.84200509E+001
2.66750000E+003, 2.84947831E+001
2.67000000E+003, 2.86918619E+001
2.67250000E+003, 2.87071177E+001
2.67500000E+003, 2.88750473E+001
2.67750000E+003, 2.89837482E+001
2.68000000E+003, 2.90473819E+001
2.68250000E+003, 2.90719603E+001
2.68500000E+003, 2.93943174E+001
2.68750000E+003, 2.95336532E+001
2.69000000E+003, 2.94698295E+001
2.69250000E+003, 2.96544916E+001
2.69500000E+003, 2.94128870E+001
2.69750000E+003, 2.96604031E+001
2.70000000E+003, 2.96729723E+001
2.70250000E+003, 2.98415116E+001
2.70500000E+003, 2.99990130E+001
2.70750000E+003, 2.99499579E+001
2.71000000E+003, 3.02126154E+001
2.71250000E+003, 3.00896961E+001
2.71500000E+003, 3.04420418E+001
2.71750000E+003, 3.04177047E+001
2.72000000E+003, 3.03972382E+001
2.72250000E+003, 3.03897913E+001
2.72500000E+003, 3.05931219E+001
2.72750000E+003, 3.06772117E+001
2.73000000E+003, 3.10416970E+001
2.73250000E+003, 3.09388497E+001
2.73500000E+003, 3.10294922E+001
2.73750000E+003, 3.09963812E+001
2.74000000E+003, 3.12876844E+001
2.74250000E+003, 3.15075659E+001
2.74500000E+003, 3.12846589E+001
2.74750000E+003, 3.14791066E+001
2.75000000E+003, 3.15638679E+001
2.75250000E+003, 3.15489127E+001
2.75500000E+003, 3.17077211E+001
2.75750000E+003, 3.17399198E+001
2.76000000E+003, 3.18452099E+001
2.76250000E+003, 3.19949123E+001
2.76500000E+003, 3.21211523E+001
2.76750000E+003, 3.21198119E+001
2.77000000E+003, 3.19158875E+001
2.77250000E+003, 3.22976131E+001
2.77500000E+003, 3.24282321E+001
2.77750000E+003, 3.25642107E+001
2.78000000E+003, 3.26088687E+001
2.78250000E+003, 3.28600932E+001
2.78500000E+003, 3.28591988E+001
2.78750000E+003, 3.30204338E+001
2.79000000E+003, 3.32368195E+001
2.79250000E+003, 3.34482011E+001
2.79500000E+003, 3.36591413E+001
2.79750000E+003, 3.37018137E+001
2.80000000E+003, 3.39758059E+001
2.80250000E+003, 3.41738273E+001
2.80500000E+003, 3.45895597E+001
2.80750000E+003, 3.50014950E+001
2.81000000E+003, 3.56299050E+001
2.81250000E+003, 3.64414916E+001
2.81500000E+003, 3.80235084E+001
2.81750000E+003, 4.20437260E+001
2.82000000E+003, 3.16828915E+001
2.82250000E+003, 2.57160524E+001
2.82500000E+003, 2.91358936E+001
2.82750000E+003, 3.08704665E+001
2.83000000E+003, 3.14479449E+001
2.83250000E+003, 3.18627606E+001
2.83500000E+003, 3.24975759E+001
2.83750000E+003, 3.26822552E+001
2.84000000E+003, 3.30713497E+001
2.84250000E+003, 3.32061266E+001
2.84500000E+003, 3.32580109E+001
2.84750000E+003, 3.36322032E+001
2.85000000E+003, 3.36276710E+001
2.85250000E+003, 3.37782843E+001
2.85500000E+003, 3.40518539E+001
2.85750000E+003, 3.42346088E+001
2.86000000E+003, 3.42087392E+001
2.86250000E+003, 3.43208604E+001
2.86500000E+003, 3.45817510E+001
2.86750000E+003, 3.45804874E+001
2.87000000E+003, 3.46753628E+001
2.87250000E+003, 3.47207165E+001
2.87500000E+003, 3.48697678E+001
2.87750000E+003, 3.49348736E+001
2.88000000E+003, 3.50647326E+001
2.88250000E+003, 3.50261550E+001
2.88500000E+003, 3.53741477E+001
2.88750000E+003, 3.54713178E+001
2.89000000E+003, 3.53992008E+001
2.89250000E+003, 3.54682912E+001
2.89500000E+003, 3.56712621E+001
2.89750000E+003, 3.57523231E+001
2.90000000E+003, 3.56593381E+001
2.90250000E+003, 3.58804057E+001
2.90500000E+003, 3.60485497E+001
2.90750000E+003, 3.58148762E+001
2.91000000E+003, 3.60140734E+001
2.91250000E+003, 3.62887898E+001
2.91500000E+003, 3.62675611E+001
2.91750000E+003, 3.63459396E+001
2.92000000E+003, 3.64059633E+001
2.92250000E+003, 3.63000703E+001
2.92500000E+003, 3.62385107E+001
2.92750000E+003, 3.62333219E+001
2.93000000E+003, 3.58306003E+001
2.93250000E+003, 3.61786405E+001
2.93500000E+003, 3.84073553E+001
2.93750000E+003, 3.81684193E+001
2.94000000E+003, 3.77381554E+001
2.94250000E+003, 3.77359177E+001
2.94500000E+003, 3.78064062E+001
2.94750000E+003, 3.79718599E+001
2.95000000E+003, 3.79756652E+001
2.95250000E+003, 3.76700609E+001
2.95500000E+003, 3.82641099E+001
2.95750000E+003, 3.79841000E+001
2.96000000E+003, 3.84015895E+001
2.96250000E+003, 3.82456826E+001
2.96500000E+003, 3.84825508E+001
2.96750000E+003, 3.85505640E+001
2.97000000E+003, 3.84770283E+001
2.97250000E+003, 3.86287269E+001
2.97500000E+003, 3.86821902E+001
2.97750000E+003, 3.89924717E+001
2.98000000E+003, 3.90053762E+001
2.98250000E+003, 3.89320719E+001
2.98500000E+003, 3.92387482E+001
2.98750000E+003, 3.92025905E+001
2.99000000E+003, 3.95038454E+001
2.99250000E+003, 3.95197038E+001
2.99500000E+003, 3.94202269E+001
2.99750000E+003, 3.94356006E+001
3.00000000E+003, 3.96601274E+001
3.00250000E+003, 3.97225311E+001
3.00500000E+003, 3.99793116E+001
3.00750000E+003, 3.98706148E+001
3.01000000E+003, 3.99792822E+001
3.01250000E+003, 4.03009571E+001
3.01500000E+003, 4.05249878E+001
3.01750000E+003, 4.01009845E+001
3.02000000E+003, 4.01604917E+001
3.02250000E+003, 4.05879389E+001
3.02500000E+003, 4.07146247E+001
3.02750000E+003, 4.07639497E+001
3.03000000E+003, 4.09210507E+001
3.03250000E+003, 4.09816450E+001
3.03500000E+003, 4.11321780E+001
3.03750000E+003, 4.10545406E+001
3.04000000E+003, 4.12075427E+001
3.04250000E+003, 4.12793454E+001
3.04500000E+003, 4.16153800E+001
3.04750000E+003, 4.17466420E+001
3.05000000E+003, 4.20525132E+001
3.05250000E+003, 4.19234241E+001
3.05500000E+003, 4.19211983E+001
3.05750000E+003, 4.24142229E+001
3.06000000E+003, 4.21635031E+001
3.06250000E+003, 4.25456087E+001
3.06500000E+003, 4.27210815E+001
3.06750000E+003, 4.27787596E+001
3.07000000E+003, 4.27257020E+001
3.07250000E+003, 4.31064540E+001
3.07500000E+003, 4.31524698E+001
3.07750000E+003, 4.30787787E+001
3.08000000E+003, 4.34624216E+001
3.08250000E+003, 4.34110589E+001
3.08500000E+003, 4.39258767E+001
3.08750000E+003, 4.38808926E+001
3.09000000E+003, 4.37588560E+001
3.09250000E+003, 4.40047255E+001
3.09500000E+003, 4.41312894E+001
3.09750000E+003, 4.42442329E+001
3.10000000E+003, 4.47760151E+001
3.10250000E+003, 4.45602732E+001
3.10500000E+003, 4.48876914E+001
3.10750000E+003, 4.48462847E+001
3.11000000E+003, 4.51853080E+001
3.11250000E+003, 4.54007146E+001
3.11500000E+003, 4.55401110E+001
3.11750000E+003, 4.58864901E+001
3.12000000E+003, 4.59786424E+001
3.12250000E+003, 4.60442469E+001
3.12500000E+003, 4.61528591E+001
3.12750000E+003, 4.64000912E+001
3.13000000E+003, 4.64439323E+001
3.13250000E+003, 4.68256691E+001
3.13500000E+003, 4.67327635E+001
3.13750000E+003, 4.70979982E+001
3.14000000E+003, 4.71773868E+001
3.14250000E+003, 4.76750804E+001
3.14500000E+003, 4.77709703E+001
3.14750000E+003, 4.77266313E+001
3.15000000E+003, 4.83447594E+001
3.15250000E+003, 4.81197075E+001
3.15500000E+003, 4.86342538E+001
3.15750000E+003, 4.89296654E+001
3.16000000E+003, 4.90384460E+001
3.16250000E+003, 4.90429928E+001
3.16500000E+003, 4.91843443E+001
3.16750000E+003, 4.94926624E+001
3.17000000E+003, 4.99626592E+001
3.17250000E+003, 5.03162042E+001
3.17500000E+003, 5.06471727E+001
3.17750000E+003, 5.08806252E+001
3.18000000E+003, 5.05975491E+001
3.18250000E+003, 5.13568859E+001
3.18500000E+003, 5.18688340E+001
3.18750000E+003, 5.16181924E+001
3.19000000E+003, 5.23185686E+001
3.19250000E+003, 5.22511572E+001
3.19500000E+003, 5.28806815E+001
3.19750000E+003, 5.33810987E+001
3.20000000E+003, 5.44473684E+001
3.20250000E+003, 5.34631513E+001
3.20500000E+003, 5.42281618E+001
3.20750000E+003, 5.47272378E+001
3.21000000E+003, 5.57609706E+001
3.21250000E+003, 5.56407376E+001
3.21500000E+003, 5.63055687E+001
3.21750000E+003, 5.72192916E+001
3.22000000E+003, 5.74852908E+001
3.22250000E+003, 5.89630181E+001
3.22500000E+003, 5.80514147E+001
3.22750000E+003, 5.84021022E+001
3.23000000E+003, 5.97806962E+001
3.23250000E+003, 6.09881153E+001
3.23500000E+003, 6.10976377E+001
3.23750000E+003, 6.19753417E+001
3.24000000E+003, 6.31636255E+001
3.24250000E+003, 6.42906207E+001
3.24500000E+003, 6.58666622E+001
3.24750000E+003, 6.74232198E+001
3.25000000E+003, 6.99093615E+001
3.25250000E+003, 7.17720989E+001
3.25500000E+003, 7.55704499E+001
3.25750000E+003, 8.02166317E+001
3.26000000E+003, 8.17425566E+001
3.26250000E+003, 7.68982622E+001
3.26500000E+003, 7.30432975E+001
3.26750000E+003, 7.07495113E+001
3.27000000E+003, 6.79741453E+001
3.27250000E+003, 6.63689246E+001
3.27500000E+003, 6.52797321E+001
3.27750000E+003, 6.36182262E+001
3.28000000E+003, 6.27734865E+001
3.28250000E+003, 6.22208808E+001
3.28500000E+003, 6.04376146E+001
3.28750000E+003, 6.02036615E+001
3.29000000E+003, 5.97386253E+001
3.29250000E+003, 5.87371587E+001
3.29500000E+003, 5.86263905E+001
3.29750000E+003, 5.75533346E+001
3.30000000E+003, 5.72266657E+001
3.30250000E+003, 5.63133103E+001
3.30500000E+003, 5.60327198E+001
3.30750000E+003, 5.55074675E+001
3.31000000E+003, 5.57109880E+001
3.31250000E+003, 5.49778624E+001
3.31500000E+003, 5.46066556E+001
3.31750000E+003, 5.40901596E+001
3.32000000E+003, 5.39877823E+001
3.32250000E+003, 5.34920599E+001
3.32500000E+003, 5.29930201E+001
3.32750000E+003, 5.30654806E+001
3.33000000E+003, 5.26034251E+001
3.33250000E+003, 5.23805767E+001
3.33500000E+003, 5.22481517E+001
3.33750000E+003, 5.19664817E+001
3.34000000E+003, 5.17496647E+001
3.34250000E+003, 5.13297767E+001
3.34500000E+003, 5.13179930E+001
3.34750000E+003, 5.16943613E+001
3.35000000E+003, 5.09799583E+001
3.35250000E+003, 4.89478952E+001
3.35500000E+003, 4.92969083E+001
3.35750000E+003, 4.93250377E+001
3.36000000E+003, 4.89631294E+001
3.36250000E+003, 4.88414717E+001
3.36500000E+003, 4.87268179E+001
3.36750000E+003, 4.87375606E+001
3.37000000E+003, 4.83336697E+001
3.37250000E+003, 4.79650102E+001
3.37500000E+003, 4.81606369E+001
3.37750000E+003, 4.75885698E+001
3.38000000E+003, 4.73804200E+001
3.38250000E+003, 4.82034070E+001
3.38500000E+003, 4.82371177E+001
3.38750000E+003, 4.81400990E+001
3.39000000E+003, 4.77992416E+001
3.39250000E+003, 4.75094925E+001
3.39500000E+003, 4.70632062E+001
3.39750000E+003, 4.69951850E+001
3.40000000E+003, 4.69062338E+001
3.40250000E+003, 4.66248639E+001
3.40500000E+003, 4.66633437E+001
3.40750000E+003, 4.66587446E+001
3.41000000E+003, 4.63198899E+001
3.41250000E+003, 4.59027412E+001
3.41500000E+003, 4.60183388E+001
3.41750000E+003, 4.59582781E+001
3.42000000E+003, 4.57569157E+001
3.42250000E+003, 4.57343366E+001
3.42500000E+003, 4.56311559E+001
3.42750000E+003, 4.55371923E+001
3.43000000E+003, 4.51683609E+001
3.43250000E+003, 4.49938661E+001
3.43500000E+003, 4.49492683E+001
3.43750000E+003, 4.46637180E+001
3.44000000E+003, 4.46816417E+001
3.44250000E+003, 4.47231352E+001
3.44500000E+003, 4.49214320E+001
3.44750000E+003, 4.43623022E+001
3.45000000E+003, 4.45224777E+001
3.45250000E+003, 4.45597128E+001
3.45500000E+003, 4.43905232E+001
3.45750000E+003, 4.41976897E+001
3.46000000E+003, 4.43984506E+001
3.46250000E+003, 4.36687347E+001
3.46500000E+003, 4.38000935E+001
3.46750000E+003, 4.39771184E+001
3.47000000E+003, 4.39391193E+001
3.47250000E+003, 4.40820060E+001
3.47500000E+003, 4.34814013E+001
3.47750000E+003, 4.35482741E+001
3.48000000E+003, 4.33206397E+001
3.48250000E+003, 4.31112576E+001
3.48500000E+003, 4.31326406E+001
3.48750000E+003, 4.35579090E+001
3.49000000E+003, 4.27669839E+001
3.49250000E+003, 4.28477478E+001
3.49500000E+003, 4.28354286E+001
3.49750000E+003, 4.26156571E+001
3.50000000E+003, 4.25510547E+001
3.50250000E+003, 4.23911386E+001
3.50500000E+003, 4.24772419E+001
3.50750000E+003, 4.20223843E+001
3.51000000E+003, 4.21252734E+001
3.51250000E+003, 4.20756881E+001
3.51500000E+003, 4.19613914E+001
3.51750000E+003, 4.16170082E+001
3.52000000E+003, 4.22667591E+001
3.52250000E+003, 4.15277151E+001
3.52500000E+003, 4.17884795E+001
3.52750000E+003, 4.17526840E+001
3.53000000E+003, 4.13942372E+001
3.53250000E+003, 4.15394562E+001
3.53500000E+003, 4.13737114E+001
3.53750000E+003, 4.17925818E+001
3.54000000E+003, 4.11492993E+001
3.54250000E+003, 4.14320820E+001
3.54500000E+003, 4.12843884E+001
3.54750000E+003, 4.05322498E+001
3.55000000E+003, 4.06474647E+001
3.55250000E+003, 4.03185271E+001
3.55500000E+003, 4.07602043E+001
3.55750000E+003, 4.05558806E+001
3.56000000E+003, 4.05632853E+001
3.56250000E+003, 4.00691980E+001
3.56500000E+003, 4.09495237E+001
3.56750000E+003, 4.07804033E+001
3.57000000E+003, 4.08174473E+001
3.57250000E+003, 4.03168415E+001
3.57500000E+003, 4.06188724E+001
3.57750000E+003, 4.07065516E+001
3.58000000E+003, 4.02015180E+001
3.58250000E+003, 4.04641857E+001
3.58500000E+003, 4.01168259E+001
3.58750000E+003, 4.02623668E+001
3.59000000E+003, 4.00810917E+001
3.59250000E+003, 4.01076379E+001
3.59500000E+003, 4.00088089E+001
3.59750000E+003, 4.01143216E+001
3.60000000E+003, 3.99831801E+001
3.60250000E+003, 3.96908191E+001
3.60500000E+003, 3.94395037E+001
3.60750000E+003, 3.96745432E+001
3.61000000E+003, 3.98114569E+001
3.61250000E+003, 3.96704258E+001
3.61500000E+003, 3.93387638E+001
3.61750000E+003, 3.93993449E+001
3.62000000E+003, 3.94808994E+001
3.62250000E+003, 3.91062321E+001
3.62500000E+003, 3.91658713E+001
3.62750000E+003, 3.89617044E+001
3.63000000E+003, 3.92781295E+001
3.63250000E+003, 3.88949651E+001
3.63500000E+003, 3.88604738E+001
3.63750000E+003, 3.90638776E+001
3.64000000E+003, 3.87258101E+001
3.64250000E+003, 3.90649687E+001
3.64500000E+003, 3.85705423E+001
3.64750000E+003, 3.89224329E+001
3.65000000E+003, 3.84472211E+001
3.65250000E+003, 3.84372385E+001
3.65500000E+003, 3.85714773E+001
3.65750000E+003, 3.82955088E+001
3.66000000E+003, 3.84166156E+001
3.66250000E+003, 3.80017448E+001
3.66500000E+003, 3.81831148E+001
3.66750000E+003, 3.82862806E+001
3.67000000E+003, 3.80194702E+001
3.67250000E+003, 3.80213321E+001
3.67500000E+003, 3.76838388E+001
3.67750000E+003, 3.77382200E+001
3.68000000E+003, 3.78430428E+001
3.68250000E+003, 3.74956531E+001
3.68500000E+003, 3.77073055E+001
3.68750000E+003, 3.72944200E+001
3.69000000E+003, 3.73061780E+001
3.69250000E+003, 3.72610256E+001
3.69500000E+003, 3.69173812E+001
3.69750000E+003, 3.66685212E+001
3.70000000E+003, 3.62749292E+001
3.70250000E+003, 3.62152675E+001
3.70500000E+003, 3.58121522E+001
3.70750000E+003, 3.51742498E+001
3.71000000E+003, 3.42504284E+001
3.71250000E+003, 3.29720445E+001
3.71500000E+003, 3.08127556E+001
3.71750000E+003, 3.09076998E+001
3.72000000E+003, 4.03684503E+001
3.72250000E+003, 4.51732963E+001
3.72500000E+003, 4.34091457E+001
3.72750000E+003, 4.21703374E+001
3.73000000E+003, 4.10569902E+001
3.73250000E+003, 4.06649841E+001
3.73500000E+003, 3.99208605E+001
3.73750000E+003, 3.96931460E+001
3.74000000E+003, 3.94582687E+001
3.74250000E+003, 3.91511131E+001
3.74500000E+003, 3.92038613E+001
3.74750000E+003, 3.88765449E+001
3.75000000E+003, 3.87866143E+001
3.75250000E+003, 3.87885028E+001
3.75500000E+003, 3.85591437E+001
3.75750000E+003, 3.86172639E+001
3.76000000E+003, 3.84768452E+001
3.76250000E+003, 3.83246772E+001
3.76500000E+003, 3.82990400E+001
3.76750000E+003, 3.82160979E+001
3.77000000E+003, 3.83866994E+001
3.77250000E+003, 3.74488207E+001
3.77500000E+003, 3.76690071E+001
3.77750000E+003, 3.76648521E+001
3.78000000E+003, 3.76162105E+001
3.78250000E+003, 3.77054100E+001
3.78500000E+003, 3.75826796E+001
3.78750000E+003, 3.73644420E+001
3.79000000E+003, 3.75019765E+001
3.79250000E+003, 3.73772685E+001
3.79500000E+003, 3.72882473E+001
3.79750000E+003, 3.74321236E+001
3.80000000E+003, 3.69497946E+001
3.80250000E+003, 3.71764215E+001
3.80500000E+003, 3.70782723E+001
3.80750000E+003, 3.72400571E+001
3.81000000E+003, 3.71642558E+001
3.81250000E+003, 3.70773937E+001
3.81500000E+003, 3.70285516E+001
3.81750000E+003, 3.71245330E+001
3.82000000E+003, 3.71913517E+001
3.82250000E+003, 3.70888083E+001
3.82500000E+003, 3.70190458E+001
3.82750000E+003, 3.70531506E+001
3.83000000E+003, 3.69232735E+001
3.83250000E+003, 3.68070360E+001
3.83500000E+003, 3.65976583E+001
3.83750000E+003, 3.67168401E+001
3.84000000E+003, 3.66523167E+001
3.84250000E+003, 3.65080967E+001
3.84500000E+003, 3.68514656E+001
3.84750000E+003, 3.67384849E+001
3.85000000E+003, 3.68579062E+001
3.85250000E+003, 3.67345714E+001
3.85500000E+003, 3.66109720E+001
3.85750000E+003, 3.65527301E+001
3.86000000E+003, 3.64216754E+001
3.86250000E+003, 3.64472110E+001
3.86500000E+003, 3.65749735E+001
3.86750000E+003, 3.63833957E+001
3.87000000E+003, 3.63813046E+001
3.87250000E+003, 3.63092828E+001
3.87500000E+003, 3.63675962E+001
3.87750000E+003, 3.65764091E+001
3.88000000E+003, 3.66710038E+001
3.88250000E+003, 3.62570358E+001
3.88500000E+003, 3.63294046E+001
3.88750000E+003, 3.66368887E+001
3.89000000E+003, 3.64908388E+001
3.89250000E+003, 3.63704482E+001
3.89500000E+003, 3.63747595E+001
3.89750000E+003, 3.60886731E+001
3.90000000E+003, 3.63041710E+001
3.90250000E+003, 3.61185115E+001
3.90500000E+003, 3.62563203E+001
3.90750000E+003, 3.63814071E+001
3.91000000E+003, 3.59239665E+001
3.91250000E+003, 3.61780562E+001
3.91500000E+003, 3.59327798E+001
3.91750000E+003, 3.61148096E+001
3.92000000E+003, 3.57082588E+001
3.92250000E+003, 3.64961373E+001
3.92500000E+003, 3.60586658E+001
3.92750000E+003, 3.59870717E+001
3.93000000E+003, 3.60532380E+001
3.93250000E+003, 3.61147081E+001
3.93500000E+003, 3.59038402E+001
3.93750000E+003, 3.56280351E+001
3.94000000E+003, 3.55709720E+001
3.94250000E+003, 3.61594815E+001
3.94500000E+003, 3.56956512E+001
3.94750000E+003, 3.54735805E+001
3.95000000E+003, 3.54954780E+001
3.95250000E+003, 3.60943171E+001
3.95500000E+003, 3.57441650E+001
3.95750000E+003, 3.56151761E+001
3.96000000E+003, 3.54907098E+001
3.96250000E+003, 3.59874897E+001
3.96500000E+003, 3.59133332E+001
3.96750000E+003, 3.55920741E+001
3.97000000E+003, 3.55739960E+001
3.97250000E+003, 3.64868812E+001
3.97500000E+003, 3.61268444E+001
3.97750000E+003, 3.58241001E+001
3.98000000E+003, 3.59397949E+001
3.98250000E+003, 3.59631204E+001
3.98500000E+003, 3.53274676E+001
3.98750000E+003, 3.59142509E+001
3.99000000E+003, 3.59077750E+001
3.99250000E+003, 3.50881727E+001
3.99500000E+003, 3.54646307E+001
3.99750000E+003, 3.55467486E+001
4.00000000E+003, 3.59127838E+001
