Label:, CH1-2: é¸îgêîâûìöä÷êî
DateTime:, Thu Feb 08 16:40:48 2018
DataKind:, CH1-2, FRF, Mag
DataPoints:, 1601
DataCalc:, H1
Frequency:, 0.000 , 4000.000, Hz
Sample:, 4096, Internal
Average:, 3, Power/Sum
Voltage(CH1):, -20.000, dBVrms
Voltage(CH2):, -10.000, dBVrms
EU/V(CH1):, 3.757E+001
EU/V(CH2):, 1.088E+003
Window(CH1):, Rect
Window(CH2):, Rect
X-AxisScale:, Lin
X-AxisUnit:, Hz
Y-AxisScale:, Log
Y-AxisUnit:, m/s2/N
Y-AxisMagniude:
0.00000000E+000, 3.38688725E+001
2.50000000E+000, 4.34332025E+000
5.00000000E+000, 3.00635962E+000
7.50000000E+000, 5.20739404E+000
1.00000000E+001, 1.22191498E+001
1.25000000E+001, 1.55935357E+001
1.50000000E+001, 3.36127853E+000
1.75000000E+001, 4.57735595E+000
2.00000000E+001, -2.34012522E-001
2.25000000E+001, 2.01864360E+000
2.50000000E+001, -1.06891900E+000
2.75000000E+001, -1.74729749E+000
3.00000000E+001, 3.58401129E+000
3.25000000E+001, 5.20759569E+000
3.50000000E+001, 1.00015389E+000
3.75000000E+001, 9.66086787E-001
4.00000000E+001, -2.32696647E+000
4.25000000E+001, 5.50671085E+000
4.50000000E+001, -1.30625680E+000
4.75000000E+001, -2.80704163E+001
5.00000000E+001, -8.47207568E+000
5.25000000E+001, -5.62725330E-001
5.50000000E+001, 2.24849271E+000
5.75000000E+001, 2.34790499E+000
6.00000000E+001, -7.39453440E+000
6.25000000E+001, -4.00914850E-001
6.50000000E+001, -9.60121744E-001
6.75000000E+001, -3.77849369E-001
7.00000000E+001, -2.23385797E+000
7.25000000E+001, -4.70206361E+000
7.50000000E+001, -6.14285508E+000
7.75000000E+001, -1.47986087E+000
8.00000000E+001, -1.31408515E+000
8.25000000E+001, -1.04548202E+000
8.50000000E+001, -3.30981430E+000
8.75000000E+001, -1.97334404E+000
9.00000000E+001, 4.05601661E+000
9.25000000E+001, 6.12027418E-001
9.50000000E+001, 4.67115151E-001
9.75000000E+001, -1.99485408E+000
1.00000000E+002, 3.00807967E+000
1.02500000E+002, 2.88922812E+000
1.05000000E+002, -2.06973605E+000
1.07500000E+002, 3.09833697E+000
1.10000000E+002, 2.87088065E+000
1.12500000E+002, 4.51993671E-001
1.15000000E+002, 1.01993760E+000
1.17500000E+002, 5.97195012E-001
1.20000000E+002, 1.22072276E+000
1.22500000E+002, 2.71589596E+000
1.25000000E+002, 3.98778443E+000
1.27500000E+002, 6.53940116E+000
1.30000000E+002, 7.53620573E+000
1.32500000E+002, 1.02950375E+001
1.35000000E+002, 1.14546200E+001
1.37500000E+002, 1.48751015E+001
1.40000000E+002, 1.91929369E+001
1.42500000E+002, 3.38071256E+001
1.45000000E+002, 2.34494006E+001
1.47500000E+002, 1.68368952E+001
1.50000000E+002, 1.27190541E+001
1.52500000E+002, 8.21121548E+000
1.55000000E+002, 8.42705664E+000
1.57500000E+002, 8.79202511E+000
1.60000000E+002, 4.22732008E+000
1.62500000E+002, 5.00511517E+000
1.65000000E+002, 4.50790787E+000
1.67500000E+002, 5.92179971E+000
1.70000000E+002, 4.01301749E+000
1.72500000E+002, 2.69990351E+000
1.75000000E+002, 2.70388652E+000
1.77500000E+002, 2.29201450E+000
1.80000000E+002, 1.59186980E-001
1.82500000E+002, 2.35183371E+000
1.85000000E+002, -5.58283962E+000
1.87500000E+002, -3.72491218E-001
1.90000000E+002, -2.30211115E+000
1.92500000E+002, -2.18190062E+000
1.95000000E+002, -1.63782278E+000
1.97500000E+002, -3.34686953E+000
2.00000000E+002, -9.86953376E-001
2.02500000E+002, 1.12023058E+000
2.05000000E+002, -2.27734698E+000
2.07500000E+002, -3.92829623E+000
2.10000000E+002, 2.18170409E-001
2.12500000E+002, 2.16816383E+000
2.15000000E+002, -4.83288303E+000
2.17500000E+002, -6.20013872E+000
2.20000000E+002, -2.03597170E+001
2.22500000E+002, -6.11894307E+000
2.25000000E+002, -2.66966400E+000
2.27500000E+002, -3.12607891E-003
2.30000000E+002, -4.91856146E-001
2.32500000E+002, -1.07255352E+001
2.35000000E+002, -4.56376394E+000
2.37500000E+002, -1.27772707E-001
2.40000000E+002, 1.47529160E-001
2.42500000E+002, -1.39440737E+000
2.45000000E+002, 2.60854327E-001
2.47500000E+002, -2.37702877E+000
2.50000000E+002, -5.68123021E+000
2.52500000E+002, -5.37189597E+000
2.55000000E+002, -2.48506555E+000
2.57500000E+002, -3.38429472E+000
2.60000000E+002, -6.73704074E+000
2.62500000E+002, -1.24952862E+001
2.65000000E+002, -3.26208981E+000
2.67500000E+002, -3.44287650E+000
2.70000000E+002, -2.45969143E+000
2.72500000E+002, -1.92552423E+000
2.75000000E+002, -1.05532541E-001
2.77500000E+002, -5.35184668E+000
2.80000000E+002, -1.07158979E+000
2.82500000E+002, -2.03770683E+000
2.85000000E+002, -6.28796369E+000
2.87500000E+002, -5.45478613E+000
2.90000000E+002, -6.96112194E+000
2.92500000E+002, -4.16576099E+000
2.95000000E+002, -1.13897412E+001
2.97500000E+002, -1.05473987E+001
3.00000000E+002, -7.99868751E+000
3.02500000E+002, -1.32958860E+001
3.05000000E+002, -2.75941580E+001
3.07500000E+002, -2.05054457E+001
3.10000000E+002, -8.18211267E+000
3.12500000E+002, -1.29683533E+001
3.15000000E+002, -1.93286479E+001
3.17500000E+002, -2.30493748E+000
3.20000000E+002, -8.82230546E+000
3.22500000E+002, -7.28201743E+000
3.25000000E+002, -3.92178732E+000
3.27500000E+002, -1.34049148E+001
3.30000000E+002, -9.02508512E+000
3.32500000E+002, -1.58272133E+001
3.35000000E+002, -9.97764292E+000
3.37500000E+002, -9.20582511E+000
3.40000000E+002, -1.04843763E+001
3.42500000E+002, -4.32689837E+000
3.45000000E+002, -7.53491169E+000
3.47500000E+002, -2.41179130E+001
3.50000000E+002, -1.00468962E+001
3.52500000E+002, -6.44201136E+000
3.55000000E+002, -1.15540980E+001
3.57500000E+002, -1.64350178E+001
3.60000000E+002, -8.78283152E+000
3.62500000E+002, -9.60869721E+000
3.65000000E+002, -2.09369999E+001
3.67500000E+002, -5.56693399E+000
3.70000000E+002, -9.73712621E+000
3.72500000E+002, -7.97913025E+000
3.75000000E+002, -1.43868744E+001
3.77500000E+002, -9.77613599E+000
3.80000000E+002, -1.63610656E+001
3.82500000E+002, -2.26175670E+001
3.85000000E+002, -1.59142387E+001
3.87500000E+002, -2.48225133E+001
3.90000000E+002, -1.47567392E+001
3.92500000E+002, -2.05858208E+001
3.95000000E+002, -9.68800653E+000
3.97500000E+002, -1.32188174E+001
4.00000000E+002, -8.88788642E+000
4.02500000E+002, -1.08477307E+001
4.05000000E+002, -1.03102170E+001
4.07500000E+002, -2.14745944E+001
4.10000000E+002, -8.77330938E+000
4.12500000E+002, -6.88168997E+000
4.15000000E+002, -1.40283323E+001
4.17500000E+002, -5.22776016E+000
4.20000000E+002, -1.10423304E+001
4.22500000E+002, -4.44747311E+000
4.25000000E+002, -1.04780953E+001
4.27500000E+002, -9.43502334E+000
4.30000000E+002, -8.62478339E+000
4.32500000E+002, -7.82122711E+000
4.35000000E+002, -8.25077883E+000
4.37500000E+002, -7.72591377E+000
4.40000000E+002, -1.12392302E+001
4.42500000E+002, -1.15975285E+001
4.45000000E+002, -2.82319666E+000
4.47500000E+002, -1.46822247E+001
4.50000000E+002, -8.16775513E+000
4.52500000E+002, -8.74952097E+000
4.55000000E+002, -5.72756858E+000
4.57500000E+002, -2.67724068E+000
4.60000000E+002, -9.22804409E+000
4.62500000E+002, -1.85474649E+000
4.65000000E+002, -5.20606158E+000
4.67500000E+002, -5.20117725E+000
4.70000000E+002, -4.05472402E+000
4.72500000E+002, -2.80792686E+000
4.75000000E+002, -6.62361501E-001
4.77500000E+002, 1.49731636E+000
4.80000000E+002, -1.69700082E+000
4.82500000E+002, -3.74190397E+000
4.85000000E+002, -8.11312200E+000
4.87500000E+002, -6.53865590E+000
4.90000000E+002, -1.40443832E+000
4.92500000E+002, -8.66631454E+000
4.95000000E+002, 5.58414938E-001
4.97500000E+002, -8.85414768E+000
5.00000000E+002, -8.20636412E+000
5.02500000E+002, -5.08214356E+000
5.05000000E+002, -6.73030827E+000
5.07500000E+002, -2.65909352E-001
5.10000000E+002, -4.97317286E+000
5.12500000E+002, -6.19023641E-001
5.15000000E+002, 2.02938598E+000
5.17500000E+002, -4.75792337E+000
5.20000000E+002, -1.45214570E+000
5.22500000E+002, -2.49360981E+000
5.25000000E+002, -1.92928977E+000
5.27500000E+002, 5.83727436E+000
5.30000000E+002, 9.06280591E+000
5.32500000E+002, 1.97013288E+001
5.35000000E+002, 6.85033596E+000
5.37500000E+002, -4.97399950E+000
5.40000000E+002, -7.03330890E+000
5.42500000E+002, -3.77730162E+000
5.45000000E+002, -5.89792140E+000
5.47500000E+002, -6.70430091E+000
5.50000000E+002, -5.08946789E+000
5.52500000E+002, -1.19865928E+001
5.55000000E+002, -1.60627539E+001
5.57500000E+002, -1.10049457E+001
5.60000000E+002, -1.45225768E+001
5.62500000E+002, -7.64920561E+000
5.65000000E+002, -1.48056886E+001
5.67500000E+002, -9.16465708E+000
5.70000000E+002, -5.03952964E+000
5.72500000E+002, -3.65788253E+000
5.75000000E+002, -1.07191598E+001
5.77500000E+002, -7.90913992E+000
5.80000000E+002, -4.84425475E+000
5.82500000E+002, -1.16200633E+001
5.85000000E+002, -1.54569127E+000
5.87500000E+002, -7.61363652E+000
5.90000000E+002, -4.81618984E+000
5.92500000E+002, -9.98514934E+000
5.95000000E+002, -3.82734073E-001
5.97500000E+002, -1.35966329E+001
6.00000000E+002, -1.10768960E+001
6.02500000E+002, -2.58455170E+000
6.05000000E+002, -5.36092365E+000
6.07500000E+002, -1.19932498E+001
6.10000000E+002, -5.93931919E+000
6.12500000E+002, -1.26972445E+001
6.15000000E+002, -6.46194087E+000
6.17500000E+002, -2.06086846E+001
6.20000000E+002, -1.52653257E+001
6.22500000E+002, -1.16626341E+001
6.25000000E+002, -5.85554764E+000
6.27500000E+002, -7.02489635E+000
6.30000000E+002, -6.86307167E+000
6.32500000E+002, -5.21817321E+000
6.35000000E+002, -1.95153793E+000
6.37500000E+002, -6.66647787E+000
6.40000000E+002, -1.41542079E+001
6.42500000E+002, -1.20217245E+001
6.45000000E+002, -8.49224409E+000
6.47500000E+002, -1.01127589E+001
6.50000000E+002, -1.06291785E+001
6.52500000E+002, -7.43198729E+000
6.55000000E+002, -1.88316349E+000
6.57500000E+002, -6.04481554E+000
6.60000000E+002, -9.15465827E+000
6.62500000E+002, -1.57324983E+001
6.65000000E+002, -3.37058550E+000
6.67500000E+002, -3.02028296E+000
6.70000000E+002, -9.20850475E+000
6.72500000E+002, -1.84986439E+001
6.75000000E+002, -8.48866377E+000
6.77500000E+002, -8.28904083E+000
6.80000000E+002, -4.37207918E+000
6.82500000E+002, -8.53591791E+000
6.85000000E+002, -8.91290860E+000
6.87500000E+002, -1.14267229E+001
6.90000000E+002, -1.48185617E+001
6.92500000E+002, -9.66223800E+000
6.95000000E+002, -1.39829901E+001
6.97500000E+002, -1.64822522E+001
7.00000000E+002, -9.95771817E+000
7.02500000E+002, -5.03228238E+000
7.05000000E+002, -6.85842664E+000
7.07500000E+002, -5.72661387E+000
7.10000000E+002, -3.88189824E+000
7.12500000E+002, -5.02337904E+000
7.15000000E+002, -9.61329582E-001
7.17500000E+002, -1.08328992E+001
7.20000000E+002, -1.08491548E+001
7.22500000E+002, -1.81858938E+000
7.25000000E+002, -6.64188390E+000
7.27500000E+002, -4.95023502E+000
7.30000000E+002, -6.45058919E+000
7.32500000E+002, -6.08735249E+000
7.35000000E+002, -2.18704556E+000
7.37500000E+002, -1.83873818E+000
7.40000000E+002, -6.02878189E+000
7.42500000E+002, -4.48717522E+000
7.45000000E+002, -3.06604335E+000
7.47500000E+002, -3.03568296E+000
7.50000000E+002, -7.16620476E+000
7.52500000E+002, -3.66066170E+000
7.55000000E+002, -3.03169586E-001
7.57500000E+002, -7.32932264E-001
7.60000000E+002, -6.05671563E+000
7.62500000E+002, -7.59189677E+000
7.65000000E+002, -3.59024694E+000
7.67500000E+002, -8.58172926E+000
7.70000000E+002, -2.89942424E+000
7.72500000E+002, -9.69298421E-001
7.75000000E+002, 2.05972542E+000
7.77500000E+002, 1.50209125E-001
7.80000000E+002, 1.79412130E-002
7.82500000E+002, -8.16569510E-001
7.85000000E+002, 1.56621392E+000
7.87500000E+002, 7.92003322E-001
7.90000000E+002, 1.59209592E+000
7.92500000E+002, 4.69851767E-001
7.95000000E+002, 3.51193169E+000
7.97500000E+002, 3.33023084E+000
8.00000000E+002, 1.25137586E+000
8.02500000E+002, 4.93265647E+000
8.05000000E+002, 3.99917042E+000
8.07500000E+002, 2.06783174E+000
8.10000000E+002, 3.28315162E+000
8.12500000E+002, 4.25493335E+000
8.15000000E+002, 5.69365737E+000
8.17500000E+002, 6.12847938E+000
8.20000000E+002, 5.60714243E+000
8.22500000E+002, 4.01396511E+000
8.25000000E+002, 7.15974932E+000
8.27500000E+002, 5.08509671E+000
8.30000000E+002, 7.69596201E+000
8.32500000E+002, 8.39406645E+000
8.35000000E+002, 7.47231294E+000
8.37500000E+002, 8.96261633E+000
8.40000000E+002, 1.09177334E+001
8.42500000E+002, 1.12659307E+001
8.45000000E+002, 1.10485243E+001
8.47500000E+002, 1.24003054E+001
8.50000000E+002, 1.36088996E+001
8.52500000E+002, 1.42606954E+001
8.55000000E+002, 1.63000279E+001
8.57500000E+002, 1.67900928E+001
8.60000000E+002, 1.94855161E+001
8.62500000E+002, 2.06987476E+001
8.65000000E+002, 2.40832310E+001
8.67500000E+002, 2.66777918E+001
8.70000000E+002, 2.71352202E+001
8.72500000E+002, 2.45152428E+001
8.75000000E+002, 2.14949218E+001
8.77500000E+002, 1.89742149E+001
8.80000000E+002, 1.70978605E+001
8.82500000E+002, 1.55103915E+001
8.85000000E+002, 1.39846050E+001
8.87500000E+002, 1.27104115E+001
8.90000000E+002, 1.11010401E+001
8.92500000E+002, 1.00141343E+001
8.95000000E+002, 9.72646465E+000
8.97500000E+002, 9.68142086E+000
9.00000000E+002, 9.17990504E+000
9.02500000E+002, 6.11498153E+000
9.05000000E+002, 7.86982465E+000
9.07500000E+002, 6.45934025E+000
9.10000000E+002, 5.65536464E+000
9.12500000E+002, 5.58287083E+000
9.15000000E+002, 3.63914875E+000
9.17500000E+002, 4.65724352E+000
9.20000000E+002, 3.49373906E+000
9.22500000E+002, 3.75995133E+000
9.25000000E+002, 4.43449491E+000
9.27500000E+002, -4.74584593E-001
9.30000000E+002, 1.66233995E+000
9.32500000E+002, 3.98096865E-001
9.35000000E+002, 3.55036362E+000
9.37500000E+002, 5.43655164E-001
9.40000000E+002, 1.30171450E+000
9.42500000E+002, 3.49718607E+000
9.45000000E+002, 1.41586972E+000
9.47500000E+002, -1.71272229E+000
9.50000000E+002, -1.55463834E+000
9.52500000E+002, 2.52448752E+000
9.55000000E+002, 1.01759750E+000
9.57500000E+002, -9.24923313E-001
9.60000000E+002, -5.93529827E+000
9.62500000E+002, -3.11339707E+000
9.65000000E+002, -1.91031020E+000
9.67500000E+002, -8.36112525E-002
9.70000000E+002, -1.56642547E+000
9.72500000E+002, -1.46920273E+000
9.75000000E+002, -3.06922530E+000
9.77500000E+002, -1.33249312E+000
9.80000000E+002, 2.01128683E+000
9.82500000E+002, -7.60152186E-001
9.85000000E+002, -7.63685024E+000
9.87500000E+002, -1.10799629E+000
9.90000000E+002, -1.08220175E+000
9.92500000E+002, -4.40013436E+000
9.95000000E+002, -2.72180550E+000
9.97500000E+002, -1.49097724E+000
1.00000000E+003, -6.15179483E+000
1.00250000E+003, -1.63436606E+000
1.00500000E+003, -8.53090299E-001
1.00750000E+003, -5.44095206E+000
1.01000000E+003, -5.93316501E-001
1.01250000E+003, -3.21062358E+000
1.01500000E+003, -1.21150799E+001
1.01750000E+003, -1.11851922E+001
1.02000000E+003, -5.65274785E+000
1.02250000E+003, -8.00127586E+000
1.02500000E+003, -5.76939884E+000
1.02750000E+003, -4.68857650E+000
1.03000000E+003, -5.44462499E+000
1.03250000E+003, -5.75784606E+000
1.03500000E+003, -4.86376110E+000
1.03750000E+003, -9.66537526E+000
1.04000000E+003, -5.23326311E+000
1.04250000E+003, -3.15892911E+000
1.04500000E+003, -7.41953864E+000
1.04750000E+003, -7.57244578E+000
1.05000000E+003, -8.52616000E+000
1.05250000E+003, -4.60522535E+000
1.05500000E+003, -1.10848809E+001
1.05750000E+003, -1.30487201E+001
1.06000000E+003, -6.92663974E+000
1.06250000E+003, -4.10765448E+000
1.06500000E+003, -6.43747190E+000
1.06750000E+003, -5.15666203E+000
1.07000000E+003, -1.25125790E+001
1.07250000E+003, -6.11514845E+000
1.07500000E+003, -1.10648014E+001
1.07750000E+003, -9.36410657E+000
1.08000000E+003, -1.80932652E+001
1.08250000E+003, -1.03750766E+001
1.08500000E+003, -8.39137080E+000
1.08750000E+003, -7.01879533E+000
1.09000000E+003, -4.63693590E+000
1.09250000E+003, -7.04124332E+000
1.09500000E+003, -1.41346893E+001
1.09750000E+003, -2.81047989E+000
1.10000000E+003, -5.09527519E+000
1.10250000E+003, -1.02654169E+001
1.10500000E+003, -1.91579633E+001
1.10750000E+003, -1.10346553E+001
1.11000000E+003, -7.41624436E+000
1.11250000E+003, -1.01634785E+001
1.11500000E+003, -1.03100067E+001
1.11750000E+003, -5.92372153E+000
1.12000000E+003, -2.80204156E+001
1.12250000E+003, -1.25891907E+001
1.12500000E+003, -1.07039488E+001
1.12750000E+003, -1.16779533E+001
1.13000000E+003, -1.14635372E+001
1.13250000E+003, -9.38157420E+000
1.13500000E+003, -1.95351056E+001
1.13750000E+003, -1.18158726E+001
1.14000000E+003, -6.15338578E+000
1.14250000E+003, -9.46865758E+000
1.14500000E+003, -1.18676037E+001
1.14750000E+003, -1.28191592E+001
1.15000000E+003, -4.32784666E+000
1.15250000E+003, -8.61838276E+000
1.15500000E+003, -1.11191735E+001
1.15750000E+003, -2.42206879E+001
1.16000000E+003, -1.35566325E+001
1.16250000E+003, -2.20996900E+001
1.16500000E+003, -2.34920386E+001
1.16750000E+003, -3.05129408E+001
1.17000000E+003, -2.20386097E+001
1.17250000E+003, -1.54402407E+001
1.17500000E+003, -1.33936398E+001
1.17750000E+003, -8.49318584E+000
1.18000000E+003, -1.46708135E+001
1.18250000E+003, -1.46548878E+001
1.18500000E+003, -1.08282673E+001
1.18750000E+003, -1.15234310E+001
1.19000000E+003, -1.48944120E+001
1.19250000E+003, -1.00489072E+001
1.19500000E+003, -2.11559120E+001
1.19750000E+003, -1.56955297E+001
1.20000000E+003, -1.58914650E+001
1.20250000E+003, -1.09453904E+001
1.20500000E+003, -1.68320255E+001
1.20750000E+003, -2.07055674E+001
1.21000000E+003, -7.41333462E+000
1.21250000E+003, -2.00799449E+001
1.21500000E+003, -8.06976667E+000
1.21750000E+003, -1.67921377E+001
1.22000000E+003, -1.05465696E+001
1.22250000E+003, -1.38748466E+001
1.22500000E+003, -2.29029692E+001
1.22750000E+003, -2.25539752E+001
1.23000000E+003, -1.81720957E+001
1.23250000E+003, -2.25636652E+001
1.23500000E+003, -1.48180225E+001
1.23750000E+003, -1.37886521E+001
1.24000000E+003, -1.98898118E+001
1.24250000E+003, -1.72387895E+001
1.24500000E+003, -2.51261811E+001
1.24750000E+003, -2.07433912E+001
1.25000000E+003, -1.75927254E+001
1.25250000E+003, -9.30959669E+000
1.25500000E+003, -2.00024401E+001
1.25750000E+003, -1.53762185E+001
1.26000000E+003, -1.05619781E+001
1.26250000E+003, -2.00224539E+001
1.26500000E+003, -9.38308340E+000
1.26750000E+003, -7.59941536E+000
1.27000000E+003, -1.36549485E+001
1.27250000E+003, -2.00190185E+001
1.27500000E+003, -1.41264554E+001
1.27750000E+003, -2.02078720E+001
1.28000000E+003, -2.06154724E+001
1.28250000E+003, -1.20564623E+001
1.28500000E+003, -1.03299408E+001
1.28750000E+003, -1.37758812E+001
1.29000000E+003, -1.41046331E+001
1.29250000E+003, -1.54649704E+001
1.29500000E+003, -2.34449113E+001
1.29750000E+003, -1.18007853E+001
1.30000000E+003, -1.01278472E+001
1.30250000E+003, -8.41169719E+000
1.30500000E+003, -8.11707675E+000
1.30750000E+003, -6.60016084E+000
1.31000000E+003, -1.03069362E+000
1.31250000E+003, -7.76888455E+000
1.31500000E+003, -3.78732804E+000
1.31750000E+003, -7.61039890E+000
1.32000000E+003, -4.60568992E+000
1.32250000E+003, -1.36055246E-001
1.32500000E+003, 1.19323729E-001
1.32750000E+003, 3.25371125E+000
1.33000000E+003, 6.49131581E+000
1.33250000E+003, 7.84622846E+000
1.33500000E+003, 1.07543142E+001
1.33750000E+003, 1.61115863E+001
1.34000000E+003, 2.53591470E+001
1.34250000E+003, 2.12329119E+001
1.34500000E+003, 1.44439252E+001
1.34750000E+003, 1.10797966E+001
1.35000000E+003, 8.94665866E+000
1.35250000E+003, 5.90534016E+000
1.35500000E+003, 4.83591286E+000
1.35750000E+003, 3.65510198E+000
1.36000000E+003, 2.14753581E+000
1.36250000E+003, 1.37777922E+000
1.36500000E+003, 1.18102152E+000
1.36750000E+003, -3.07024324E-001
1.37000000E+003, 1.65655706E+000
1.37250000E+003, -2.13397160E+000
1.37500000E+003, -2.77408686E+000
1.37750000E+003, -8.42835394E-001
1.38000000E+003, -5.06932016E+000
1.38250000E+003, -3.55100859E+000
1.38500000E+003, -5.74719694E+000
1.38750000E+003, -2.36075649E+000
1.39000000E+003, -2.08934313E+000
1.39250000E+003, -6.24318926E+000
1.39500000E+003, -8.61632300E+000
1.39750000E+003, -7.81702804E+000
1.40000000E+003, -7.93014059E+000
1.40250000E+003, -6.12319659E+000
1.40500000E+003, -6.81806001E+000
1.40750000E+003, -7.26602853E+000
1.41000000E+003, -1.28124854E+001
1.41250000E+003, -1.27730217E+001
1.41500000E+003, -5.17090200E+000
1.41750000E+003, -1.60746383E+001
1.42000000E+003, -9.53977987E+000
1.42250000E+003, -1.24918116E+001
1.42500000E+003, -2.28749218E+001
1.42750000E+003, -5.41203722E+000
1.43000000E+003, -6.36277559E+000
1.43250000E+003, -1.20044506E+001
1.43500000E+003, -1.54787654E+001
1.43750000E+003, -1.39783305E+001
1.44000000E+003, -7.62772900E+000
1.44250000E+003, -6.63059986E+000
1.44500000E+003, -7.04678088E+000
1.44750000E+003, -1.00097443E+001
1.45000000E+003, -9.26819383E+000
1.45250000E+003, -1.07868412E+001
1.45500000E+003, -1.25074302E+001
1.45750000E+003, -1.23458950E+001
1.46000000E+003, -1.63937985E+001
1.46250000E+003, -1.64989174E+001
1.46500000E+003, -1.63856482E+001
1.46750000E+003, -1.26854915E+001
1.47000000E+003, -1.32238135E+001
1.47250000E+003, -1.17169997E+001
1.47500000E+003, -1.09048759E+001
1.47750000E+003, -1.05760291E+001
1.48000000E+003, -8.82863351E+000
1.48250000E+003, -8.54170863E+000
1.48500000E+003, -6.49748761E+000
1.48750000E+003, -1.51426916E+001
1.49000000E+003, -1.88255722E+001
1.49250000E+003, -1.31023262E+001
1.49500000E+003, -1.28007779E+001
1.49750000E+003, -1.36816764E+001
1.50000000E+003, -1.49928103E+001
1.50250000E+003, -2.37834741E+001
1.50500000E+003, -1.41395790E+001
1.50750000E+003, -1.09788828E+001
1.51000000E+003, -1.12629965E+001
1.51250000E+003, -2.27099976E+001
1.51500000E+003, -4.18959083E+000
1.51750000E+003, -1.58690629E+001
1.52000000E+003, -1.46016416E+001
1.52250000E+003, -9.15512067E+000
1.52500000E+003, -2.65211187E+001
1.52750000E+003, -1.17196773E+001
1.53000000E+003, -1.49888521E+001
1.53250000E+003, -1.78560840E+001
1.53500000E+003, -1.02163351E+001
1.53750000E+003, -1.27145199E+001
1.54000000E+003, -1.59642036E+001
1.54250000E+003, -9.86208431E+000
1.54500000E+003, -1.37779187E+001
1.54750000E+003, -8.53751055E+000
1.55000000E+003, -8.79515112E+000
1.55250000E+003, -4.15528680E+000
1.55500000E+003, -1.51584669E+001
1.55750000E+003, -1.23676077E+001
1.56000000E+003, -3.05571360E+001
1.56250000E+003, -6.74563666E+000
1.56500000E+003, -1.55772868E+001
1.56750000E+003, -2.18240273E+001
1.57000000E+003, -1.95347233E+001
1.57250000E+003, -8.50331550E+000
1.57500000E+003, -6.83306258E+000
1.57750000E+003, -2.00200416E+001
1.58000000E+003, -1.07477022E+001
1.58250000E+003, -1.78946566E+001
1.58500000E+003, -1.54088737E+001
1.58750000E+003, -1.85816256E+001
1.59000000E+003, -2.05338802E+001
1.59250000E+003, -9.91232752E+000
1.59500000E+003, -1.63022414E+001
1.59750000E+003, -1.63042868E+001
1.60000000E+003, -1.93355175E+001
1.60250000E+003, -1.71539890E+001
1.60500000E+003, -2.79107786E+001
1.60750000E+003, -5.26441883E+000
1.61000000E+003, -1.24077998E+001
1.61250000E+003, -8.46037071E+000
1.61500000E+003, -1.56142737E+001
1.61750000E+003, -1.53704189E+001
1.62000000E+003, -9.93178471E+000
1.62250000E+003, -1.00992911E+001
1.62500000E+003, -1.75443315E+001
1.62750000E+003, -1.21180473E+001
1.63000000E+003, -7.35306454E+000
1.63250000E+003, -1.46495798E+001
1.63500000E+003, -1.31827929E+001
1.63750000E+003, -9.78995253E+000
1.64000000E+003, -5.62909197E+000
1.64250000E+003, -1.19340042E+001
1.64500000E+003, -9.43790254E+000
1.64750000E+003, -4.98007150E+000
1.65000000E+003, -6.01812644E+000
1.65250000E+003, -5.94977414E+000
1.65500000E+003, -9.25981519E+000
1.65750000E+003, -1.09931631E+001
1.66000000E+003, -3.21217516E+001
1.66250000E+003, -8.65041091E+000
1.66500000E+003, -9.64792064E+000
1.66750000E+003, -6.33579823E+000
1.67000000E+003, -7.63361217E+000
1.67250000E+003, -3.40792601E+000
1.67500000E+003, -9.99610423E+000
1.67750000E+003, -5.40259199E+000
1.68000000E+003, -3.60504556E+000
1.68250000E+003, -5.22593774E+000
1.68500000E+003, -4.28405945E-001
1.68750000E+003, -7.84304258E-001
1.69000000E+003, 2.03448960E+000
1.69250000E+003, 2.54339829E-001
1.69500000E+003, 2.69472725E+000
1.69750000E+003, 2.19916930E-001
1.70000000E+003, 6.24993995E-001
1.70250000E+003, 1.85385694E+000
1.70500000E+003, 2.54054001E+000
1.70750000E+003, -1.70314672E-001
1.71000000E+003, 3.68621562E+000
1.71250000E+003, 2.94444682E+000
1.71500000E+003, 4.26285513E+000
1.71750000E+003, 5.81510128E+000
1.72000000E+003, 4.44933985E+000
1.72250000E+003, 7.15039740E+000
1.72500000E+003, 3.87806062E+000
1.72750000E+003, 7.63696568E+000
1.73000000E+003, 5.94608339E+000
1.73250000E+003, 7.09272176E+000
1.73500000E+003, 8.81629481E+000
1.73750000E+003, 1.01643686E+001
1.74000000E+003, 9.18972600E+000
1.74250000E+003, 1.07630058E+001
1.74500000E+003, 1.01928402E+001
1.74750000E+003, 1.07976002E+001
1.75000000E+003, 1.19816654E+001
1.75250000E+003, 1.32437047E+001
1.75500000E+003, 1.33285055E+001
1.75750000E+003, 1.41279663E+001
1.76000000E+003, 1.45624018E+001
1.76250000E+003, 1.53459242E+001
1.76500000E+003, 1.64161845E+001
1.76750000E+003, 1.74736798E+001
1.77000000E+003, 1.83392756E+001
1.77250000E+003, 1.91626149E+001
1.77500000E+003, 1.99274478E+001
1.77750000E+003, 2.12998550E+001
1.78000000E+003, 2.25599467E+001
1.78250000E+003, 2.40218151E+001
1.78500000E+003, 2.58421690E+001
1.78750000E+003, 2.78546513E+001
1.79000000E+003, 3.07773340E+001
1.79250000E+003, 3.46480934E+001
1.79500000E+003, 4.17907507E+001
1.79750000E+003, 4.81506880E+001
1.80000000E+003, 3.74211449E+001
1.80250000E+003, 3.25604409E+001
1.80500000E+003, 2.95126698E+001
1.80750000E+003, 2.67683993E+001
1.81000000E+003, 2.42300970E+001
1.81250000E+003, 2.08949370E+001
1.81500000E+003, 1.68551230E+001
1.81750000E+003, 1.30999314E+001
1.82000000E+003, 2.51005238E+001
1.82250000E+003, 3.80879646E+001
1.82500000E+003, 3.38821186E+001
1.82750000E+003, 3.04514699E+001
1.83000000E+003, 2.87226371E+001
1.83250000E+003, 2.77944319E+001
1.83500000E+003, 2.79520702E+001
1.83750000E+003, 2.94734109E+001
1.84000000E+003, 2.04100026E+001
1.84250000E+003, 2.29854800E+001
1.84500000E+003, 2.43485785E+001
1.84750000E+003, 2.43978905E+001
1.85000000E+003, 2.48137959E+001
1.85250000E+003, 2.49285916E+001
1.85500000E+003, 2.54768560E+001
1.85750000E+003, 2.58042432E+001
1.86000000E+003, 2.63720569E+001
1.86250000E+003, 2.71591770E+001
1.86500000E+003, 2.80476716E+001
1.86750000E+003, 2.92635375E+001
1.87000000E+003, 3.06715843E+001
1.87250000E+003, 3.22775995E+001
1.87500000E+003, 3.45573051E+001
1.87750000E+003, 3.75642560E+001
1.88000000E+003, 4.21268247E+001
1.88250000E+003, 4.68730439E+001
1.88500000E+003, 4.15348247E+001
1.88750000E+003, 3.68636396E+001
1.89000000E+003, 3.36798131E+001
1.89250000E+003, 3.11596270E+001
1.89500000E+003, 2.92455166E+001
1.89750000E+003, 2.76991908E+001
1.90000000E+003, 2.64783020E+001
1.90250000E+003, 2.52657912E+001
1.90500000E+003, 2.42994705E+001
1.90750000E+003, 2.30536672E+001
1.91000000E+003, 2.23876652E+001
1.91250000E+003, 2.18579199E+001
1.91500000E+003, 2.09666154E+001
1.91750000E+003, 2.09008631E+001
1.92000000E+003, 1.97137498E+001
1.92250000E+003, 1.93979483E+001
1.92500000E+003, 1.95783966E+001
1.92750000E+003, 1.87951205E+001
1.93000000E+003, 1.88872873E+001
1.93250000E+003, 1.76481261E+001
1.93500000E+003, 1.79550374E+001
1.93750000E+003, 1.81306004E+001
1.94000000E+003, 1.74292874E+001
1.94250000E+003, 1.72677923E+001
1.94500000E+003, 1.74025565E+001
1.94750000E+003, 1.74845932E+001
1.95000000E+003, 1.73210414E+001
1.95250000E+003, 1.82279260E+001
1.95500000E+003, 1.75946510E+001
1.95750000E+003, 1.78623465E+001
1.96000000E+003, 1.84237209E+001
1.96250000E+003, 1.91052683E+001
1.96500000E+003, 1.91712575E+001
1.96750000E+003, 2.01733762E+001
1.97000000E+003, 2.13642845E+001
1.97250000E+003, 2.25388100E+001
1.97500000E+003, 2.42613628E+001
1.97750000E+003, 2.64537033E+001
1.98000000E+003, 2.95669597E+001
1.98250000E+003, 3.48942248E+001
1.98500000E+003, 4.13615507E+001
1.98750000E+003, 3.33561317E+001
1.99000000E+003, 2.79505586E+001
1.99250000E+003, 2.48758971E+001
1.99500000E+003, 2.20441457E+001
1.99750000E+003, 1.99032437E+001
2.00000000E+003, 1.80531999E+001
2.00250000E+003, 1.72788256E+001
2.00500000E+003, 1.53717769E+001
2.00750000E+003, 1.37232559E+001
2.01000000E+003, 1.40464830E+001
2.01250000E+003, 1.22902348E+001
2.01500000E+003, 1.17331936E+001
2.01750000E+003, 1.09106703E+001
2.02000000E+003, 1.12110867E+001
2.02250000E+003, 9.80429187E+000
2.02500000E+003, 9.26050490E+000
2.02750000E+003, 7.75794386E+000
2.03000000E+003, 9.52052914E+000
2.03250000E+003, 8.31149064E+000
2.03500000E+003, 8.43881650E+000
2.03750000E+003, 5.71701394E+000
2.04000000E+003, 6.30891027E+000
2.04250000E+003, 7.68693407E+000
2.04500000E+003, 5.64531361E+000
2.04750000E+003, 5.64467065E+000
2.05000000E+003, 5.65835643E+000
2.05250000E+003, 7.26301046E+000
2.05500000E+003, 5.81731265E+000
2.05750000E+003, 5.02249082E+000
2.06000000E+003, 4.87212594E+000
2.06250000E+003, 3.13269510E+000
2.06500000E+003, 5.67620320E+000
2.06750000E+003, 2.98396257E+000
2.07000000E+003, 5.04319449E+000
2.07250000E+003, 3.65274093E+000
2.07500000E+003, 5.17556825E+000
2.07750000E+003, 2.03938814E+000
2.08000000E+003, 2.32350975E+000
2.08250000E+003, 3.75040858E+000
2.08500000E+003, 3.51798408E+000
2.08750000E+003, 3.62282243E+000
2.09000000E+003, -1.81884149E-001
2.09250000E+003, 2.26278355E+000
2.09500000E+003, 4.40074564E+000
2.09750000E+003, 3.08002438E+000
2.10000000E+003, 4.91388334E+000
2.10250000E+003, 4.58941388E+000
2.10500000E+003, 3.85775161E+000
2.10750000E+003, 4.37426132E+000
2.11000000E+003, 1.55250426E+000
2.11250000E+003, 2.15971701E+000
2.11500000E+003, 4.56142689E+000
2.11750000E+003, 3.94506041E+000
2.12000000E+003, 1.17331344E+000
2.12250000E+003, 3.10305207E+000
2.12500000E+003, 2.87628913E+000
2.12750000E+003, 2.23162469E-001
2.13000000E+003, 4.65652206E+000
2.13250000E+003, 3.97492676E+000
2.13500000E+003, 4.40017990E+000
2.13750000E+003, 1.49346127E+000
2.14000000E+003, 3.62928445E+000
2.14250000E+003, -6.14570729E+000
2.14500000E+003, 1.40688673E+000
2.14750000E+003, 7.86019374E-001
2.15000000E+003, 3.45060863E-001
2.15250000E+003, 2.56511726E+000
2.15500000E+003, 5.55622796E+000
2.15750000E+003, -1.20861020E+000
2.16000000E+003, 3.86934981E+000
2.16250000E+003, 1.04916322E+000
2.16500000E+003, 2.57073065E+000
2.16750000E+003, 3.36322210E+000
2.17000000E+003, 9.66386433E-001
2.17250000E+003, 3.81946247E+000
2.17500000E+003, -1.87418764E+000
2.17750000E+003, 4.23064016E-001
2.18000000E+003, 1.55419247E+000
2.18250000E+003, 4.65499015E+000
2.18500000E+003, 1.49292642E+000
2.18750000E+003, 3.09942202E+000
2.19000000E+003, 5.80770332E+000
2.19250000E+003, 4.23246827E+000
2.19500000E+003, 2.53341254E+000
2.19750000E+003, 2.72811842E+000
2.20000000E+003, 4.00658415E+000
2.20250000E+003, 3.88197364E+000
2.20500000E+003, 3.35630655E+000
2.20750000E+003, 2.41886951E+000
2.21000000E+003, 4.40016712E+000
2.21250000E+003, 2.58479629E+000
2.21500000E+003, 2.81193525E+000
2.21750000E+003, 3.70761996E+000
2.22000000E+003, 2.73717123E+000
2.22250000E+003, 6.02241673E+000
2.22500000E+003, 4.00073273E+000
2.22750000E+003, 6.23146356E+000
2.23000000E+003, 4.22411502E+000
2.23250000E+003, 2.45682068E+000
2.23500000E+003, 5.15399773E+000
2.23750000E+003, 4.68635652E+000
2.24000000E+003, 3.99682713E+000
2.24250000E+003, 4.56431976E+000
2.24500000E+003, 7.44572048E+000
2.24750000E+003, 5.66866903E+000
2.25000000E+003, 6.39305025E+000
2.25250000E+003, 7.58367044E+000
2.25500000E+003, 6.68815597E+000
2.25750000E+003, 5.74185673E+000
2.26000000E+003, 6.05266784E+000
2.26250000E+003, 7.43056399E+000
2.26500000E+003, 8.00373392E+000
2.26750000E+003, 8.09745238E+000
2.27000000E+003, 6.54958156E+000
2.27250000E+003, 8.05782708E+000
2.27500000E+003, 6.22032653E+000
2.27750000E+003, 7.98871107E+000
2.28000000E+003, 8.98095727E+000
2.28250000E+003, 1.04050126E+001
2.28500000E+003, 1.03242626E+001
2.28750000E+003, 1.07593154E+001
2.29000000E+003, 1.04036726E+001
2.29250000E+003, 1.21107882E+001
2.29500000E+003, 1.18869347E+001
2.29750000E+003, 1.25941551E+001
2.30000000E+003, 1.28555300E+001
2.30250000E+003, 1.27374006E+001
2.30500000E+003, 1.34207196E+001
2.30750000E+003, 1.48233288E+001
2.31000000E+003, 1.47951858E+001
2.31250000E+003, 1.58113871E+001
2.31500000E+003, 1.56002832E+001
2.31750000E+003, 1.67723332E+001
2.32000000E+003, 1.77049081E+001
2.32250000E+003, 1.87879466E+001
2.32500000E+003, 1.94167943E+001
2.32750000E+003, 2.01139514E+001
2.33000000E+003, 2.13897339E+001
2.33250000E+003, 2.20500686E+001
2.33500000E+003, 2.30668250E+001
2.33750000E+003, 2.36189013E+001
2.34000000E+003, 2.37996836E+001
2.34250000E+003, 2.35331373E+001
2.34500000E+003, 2.32794120E+001
2.34750000E+003, 2.20004816E+001
2.35000000E+003, 2.16597019E+001
2.35250000E+003, 2.08518075E+001
2.35500000E+003, 1.98826389E+001
2.35750000E+003, 1.89606329E+001
2.36000000E+003, 1.79579365E+001
2.36250000E+003, 1.76251674E+001
2.36500000E+003, 1.68296795E+001
2.36750000E+003, 1.65864125E+001
2.37000000E+003, 1.54729333E+001
2.37250000E+003, 1.51455622E+001
2.37500000E+003, 1.43066844E+001
2.37750000E+003, 1.43938772E+001
2.38000000E+003, 1.30979568E+001
2.38250000E+003, 1.38214816E+001
2.38500000E+003, 1.30281267E+001
2.38750000E+003, 1.31181467E+001
2.39000000E+003, 1.28504014E+001
2.39250000E+003, 1.29185846E+001
2.39500000E+003, 1.24892130E+001
2.39750000E+003, 1.26723839E+001
2.40000000E+003, 1.24688041E+001
2.40250000E+003, 1.29936651E+001
2.40500000E+003, 1.27586704E+001
2.40750000E+003, 1.25920852E+001
2.41000000E+003, 1.33954189E+001
2.41250000E+003, 1.31524012E+001
2.41500000E+003, 1.37035521E+001
2.41750000E+003, 1.48706869E+001
2.42000000E+003, 1.45785325E+001
2.42250000E+003, 1.53880657E+001
2.42500000E+003, 1.48794510E+001
2.42750000E+003, 1.50648179E+001
2.43000000E+003, 1.39149917E+001
2.43250000E+003, 1.28399194E+001
2.43500000E+003, 1.13265461E+001
2.43750000E+003, 9.15231139E+000
2.44000000E+003, 8.58126228E+000
2.44250000E+003, 6.06385667E+000
2.44500000E+003, 5.46024574E+000
2.44750000E+003, 3.43413369E+000
2.45000000E+003, 1.60100792E+000
2.45250000E+003, 1.11519072E+000
2.45500000E+003, 8.35208210E-001
2.45750000E+003, -3.41360869E+000
2.46000000E+003, -7.97351221E+000
2.46250000E+003, -6.44913957E+000
2.46500000E+003, -3.76512946E+000
2.46750000E+003, -8.07024304E+000
2.47000000E+003, -4.03056221E-001
2.47250000E+003, -7.45386308E+000
2.47500000E+003, -2.28101162E+001
2.47750000E+003, -1.00689602E+001
2.48000000E+003, -4.60616277E+000
2.48250000E+003, -1.17739941E+001
2.48500000E+003, -4.27436736E+000
2.48750000E+003, -9.62763097E+000
2.49000000E+003, -5.73723441E+000
2.49250000E+003, -1.06515473E+001
2.49500000E+003, -9.59613976E+000
2.49750000E+003, -9.85791102E+000
2.50000000E+003, -1.69684428E+001
2.50250000E+003, -7.16178158E+000
2.50500000E+003, -1.37405471E+001
2.50750000E+003, -1.08111475E+001
2.51000000E+003, -9.64253378E+000
2.51250000E+003, -5.42980862E+000
2.51500000E+003, -1.52137418E+001
2.51750000E+003, -1.10362747E+001
2.52000000E+003, -1.32267126E+001
2.52250000E+003, -4.40047304E+000
2.52500000E+003, -5.67555770E+000
2.52750000E+003, -1.59918617E+001
2.53000000E+003, -1.67334851E+001
2.53250000E+003, -1.72922356E+001
2.53500000E+003, -1.01589393E+001
2.53750000E+003, -1.38775700E+001
2.54000000E+003, -2.22567799E+001
2.54250000E+003, -9.22545605E+000
2.54500000E+003, -6.78291404E+000
2.54750000E+003, -5.14913844E+000
2.55000000E+003, -8.93159497E+000
2.55250000E+003, -1.38683957E+001
2.55500000E+003, -7.28546391E+000
2.55750000E+003, -7.24060314E+000
2.56000000E+003, -6.40691058E+000
2.56250000E+003, -6.87081259E+000
2.56500000E+003, -1.61970527E+001
2.56750000E+003, -1.29255582E+001
2.57000000E+003, -1.37637076E+001
2.57250000E+003, -1.96001985E+001
2.57500000E+003, -8.01609617E+000
2.57750000E+003, -3.17683007E+000
2.58000000E+003, -2.84340893E+000
2.58250000E+003, -2.01668946E+000
2.58500000E+003, -9.46463961E+000
2.58750000E+003, -7.18102821E+000
2.59000000E+003, -4.40068553E+000
2.59250000E+003, -3.55231490E+000
2.59500000E+003, -7.22859538E+000
2.59750000E+003, -2.98974345E+000
2.60000000E+003, -4.09884070E+000
2.60250000E+003, -4.75242264E+000
2.60500000E+003, -2.43271389E+000
2.60750000E+003, -6.27400082E+000
2.61000000E+003, -9.60379794E+000
2.61250000E+003, -6.23057656E+000
2.61500000E+003, -2.45222829E+000
2.61750000E+003, -9.52843425E+000
2.62000000E+003, -5.83563641E+000
2.62250000E+003, -7.27387951E+000
2.62500000E+003, -7.25109303E+000
2.62750000E+003, -2.35989752E+000
2.63000000E+003, -8.49263010E+000
2.63250000E+003, -6.24186469E+000
2.63500000E+003, -8.36801140E+000
2.63750000E+003, -1.53173871E+001
2.64000000E+003, -3.62637020E+000
2.64250000E+003, -1.93021137E+000
2.64500000E+003, -5.22859271E+000
2.64750000E+003, -1.00464379E+001
2.65000000E+003, -1.05229774E+001
2.65250000E+003, -1.02768379E+000
2.65500000E+003, -1.56967691E+000
2.65750000E+003, -3.04035064E+000
2.66000000E+003, -2.61481184E+000
2.66250000E+003, -1.97877773E+001
2.66500000E+003, -5.65607552E+000
2.66750000E+003, -8.49319819E+000
2.67000000E+003, -3.93770085E+000
2.67250000E+003, 4.16008620E-001
2.67500000E+003, 1.18197993E+000
2.67750000E+003, -8.83334393E+000
2.68000000E+003, -1.57193156E-001
2.68250000E+003, -1.05274979E+001
2.68500000E+003, -2.15309117E+000
2.68750000E+003, -4.25032842E+000
2.69000000E+003, -5.72195166E-001
2.69250000E+003, -2.31419898E-001
2.69500000E+003, 5.12580323E-001
2.69750000E+003, -1.46816231E+000
2.70000000E+003, 6.56366421E-001
2.70250000E+003, -5.11914137E+000
2.70500000E+003, 1.58010245E+000
2.70750000E+003, -5.06244116E+000
2.71000000E+003, -3.32408237E-001
2.71250000E+003, -2.08575766E+000
2.71500000E+003, 2.00524588E-001
2.71750000E+003, 2.42798885E+000
2.72000000E+003, -1.13022096E+000
2.72250000E+003, 3.10934476E+000
2.72500000E+003, 1.22440702E+000
2.72750000E+003, 2.17279846E+000
2.73000000E+003, 3.43051969E+000
2.73250000E+003, 2.57805541E+000
2.73500000E+003, 2.67263166E-001
2.73750000E+003, 3.36332854E+000
2.74000000E+003, 4.10002888E+000
2.74250000E+003, 3.74840325E+000
2.74500000E+003, 4.85771868E+000
2.74750000E+003, 3.94155272E+000
2.75000000E+003, 5.12068203E+000
2.75250000E+003, 4.82073067E+000
2.75500000E+003, 7.66209730E+000
2.75750000E+003, 7.36500550E+000
2.76000000E+003, 5.52195507E+000
2.76250000E+003, 7.83606669E+000
2.76500000E+003, 6.81147969E+000
2.76750000E+003, 9.64140085E+000
2.77000000E+003, 9.41552221E+000
2.77250000E+003, 1.05949388E+001
2.77500000E+003, 1.14713704E+001
2.77750000E+003, 1.23663022E+001
2.78000000E+003, 1.19428683E+001
2.78250000E+003, 1.28493649E+001
2.78500000E+003, 1.35561442E+001
2.78750000E+003, 1.34769601E+001
2.79000000E+003, 1.49898158E+001
2.79250000E+003, 1.57883034E+001
2.79500000E+003, 1.75332043E+001
2.79750000E+003, 1.84237351E+001
2.80000000E+003, 1.97687793E+001
2.80250000E+003, 2.10272487E+001
2.80500000E+003, 2.27243343E+001
2.80750000E+003, 2.45889123E+001
2.81000000E+003, 2.70395570E+001
2.81250000E+003, 3.02966075E+001
2.81500000E+003, 3.49110862E+001
2.81750000E+003, 4.37607732E+001
2.82000000E+003, 4.03962098E+001
2.82250000E+003, 3.36432083E+001
2.82500000E+003, 2.97717766E+001
2.82750000E+003, 2.72163443E+001
2.83000000E+003, 2.53798802E+001
2.83250000E+003, 2.43581170E+001
2.83500000E+003, 2.23990479E+001
2.83750000E+003, 2.11451899E+001
2.84000000E+003, 2.08508300E+001
2.84250000E+003, 1.95916179E+001
2.84500000E+003, 1.94318365E+001
2.84750000E+003, 1.86246934E+001
2.85000000E+003, 1.80644569E+001
2.85250000E+003, 1.75875948E+001
2.85500000E+003, 1.71170392E+001
2.85750000E+003, 1.73196661E+001
2.86000000E+003, 1.54377712E+001
2.86250000E+003, 1.53597143E+001
2.86500000E+003, 1.62135558E+001
2.86750000E+003, 1.56209901E+001
2.87000000E+003, 1.62462977E+001
2.87250000E+003, 1.41231691E+001
2.87500000E+003, 1.48967551E+001
2.87750000E+003, 1.41711888E+001
2.88000000E+003, 1.30490631E+001
2.88250000E+003, 1.47280563E+001
2.88500000E+003, 1.37556458E+001
2.88750000E+003, 1.44699712E+001
2.89000000E+003, 1.47637720E+001
2.89250000E+003, 1.49560781E+001
2.89500000E+003, 1.51248232E+001
2.89750000E+003, 1.32020588E+001
2.90000000E+003, 1.40362688E+001
2.90250000E+003, 1.48208448E+001
2.90500000E+003, 1.58626338E+001
2.90750000E+003, 1.55561885E+001
2.91000000E+003, 1.60872992E+001
2.91250000E+003, 1.60142227E+001
2.91500000E+003, 1.70486936E+001
2.91750000E+003, 1.81452597E+001
2.92000000E+003, 1.86843447E+001
2.92250000E+003, 2.00706537E+001
2.92500000E+003, 2.26012527E+001
2.92750000E+003, 2.46574327E+001
2.93000000E+003, 2.84538861E+001
2.93250000E+003, 3.47198665E+001
2.93500000E+003, 3.09609312E+001
2.93750000E+003, 2.46334661E+001
2.94000000E+003, 1.98248338E+001
2.94250000E+003, 1.68939844E+001
2.94500000E+003, 1.50144727E+001
2.94750000E+003, 1.20966391E+001
2.95000000E+003, 1.23820162E+001
2.95250000E+003, 8.54172390E+000
2.95500000E+003, 7.01694584E+000
2.95750000E+003, 3.53127053E+000
2.96000000E+003, 4.68976985E+000
2.96250000E+003, -1.35989497E+000
2.96500000E+003, -5.11094212E-001
2.96750000E+003, 4.04636524E+000
2.97000000E+003, 2.61101605E+000
2.97250000E+003, -3.27371200E+000
2.97500000E+003, -1.48351914E+001
2.97750000E+003, -4.93374533E+000
2.98000000E+003, -1.80270598E+001
2.98250000E+003, -6.13883257E+000
2.98500000E+003, -5.99025804E+000
2.98750000E+003, -5.98802427E+000
2.99000000E+003, -6.40785486E+000
2.99250000E+003, -4.45597600E+000
2.99500000E+003, -2.66931124E+000
2.99750000E+003, -3.14340771E+000
3.00000000E+003, -1.05860659E+001
3.00250000E+003, -1.02765685E+001
3.00500000E+003, -4.28338749E+000
3.00750000E+003, -2.01910303E+001
3.01000000E+003, -4.02085135E+000
3.01250000E+003, -1.04435198E+001
3.01500000E+003, -7.21527120E+000
3.01750000E+003, -9.94868860E+000
3.02000000E+003, -2.41931843E+000
3.02250000E+003, -6.38456211E+000
3.02500000E+003, -8.43936667E+000
3.02750000E+003, 2.64961331E-002
3.03000000E+003, -4.13830014E+000
3.03250000E+003, -1.25910720E+000
3.03500000E+003, -5.80786071E-001
3.03750000E+003, -6.77094790E+000
3.04000000E+003, -4.56084902E+000
3.04250000E+003, -1.26615307E+000
3.04500000E+003, -1.63824817E+000
3.04750000E+003, -1.09468683E+000
3.05000000E+003, -2.20501131E+000
3.05250000E+003, 6.42441417E-001
3.05500000E+003, -1.98754400E+001
3.05750000E+003, -4.12566953E+000
3.06000000E+003, -6.02414256E+000
3.06250000E+003, 5.99281338E-001
3.06500000E+003, 2.33811715E+000
3.06750000E+003, 5.11637430E+000
3.07000000E+003, -6.78476561E+000
3.07250000E+003, 1.17406811E+000
3.07500000E+003, -6.11090439E+000
3.07750000E+003, 1.85862865E+000
3.08000000E+003, 2.99178365E+000
3.08250000E+003, 2.15168150E+000
3.08500000E+003, -6.72227225E-001
3.08750000E+003, 3.76401527E+000
3.09000000E+003, -2.71729475E+000
3.09250000E+003, 1.50052858E+000
3.09500000E+003, 5.32417240E+000
3.09750000E+003, -3.61140015E+000
3.10000000E+003, -4.06674721E+000
3.10250000E+003, -4.09134577E+000
3.10500000E+003, -1.76523133E+001
3.10750000E+003, -3.44233777E+000
3.11000000E+003, 5.62928227E+000
3.11250000E+003, -6.93764427E+000
3.11500000E+003, 3.28398342E+000
3.11750000E+003, 5.45111636E+000
3.12000000E+003, 3.08196606E+000
3.12250000E+003, 6.95476878E+000
3.12500000E+003, 1.23590810E+000
3.12750000E+003, 1.34587133E+000
3.13000000E+003, 3.60836571E+000
3.13250000E+003, 1.33313228E+000
3.13500000E+003, -2.15973494E+000
3.13750000E+003, 7.46784398E+000
3.14000000E+003, -1.62905053E+000
3.14250000E+003, -4.85595565E+000
3.14500000E+003, 6.18423497E+000
3.14750000E+003, 3.66878246E-001
3.15000000E+003, 1.71771603E+000
3.15250000E+003, -6.72805598E+000
3.15500000E+003, 7.22939953E+000
3.15750000E+003, -9.24098519E+000
3.16000000E+003, 3.28872614E+000
3.16250000E+003, 8.77563689E-001
3.16500000E+003, 1.00911388E+001
3.16750000E+003, 9.69043291E+000
3.17000000E+003, 1.10019289E+001
3.17250000E+003, 1.28042144E+000
3.17500000E+003, 1.33914135E+000
3.17750000E+003, 4.45684984E+000
3.18000000E+003, -2.24440951E+000
3.18250000E+003, 3.14261752E+000
3.18500000E+003, 5.12382856E+000
3.18750000E+003, 5.66591861E+000
3.19000000E+003, 8.21075932E+000
3.19250000E+003, 2.50362286E+000
3.19500000E+003, 7.28486058E+000
3.19750000E+003, 2.36908840E+000
3.20000000E+003, 6.74502378E+000
3.20250000E+003, -1.08333805E+000
3.20500000E+003, 4.17673147E-001
3.20750000E+003, 1.16228540E+000
3.21000000E+003, 6.96302241E+000
3.21250000E+003, 6.19328465E+000
3.21500000E+003, 7.54532111E+000
3.21750000E+003, -8.52743858E-003
3.22000000E+003, 5.85113318E+000
3.22250000E+003, 1.21755368E+000
3.22500000E+003, 1.51837682E+000
3.22750000E+003, 6.80339992E-001
3.23000000E+003, -1.61747711E+000
3.23250000E+003, -2.55987742E-001
3.23500000E+003, 2.80608297E+000
3.23750000E+003, 5.81348233E+000
3.24000000E+003, 8.31477745E+000
3.24250000E+003, 3.39194413E+000
3.24500000E+003, 8.75959809E-001
3.24750000E+003, 3.34975153E+000
3.25000000E+003, 1.14301395E+001
3.25250000E+003, 8.75719690E+000
3.25500000E+003, 8.90772418E+000
3.25750000E+003, 1.45838322E+001
3.26000000E+003, 1.49836314E+001
3.26250000E+003, 1.93529121E+001
3.26500000E+003, 2.02502626E+001
3.26750000E+003, 2.70718034E+001
3.27000000E+003, 3.21328777E+001
3.27250000E+003, 2.81532756E+001
3.27500000E+003, 2.40073904E+001
3.27750000E+003, 2.31105810E+001
3.28000000E+003, 2.07720057E+001
3.28250000E+003, 2.12565576E+001
3.28500000E+003, 1.80702200E+001
3.28750000E+003, 1.92054226E+001
3.29000000E+003, 1.97297354E+001
3.29250000E+003, 1.94930862E+001
3.29500000E+003, 1.83850167E+001
3.29750000E+003, 1.74250407E+001
3.30000000E+003, 1.82248524E+001
3.30250000E+003, 1.72528167E+001
3.30500000E+003, 2.00711042E+001
3.30750000E+003, 1.72096822E+001
3.31000000E+003, 1.97268649E+001
3.31250000E+003, 1.87743880E+001
3.31500000E+003, 1.91722150E+001
3.31750000E+003, 2.04018991E+001
3.32000000E+003, 2.01471463E+001
3.32250000E+003, 2.12251621E+001
3.32500000E+003, 2.18416356E+001
3.32750000E+003, 2.10158775E+001
3.33000000E+003, 2.27734581E+001
3.33250000E+003, 2.26753591E+001
3.33500000E+003, 2.39977939E+001
3.33750000E+003, 2.51142238E+001
3.34000000E+003, 2.69965375E+001
3.34250000E+003, 2.80206258E+001
3.34500000E+003, 3.14941834E+001
3.34750000E+003, 3.51200047E+001
3.35000000E+003, 4.07193613E+001
3.35250000E+003, 3.72540172E+001
3.35500000E+003, 3.01266610E+001
3.35750000E+003, 2.49592890E+001
3.36000000E+003, 1.89500947E+001
3.36250000E+003, 1.32947385E+001
3.36500000E+003, 8.47952162E+000
3.36750000E+003, 1.30332854E+001
3.37000000E+003, 1.65227248E+001
3.37250000E+003, 2.20666647E+001
3.37500000E+003, 2.57871428E+001
3.37750000E+003, 2.98037434E+001
3.38000000E+003, 3.53900013E+001
3.38250000E+003, 4.22353143E+001
3.38500000E+003, 3.74881852E+001
3.38750000E+003, 3.26294026E+001
3.39000000E+003, 2.94003684E+001
3.39250000E+003, 2.77957654E+001
3.39500000E+003, 2.53221457E+001
3.39750000E+003, 2.40203785E+001
3.40000000E+003, 2.28482269E+001
3.40250000E+003, 2.18386342E+001
3.40500000E+003, 1.98016322E+001
3.40750000E+003, 2.01297501E+001
3.41000000E+003, 1.98096250E+001
3.41250000E+003, 1.80590415E+001
3.41500000E+003, 1.78459502E+001
3.41750000E+003, 1.72608808E+001
3.42000000E+003, 1.72352505E+001
3.42250000E+003, 1.43496108E+001
3.42500000E+003, 1.56247062E+001
3.42750000E+003, 1.39968214E+001
3.43000000E+003, 1.35685143E+001
3.43250000E+003, 1.23145673E+001
3.43500000E+003, 1.42363581E+001
3.43750000E+003, 1.18193668E+001
3.44000000E+003, 1.22997768E+001
3.44250000E+003, 9.12615121E+000
3.44500000E+003, 8.17954513E+000
3.44750000E+003, 1.19275849E+001
3.45000000E+003, 3.02378836E+000
3.45250000E+003, 1.02628960E+001
3.45500000E+003, 3.29963145E+000
3.45750000E+003, 5.01229156E+000
3.46000000E+003, 4.85845653E+000
3.46250000E+003, 4.22251160E+000
3.46500000E+003, -3.82020397E-002
3.46750000E+003, 3.00280364E+000
3.47000000E+003, 3.23721315E+000
3.47250000E+003, 1.67965699E+000
3.47500000E+003, 1.75367782E+000
3.47750000E+003, 1.91019339E+000
3.48000000E+003, -4.55375032E+000
3.48250000E+003, 1.60790000E+000
3.48500000E+003, 1.61467206E-001
3.48750000E+003, -3.70335051E+000
3.49000000E+003, 5.68691831E+000
3.49250000E+003, 1.27438698E+001
3.49500000E+003, 6.39521934E+000
3.49750000E+003, 1.04956124E+001
3.50000000E+003, 1.05236365E+001
3.50250000E+003, 1.06479789E+001
3.50500000E+003, 1.21856463E+001
3.50750000E+003, 1.38200942E+001
3.51000000E+003, 1.48183584E+001
3.51250000E+003, 1.61770588E+001
3.51500000E+003, 1.81265902E+001
3.51750000E+003, 1.72204944E+001
3.52000000E+003, 1.98519268E+001
3.52250000E+003, 2.11053818E+001
3.52500000E+003, 2.07992962E+001
3.52750000E+003, 2.24274770E+001
3.53000000E+003, 2.34019513E+001
3.53250000E+003, 2.45099664E+001
3.53500000E+003, 2.55564706E+001
3.53750000E+003, 2.69001972E+001
3.54000000E+003, 2.80163455E+001
3.54250000E+003, 2.95524124E+001
3.54500000E+003, 3.17653000E+001
3.54750000E+003, 3.29416951E+001
3.55000000E+003, 3.49876261E+001
3.55250000E+003, 3.71119013E+001
3.55500000E+003, 3.86747612E+001
3.55750000E+003, 3.88991979E+001
3.56000000E+003, 3.89058861E+001
3.56250000E+003, 3.76586253E+001
3.56500000E+003, 3.65528324E+001
3.56750000E+003, 3.52988128E+001
3.57000000E+003, 3.42494106E+001
3.57250000E+003, 3.32915606E+001
3.57500000E+003, 3.24594672E+001
3.57750000E+003, 3.16095795E+001
3.58000000E+003, 3.10356672E+001
3.58250000E+003, 3.04987930E+001
3.58500000E+003, 2.99651376E+001
3.58750000E+003, 2.96620755E+001
3.59000000E+003, 2.89319313E+001
3.59250000E+003, 2.91139439E+001
3.59500000E+003, 2.88791283E+001
3.59750000E+003, 2.82149262E+001
3.60000000E+003, 2.76530740E+001
3.60250000E+003, 2.77711340E+001
3.60500000E+003, 2.69810501E+001
3.60750000E+003, 2.69562493E+001
3.61000000E+003, 2.71257685E+001
3.61250000E+003, 2.69128727E+001
3.61500000E+003, 2.66863166E+001
3.61750000E+003, 2.66301093E+001
3.62000000E+003, 2.65140065E+001
3.62250000E+003, 2.67697073E+001
3.62500000E+003, 2.70184807E+001
3.62750000E+003, 2.68827602E+001
3.63000000E+003, 2.65684994E+001
3.63250000E+003, 2.62156113E+001
3.63500000E+003, 2.65941038E+001
3.63750000E+003, 2.68525827E+001
3.64000000E+003, 2.72810995E+001
3.64250000E+003, 2.66109573E+001
3.64500000E+003, 2.63772292E+001
3.64750000E+003, 2.69130907E+001
3.65000000E+003, 2.70005515E+001
3.65250000E+003, 2.73404354E+001
3.65500000E+003, 2.75206402E+001
3.65750000E+003, 2.72593126E+001
3.66000000E+003, 2.78517285E+001
3.66250000E+003, 2.78640236E+001
3.66500000E+003, 2.80894419E+001
3.66750000E+003, 2.80281709E+001
3.67000000E+003, 2.85792718E+001
3.67250000E+003, 2.87105370E+001
3.67500000E+003, 2.91876893E+001
3.67750000E+003, 2.93035005E+001
3.68000000E+003, 2.96606986E+001
3.68250000E+003, 3.02734060E+001
3.68500000E+003, 3.07724846E+001
3.68750000E+003, 3.11864007E+001
3.69000000E+003, 3.16907820E+001
3.69250000E+003, 3.24241527E+001
3.69500000E+003, 3.30869421E+001
3.69750000E+003, 3.37414862E+001
3.70000000E+003, 3.43025734E+001
3.70250000E+003, 3.54697449E+001
3.70500000E+003, 3.63567407E+001
3.70750000E+003, 3.77205906E+001
3.71000000E+003, 3.93717342E+001
3.71250000E+003, 4.11059928E+001
3.71500000E+003, 4.38330406E+001
3.71750000E+003, 4.71626873E+001
3.72000000E+003, 5.19214559E+001
3.72250000E+003, 5.19275853E+001
3.72500000E+003, 4.70520630E+001
3.72750000E+003, 4.32282620E+001
3.73000000E+003, 4.03163818E+001
3.73250000E+003, 3.80567395E+001
3.73500000E+003, 3.61094188E+001
3.73750000E+003, 3.41500801E+001
3.74000000E+003, 3.29605107E+001
3.74250000E+003, 3.18885765E+001
3.74500000E+003, 3.01049142E+001
3.74750000E+003, 2.97314847E+001
3.75000000E+003, 2.81937795E+001
3.75250000E+003, 2.71189858E+001
3.75500000E+003, 2.60675893E+001
3.75750000E+003, 2.47829491E+001
3.76000000E+003, 2.29979184E+001
3.76250000E+003, 2.01989888E+001
3.76500000E+003, 1.65629896E+001
3.76750000E+003, 1.77267846E+001
3.77000000E+003, 3.05647345E+001
3.77250000E+003, 3.49235006E+001
3.77500000E+003, 3.03583017E+001
3.77750000E+003, 2.82735858E+001
3.78000000E+003, 2.64295442E+001
3.78250000E+003, 2.59730929E+001
3.78500000E+003, 2.44775900E+001
3.78750000E+003, 2.37804138E+001
3.79000000E+003, 2.29925626E+001
3.79250000E+003, 2.27206169E+001
3.79500000E+003, 2.26479859E+001
3.79750000E+003, 2.17932233E+001
3.80000000E+003, 2.07795693E+001
3.80250000E+003, 2.06771258E+001
3.80500000E+003, 2.04714716E+001
3.80750000E+003, 1.90342695E+001
3.81000000E+003, 1.89039047E+001
3.81250000E+003, 1.88521543E+001
3.81500000E+003, 1.85140113E+001
3.81750000E+003, 1.89096292E+001
3.82000000E+003, 1.84686262E+001
3.82250000E+003, 1.67829288E+001
3.82500000E+003, 1.76567514E+001
3.82750000E+003, 1.65288160E+001
3.83000000E+003, 1.79523268E+001
3.83250000E+003, 1.54540545E+001
3.83500000E+003, 1.61006012E+001
3.83750000E+003, 1.69189197E+001
3.84000000E+003, 1.51403459E+001
3.84250000E+003, 1.68037720E+001
3.84500000E+003, 1.38217262E+001
3.84750000E+003, 1.31763519E+001
3.85000000E+003, 1.37356742E+001
3.85250000E+003, 1.11781821E+001
3.85500000E+003, 1.61171437E+001
3.85750000E+003, 1.28549012E+001
3.86000000E+003, 1.28881595E+001
3.86250000E+003, 1.42681790E+001
3.86500000E+003, 1.12099210E+001
3.86750000E+003, 1.29480426E+001
3.87000000E+003, 1.01565884E+001
3.87250000E+003, 1.22095364E+001
3.87500000E+003, 1.15516362E+001
3.87750000E+003, 1.10723521E+001
3.88000000E+003, 1.29480384E+001
3.88250000E+003, 1.06651589E+001
3.88500000E+003, 1.01448513E+001
3.88750000E+003, 1.17807798E+001
3.89000000E+003, 1.13091568E+001
3.89250000E+003, -9.90322999E-001
3.89500000E+003, 1.10000386E+001
3.89750000E+003, 8.12948783E+000
3.90000000E+003, 9.85159644E+000
3.90250000E+003, 1.22277328E+001
3.90500000E+003, 1.04003085E+001
3.90750000E+003, 9.96539940E+000
3.91000000E+003, 1.02984338E+001
3.91250000E+003, 6.46393892E+000
3.91500000E+003, 5.47639223E+000
3.91750000E+003, 9.72099862E+000
3.92000000E+003, 3.31513305E+000
3.92250000E+003, 4.95830576E+000
3.92500000E+003, 1.00922086E+001
3.92750000E+003, 1.04346055E+001
3.93000000E+003, 5.62569860E+000
3.93250000E+003, 6.03180804E+000
3.93500000E+003, 5.86176732E+000
3.93750000E+003, -1.48946517E+001
3.94000000E+003, 9.36860014E+000
3.94250000E+003, -2.69770256E+000
3.94500000E+003, 9.51598665E+000
3.94750000E+003, 7.31857770E+000
3.95000000E+003, 4.59381252E+000
3.95250000E+003, 6.49061290E+000
3.95500000E+003, -3.88696390E-003
3.95750000E+003, 2.52918614E+000
3.96000000E+003, 9.12762181E+000
3.96250000E+003, -2.03552573E-001
3.96500000E+003, 1.11222499E+000
3.96750000E+003, -1.29881351E+001
3.97000000E+003, 5.49856480E+000
3.97250000E+003, 4.87923510E+000
3.97500000E+003, 1.56718880E+000
3.97750000E+003, -3.48196723E+001
3.98000000E+003, 1.35774607E+000
3.98250000E+003, -3.07700318E-001
3.98500000E+003, 3.38771774E+000
3.98750000E+003, 6.05977609E+000
3.99000000E+003, 4.42298171E+000
3.99250000E+003, 1.98499133E+000
3.99500000E+003, 2.62680844E+000
3.99750000E+003, -7.62500819E+000
4.00000000E+003, 1.42369514E+000
